#,Wave/freq,Total,N2,H2O,Rayleigh,CIA
4.000000000e-01,8.89926e-03,9.99999e-01,9.99466e-01,8.90400e-03,9.99999e-01
4.020000000e-01,9.77203e-03,9.99999e-01,9.99667e-01,9.77527e-03,9.99999e-01
4.040100000e-01,1.07095e-02,9.99999e-01,9.99859e-01,1.07110e-02,9.99999e-01
4.060300500e-01,1.17147e-02,9.99999e-01,9.99966e-01,1.17151e-02,9.99999e-01
4.080602003e-01,1.27905e-02,9.99999e-01,9.99989e-01,1.27906e-02,9.99999e-01
4.101005013e-01,1.39407e-02,9.99999e-01,9.99998e-01,1.39407e-02,9.99999e-01
4.121510038e-01,1.51681e-02,9.99999e-01,9.99980e-01,1.51684e-02,9.99999e-01
4.142117588e-01,1.64744e-02,9.99999e-01,9.99855e-01,1.64767e-02,9.99999e-01
4.162828176e-01,1.78569e-02,9.99999e-01,9.99339e-01,1.78687e-02,9.99999e-01
4.183642317e-01,1.93396e-02,9.99999e-01,9.99607e-01,1.93472e-02,9.99999e-01
4.204560528e-01,2.09101e-02,9.99999e-01,9.99758e-01,2.09152e-02,9.99999e-01
4.225583331e-01,2.25734e-02,9.99999e-01,9.99909e-01,2.25754e-02,9.99999e-01
4.246711247e-01,2.43291e-02,9.99999e-01,9.99928e-01,2.43308e-02,9.99999e-01
4.267944804e-01,2.61811e-02,9.99999e-01,9.99893e-01,2.61838e-02,9.99999e-01
4.289284528e-01,2.81349e-02,9.99999e-01,9.99918e-01,2.81372e-02,9.99999e-01
4.310730950e-01,3.01923e-02,9.99999e-01,9.99964e-01,3.01934e-02,9.99999e-01
4.332284605e-01,3.23544e-02,9.99999e-01,9.99990e-01,3.23547e-02,9.99999e-01
4.353946028e-01,3.46233e-02,9.99999e-01,9.99995e-01,3.46234e-02,9.99999e-01
4.375715758e-01,3.69993e-02,9.99999e-01,9.99936e-01,3.70016e-02,9.99999e-01
4.397594337e-01,3.94688e-02,9.99999e-01,9.99428e-01,3.94913e-02,9.99999e-01
4.419582309e-01,4.19727e-02,9.99999e-01,9.97109e-01,4.20944e-02,9.99999e-01
4.441680220e-01,4.47090e-02,9.99999e-01,9.97689e-01,4.48125e-02,9.99999e-01
4.463888621e-01,4.75335e-02,9.99999e-01,9.97612e-01,4.76472e-02,9.99999e-01
4.486208064e-01,5.05245e-02,9.99999e-01,9.98508e-01,5.05999e-02,9.99999e-01
4.508639105e-01,5.36343e-02,9.99999e-01,9.99302e-01,5.36718e-02,9.99999e-01
4.531182300e-01,5.68482e-02,9.99999e-01,9.99723e-01,5.68639e-02,9.99999e-01
4.553838212e-01,6.01659e-02,9.99999e-01,9.99813e-01,6.01771e-02,9.99999e-01
4.576607403e-01,6.36068e-02,9.99999e-01,9.99913e-01,6.36123e-02,9.99999e-01
4.599490440e-01,6.71657e-02,9.99999e-01,9.99938e-01,6.71698e-02,9.99999e-01
4.622487892e-01,7.08493e-02,9.99999e-01,9.99989e-01,7.08500e-02,9.99999e-01
4.645600332e-01,7.46502e-02,9.99999e-01,9.99958e-01,7.46532e-02,9.99999e-01
4.668828333e-01,7.85246e-02,9.99999e-01,9.99302e-01,7.85794e-02,9.99999e-01
4.692172475e-01,8.25045e-02,9.99999e-01,9.98500e-01,8.26284e-02,9.99999e-01
4.715633337e-01,8.67149e-02,9.99999e-01,9.99021e-01,8.67998e-02,9.99999e-01
4.739211504e-01,9.10075e-02,9.99999e-01,9.99059e-01,9.10931e-02,9.99999e-01
4.762907561e-01,9.54610e-02,9.99999e-01,9.99511e-01,9.55076e-02,9.99999e-01
4.786722099e-01,1.00023e-01,9.99999e-01,9.99800e-01,1.00043e-01,9.99999e-01
4.810655710e-01,1.04691e-01,9.99999e-01,9.99940e-01,1.04697e-01,9.99999e-01
4.834708988e-01,1.09408e-01,9.99999e-01,9.99439e-01,1.09469e-01,9.99999e-01
4.858882533e-01,1.14237e-01,9.99999e-01,9.98935e-01,1.14359e-01,9.99999e-01
4.883176946e-01,1.19258e-01,9.99999e-01,9.99115e-01,1.19363e-01,9.99999e-01
4.907592831e-01,1.24381e-01,9.99999e-01,9.99195e-01,1.24481e-01,9.99999e-01
4.932130795e-01,1.29637e-01,9.99999e-01,9.99429e-01,1.29711e-01,9.99999e-01
4.956791449e-01,1.35011e-01,9.99999e-01,9.99698e-01,1.35051e-01,9.99999e-01
4.981575406e-01,1.40289e-01,9.99999e-01,9.98502e-01,1.40499e-01,9.99999e-01
5.006483283e-01,1.45486e-01,9.99999e-01,9.96147e-01,1.46053e-01,9.99973e-01
5.031515699e-01,1.48722e-01,9.99999e-01,9.80511e-01,1.51709e-01,9.99792e-01
5.056673278e-01,1.55793e-01,9.99999e-01,9.89605e-01,1.57467e-01,9.99762e-01
5.081956644e-01,1.61157e-01,9.99999e-01,9.86886e-01,1.63323e-01,9.99846e-01
5.107366428e-01,1.67768e-01,9.99999e-01,9.91126e-01,1.69274e-01,9.99971e-01
5.132903260e-01,1.74426e-01,9.99999e-01,9.94910e-01,1.75319e-01,9.99996e-01
5.158567776e-01,1.81062e-01,9.99999e-01,9.97845e-01,1.81453e-01,9.99999e-01
5.184360615e-01,1.87513e-01,9.99999e-01,9.99138e-01,1.87675e-01,9.99999e-01
5.210282418e-01,1.93918e-01,9.99999e-01,9.99679e-01,1.93980e-01,9.99999e-01
5.236333830e-01,2.00107e-01,9.99999e-01,9.98712e-01,2.00367e-01,9.99990e-01
5.262515499e-01,2.06662e-01,9.99999e-01,9.99191e-01,2.06832e-01,9.99987e-01
5.288828077e-01,2.13212e-01,9.99999e-01,9.99263e-01,2.13371e-01,9.99991e-01
5.315272217e-01,2.19838e-01,9.99999e-01,9.99346e-01,2.19982e-01,9.99997e-01
5.341848578e-01,2.26565e-01,9.99999e-01,9.99576e-01,2.26661e-01,9.99999e-01
5.368557821e-01,2.33056e-01,9.99999e-01,9.98508e-01,2.33404e-01,9.99996e-01
5.395400610e-01,2.38916e-01,9.99999e-01,9.94658e-01,2.40210e-01,9.99955e-01
5.422377613e-01,2.45312e-01,9.99999e-01,9.92996e-01,2.47073e-01,9.99873e-01
5.449489501e-01,2.52316e-01,9.99999e-01,9.93533e-01,2.53991e-01,9.99868e-01
5.476736949e-01,2.59437e-01,9.99999e-01,9.94223e-01,2.60961e-01,9.99935e-01
5.504120634e-01,2.66850e-01,9.99999e-01,9.95807e-01,2.67978e-01,9.99981e-01
5.531641237e-01,2.74459e-01,9.99999e-01,9.97888e-01,2.75040e-01,9.99997e-01
5.559299443e-01,2.81855e-01,9.99999e-01,9.98980e-01,2.82143e-01,9.99999e-01
5.587095940e-01,2.89099e-01,9.99999e-01,9.99363e-01,2.89283e-01,9.99999e-01
5.615031420e-01,2.96248e-01,9.99999e-01,9.99290e-01,2.96458e-01,9.99998e-01
5.643106577e-01,3.03422e-01,9.99999e-01,9.99206e-01,3.03664e-01,9.99993e-01
5.671322110e-01,3.07919e-01,9.99999e-01,9.90495e-01,3.10898e-01,9.99921e-01
5.699678720e-01,3.14758e-01,9.99999e-01,9.89583e-01,3.18156e-01,9.99734e-01
5.728177114e-01,3.21863e-01,9.99999e-01,9.89244e-01,3.25435e-01,9.99778e-01
5.756818000e-01,3.29394e-01,9.99999e-01,9.90102e-01,3.32731e-01,9.99864e-01
5.785602090e-01,3.37090e-01,9.99999e-01,9.91356e-01,3.40043e-01,9.99959e-01
5.814530100e-01,3.44350e-01,9.99999e-01,9.91337e-01,3.47366e-01,9.99981e-01
5.843602750e-01,3.51053e-01,9.99999e-01,9.89781e-01,3.54697e-01,9.99941e-01
5.872820764e-01,3.31605e-01,9.99999e-01,9.16524e-01,3.62034e-01,9.99373e-01
5.902184868e-01,3.30927e-01,9.99999e-01,8.97446e-01,3.69373e-01,9.98293e-01
5.931695792e-01,3.48735e-01,9.99999e-01,9.27275e-01,3.76711e-01,9.98338e-01
5.961354271e-01,3.52929e-01,9.99999e-01,9.19898e-01,3.84046e-01,9.98996e-01
5.991161043e-01,3.68030e-01,9.99999e-01,9.40626e-01,3.91375e-01,9.99707e-01
6.021116848e-01,3.85048e-01,9.99999e-01,9.65807e-01,3.98694e-01,9.99963e-01
6.051222432e-01,3.98910e-01,9.99999e-01,9.82534e-01,4.06002e-01,9.99997e-01
6.081478544e-01,4.10170e-01,9.99999e-01,9.92436e-01,4.13296e-01,9.99999e-01
6.111885937e-01,4.19221e-01,9.99999e-01,9.96785e-01,4.20572e-01,9.99999e-01
6.142445367e-01,4.27216e-01,9.99999e-01,9.98566e-01,4.27829e-01,9.99999e-01
6.173157594e-01,4.34721e-01,9.99999e-01,9.99210e-01,4.35065e-01,9.99999e-01
6.204023382e-01,4.41982e-01,9.99999e-01,9.99335e-01,4.42276e-01,9.99998e-01
6.235043498e-01,4.48161e-01,9.99999e-01,9.97115e-01,4.49461e-01,9.99992e-01
6.266218716e-01,4.49517e-01,9.99999e-01,9.84558e-01,4.56617e-01,9.99890e-01
6.297549810e-01,4.61004e-01,9.99999e-01,9.94311e-01,4.63742e-01,9.99781e-01
6.329037559e-01,4.65450e-01,9.99999e-01,9.88736e-01,4.70835e-01,9.99824e-01
6.360682746e-01,4.73279e-01,9.99999e-01,9.90448e-01,4.77893e-01,9.99896e-01
6.392486160e-01,4.78881e-01,9.99999e-01,9.87605e-01,4.84913e-01,9.99953e-01
6.424448591e-01,4.84570e-01,9.99999e-01,9.85177e-01,4.91896e-01,9.99926e-01
6.456570834e-01,4.62268e-01,9.99999e-01,9.27086e-01,4.98838e-01,9.99572e-01
6.488853688e-01,4.72821e-01,9.99999e-01,9.36032e-01,5.05738e-01,9.98802e-01
6.521297956e-01,4.83646e-01,9.99999e-01,9.44475e-01,5.12594e-01,9.98994e-01
6.553904446e-01,4.90226e-01,9.99999e-01,9.44532e-01,5.19405e-01,9.99246e-01
6.586673968e-01,5.00807e-01,9.99999e-01,9.52031e-01,5.26170e-01,9.99753e-01
6.619607338e-01,5.17877e-01,9.99999e-01,9.71885e-01,5.32886e-01,9.99946e-01
6.652705375e-01,5.30669e-01,9.99999e-01,9.83560e-01,5.39553e-01,9.99972e-01
6.685968902e-01,5.41981e-01,9.99999e-01,9.92337e-01,5.46169e-01,9.99995e-01
6.719398746e-01,5.50764e-01,9.99999e-01,9.96437e-01,5.52733e-01,9.99999e-01
6.752995740e-01,5.58169e-01,9.99999e-01,9.98078e-01,5.59244e-01,9.99998e-01
6.786760719e-01,5.64139e-01,9.99999e-01,9.97242e-01,5.65701e-01,9.99995e-01
6.820694522e-01,5.69380e-01,9.99999e-01,9.95265e-01,5.72102e-01,9.99974e-01
6.854797995e-01,5.74889e-01,9.99999e-01,9.93900e-01,5.78448e-01,9.99946e-01
6.889071985e-01,5.76240e-01,9.99999e-01,9.85599e-01,5.84736e-01,9.99867e-01
6.923517345e-01,4.66899e-01,9.99999e-01,7.90974e-01,5.90967e-01,9.98842e-01
6.958134932e-01,5.26160e-01,9.99999e-01,8.83441e-01,5.97139e-01,9.97388e-01
6.992925606e-01,5.35134e-01,9.99999e-01,8.89125e-01,6.03252e-01,9.97701e-01
7.027890234e-01,5.25391e-01,9.99999e-01,8.63803e-01,6.09304e-01,9.98236e-01
7.063029686e-01,5.43159e-01,9.99999e-01,8.83535e-01,6.15296e-01,9.99121e-01
7.098344834e-01,5.51191e-01,9.99999e-01,8.87722e-01,6.21227e-01,9.99480e-01
7.133836558e-01,5.37209e-01,9.99999e-01,8.57545e-01,6.27096e-01,9.98967e-01
7.169505741e-01,2.15072e-01,9.99999e-01,3.42591e-01,6.32903e-01,9.91905e-01
7.205353270e-01,3.55271e-01,9.99999e-01,5.64321e-01,6.38648e-01,9.85762e-01
7.241380036e-01,3.07739e-01,9.99999e-01,4.83606e-01,6.44329e-01,9.87602e-01
7.277586936e-01,3.34447e-01,9.99999e-01,5.19936e-01,6.49948e-01,9.89688e-01
7.313974871e-01,3.16716e-01,9.99999e-01,4.85460e-01,6.55503e-01,9.95270e-01
7.350544745e-01,4.41022e-01,9.99999e-01,6.68310e-01,6.60994e-01,9.98353e-01
7.387297469e-01,4.92279e-01,9.99999e-01,7.39246e-01,6.66422e-01,9.99245e-01
7.424233956e-01,5.78316e-01,9.99999e-01,8.60988e-01,6.71785e-01,9.99854e-01
7.461355126e-01,6.18259e-01,9.99999e-01,9.13141e-01,6.77085e-01,9.99973e-01
7.498661902e-01,6.53927e-01,9.99999e-01,9.58395e-01,6.82320e-01,9.99990e-01
7.536155211e-01,6.73331e-01,9.99999e-01,9.79407e-01,6.87492e-01,9.99994e-01
7.573835987e-01,6.85213e-01,9.99999e-01,9.89337e-01,6.92599e-01,9.99998e-01
7.611705167e-01,6.93013e-01,9.99999e-01,9.93364e-01,6.97642e-01,9.99999e-01
7.649763693e-01,6.99702e-01,9.99999e-01,9.95844e-01,7.02621e-01,9.99999e-01
7.688012511e-01,7.05490e-01,9.99999e-01,9.97107e-01,7.07537e-01,9.99999e-01
7.726452574e-01,7.10693e-01,9.99999e-01,9.97621e-01,7.12388e-01,9.99998e-01
7.765084837e-01,7.14768e-01,9.99999e-01,9.96645e-01,7.17176e-01,9.99995e-01
7.803910261e-01,7.11505e-01,9.99999e-01,9.85611e-01,7.21901e-01,9.99985e-01
7.842929812e-01,6.90796e-01,9.99999e-01,9.50861e-01,7.26563e-01,9.99905e-01
7.882144461e-01,6.57971e-01,9.99999e-01,9.00475e-01,7.31162e-01,9.99357e-01
7.921555184e-01,6.93618e-01,9.99999e-01,9.43974e-01,7.35698e-01,9.98758e-01
7.961162960e-01,6.68672e-01,9.99999e-01,9.04476e-01,7.40172e-01,9.98809e-01
8.000968774e-01,6.61035e-01,9.99999e-01,8.88916e-01,7.44584e-01,9.98733e-01
8.040973618e-01,6.65385e-01,9.99999e-01,8.89336e-01,7.48934e-01,9.98994e-01
8.081178486e-01,5.82730e-01,9.99999e-01,7.74378e-01,7.53223e-01,9.99056e-01
8.121584379e-01,2.78505e-01,9.99999e-01,3.69053e-01,7.57451e-01,9.96297e-01
8.162192301e-01,2.31778e-01,9.99999e-01,3.08597e-01,7.61619e-01,9.86145e-01
8.203003262e-01,4.38904e-01,9.99999e-01,5.82626e-01,7.65726e-01,9.83796e-01
8.244018279e-01,3.76083e-01,9.99999e-01,4.94955e-01,7.69774e-01,9.87083e-01
8.285238370e-01,3.68080e-01,9.99999e-01,4.80583e-01,7.73763e-01,9.89841e-01
8.326664562e-01,3.71487e-01,9.99999e-01,4.79698e-01,7.77693e-01,9.95786e-01
8.368297885e-01,4.51011e-01,9.99999e-01,5.77618e-01,7.81565e-01,9.99035e-01
8.410139374e-01,5.63704e-01,9.99999e-01,7.18152e-01,7.85379e-01,9.99435e-01
8.452190071e-01,6.69208e-01,9.99999e-01,8.48312e-01,7.89136e-01,9.99662e-01
8.494451021e-01,7.20280e-01,9.99999e-01,9.08731e-01,7.92836e-01,9.99729e-01
8.536923276e-01,7.52370e-01,9.99999e-01,9.44787e-01,7.96479e-01,9.99820e-01
8.579607893e-01,7.72595e-01,9.99999e-01,9.65708e-01,8.00067e-01,9.99951e-01
8.622505932e-01,7.85932e-01,9.99999e-01,9.78020e-01,8.03600e-01,9.99992e-01
8.665618462e-01,7.96095e-01,9.99999e-01,9.86394e-01,8.07078e-01,9.99995e-01
8.708946554e-01,7.97908e-01,9.99999e-01,9.84469e-01,8.10503e-01,9.99991e-01
8.752491287e-01,7.96969e-01,9.99999e-01,9.79250e-01,8.13873e-01,9.99977e-01
8.796253743e-01,7.93845e-01,9.99999e-01,9.71494e-01,8.17191e-01,9.99935e-01
8.840235012e-01,7.93644e-01,9.99999e-01,9.67515e-01,8.20456e-01,9.99798e-01
8.884436187e-01,7.34832e-01,9.99999e-01,8.92656e-01,8.23669e-01,9.99426e-01
8.928858368e-01,2.80803e-01,9.99999e-01,3.40739e-01,8.26831e-01,9.96694e-01
8.973502660e-01,1.21700e-01,9.99999e-01,1.49147e-01,8.29943e-01,9.83171e-01
9.018370173e-01,3.04339e-01,9.99999e-01,3.75231e-01,8.33004e-01,9.73667e-01
9.063462024e-01,3.42098e-01,9.99999e-01,4.18905e-01,8.36016e-01,9.76831e-01
9.108779334e-01,2.10039e-01,9.99999e-01,2.56524e-01,8.38979e-01,9.75935e-01
9.154323231e-01,1.66528e-01,9.99999e-01,2.01824e-01,8.41893e-01,9.80067e-01
9.200094847e-01,2.45679e-01,9.99999e-01,2.94122e-01,8.44760e-01,9.88794e-01
9.246095321e-01,1.49285e-01,9.99999e-01,1.78432e-01,8.47580e-01,9.87100e-01
9.292325798e-01,1.57171e-03,9.99999e-01,1.94430e-03,8.50353e-01,9.50625e-01
9.338787427e-01,7.95547e-06,9.99999e-01,1.14970e-05,8.53080e-01,8.11129e-01
9.385481364e-01,5.56519e-03,9.99999e-01,8.34161e-03,8.55762e-01,7.79608e-01
9.432408771e-01,1.90612e-03,9.99999e-01,2.75258e-03,8.58399e-01,8.06715e-01
9.479570815e-01,4.32799e-05,9.99999e-01,5.98692e-05,8.60992e-01,8.39620e-01
9.526968669e-01,3.40746e-04,9.99999e-01,4.38987e-04,8.63541e-01,8.98866e-01
9.574603512e-01,6.18361e-04,9.99999e-01,7.53739e-04,8.66047e-01,9.47281e-01
9.622476530e-01,2.22270e-03,9.99999e-01,2.65686e-03,8.68511e-01,9.63243e-01
9.670588912e-01,2.50404e-02,9.99999e-01,2.94971e-02,8.70932e-01,9.74713e-01
9.718941857e-01,6.08941e-02,9.99999e-01,7.10547e-02,8.73313e-01,9.81323e-01
9.767536566e-01,9.57581e-02,9.99999e-01,1.10943e-01,8.75653e-01,9.85695e-01
9.816374249e-01,1.57241e-01,9.99999e-01,1.79995e-01,8.77952e-01,9.95026e-01
9.865456120e-01,2.91451e-01,9.99999e-01,3.31458e-01,8.80213e-01,9.98961e-01
9.914783401e-01,4.39384e-01,9.99999e-01,4.98066e-01,8.82434e-01,9.99711e-01
9.964357318e-01,6.04066e-01,9.99999e-01,6.82970e-01,8.84616e-01,9.99831e-01
1.001417910e+00,7.04228e-01,9.99999e-01,7.94360e-01,8.86761e-01,9.99742e-01
1.006425000e+00,7.78999e-01,9.99999e-01,8.76714e-01,8.88869e-01,9.99633e-01
1.011457125e+00,8.20628e-01,9.99999e-01,9.21393e-01,8.90940e-01,9.99659e-01
1.016514411e+00,8.44510e-01,9.99999e-01,9.45953e-01,8.92974e-01,9.99759e-01
1.021596983e+00,8.56035e-01,9.99999e-01,9.56722e-01,8.94973e-01,9.99758e-01
1.026704968e+00,8.66378e-01,9.99999e-01,9.66085e-01,8.96937e-01,9.99838e-01
1.031838492e+00,8.76527e-01,9.99999e-01,9.75190e-01,8.98866e-01,9.99955e-01
1.036997685e+00,8.87441e-01,9.99999e-01,9.85218e-01,9.00761e-01,9.99992e-01
1.042182673e+00,8.86788e-01,9.99999e-01,9.82460e-01,9.02622e-01,9.99996e-01
1.047393587e+00,8.83432e-01,9.99999e-01,9.76764e-01,9.04451e-01,9.99995e-01
1.052630555e+00,8.77520e-01,9.99999e-01,9.68308e-01,9.06247e-01,9.99991e-01
1.057893707e+00,8.60612e-01,9.99999e-01,9.47816e-01,9.08010e-01,9.99981e-01
1.063183176e+00,8.33090e-01,9.99999e-01,9.15784e-01,9.09743e-01,9.99953e-01
1.068499092e+00,7.86834e-01,9.99999e-01,8.63367e-01,9.11444e-01,9.99899e-01
1.073841587e+00,7.70493e-01,9.99999e-01,8.43990e-01,9.13115e-01,9.99781e-01
1.079210795e+00,7.34018e-01,9.99999e-01,8.02894e-01,9.14756e-01,9.99407e-01
1.084606849e+00,6.59072e-01,9.99999e-01,7.20248e-01,9.16367e-01,9.98574e-01
1.090029883e+00,5.78046e-01,9.99999e-01,6.31578e-01,9.17949e-01,9.97047e-01
1.095480033e+00,2.65895e-01,9.99999e-01,2.90723e-01,9.19503e-01,9.94666e-01
1.100957433e+00,5.40917e-02,9.99999e-01,5.93106e-02,9.21029e-01,9.90204e-01
1.106462220e+00,2.34486e-03,9.99999e-01,2.58458e-03,9.22526e-01,9.83440e-01
1.111994531e+00,2.79327e-06,9.99999e-01,3.16004e-06,9.23997e-01,9.56639e-01
1.117554504e+00,2.13734e-08,9.99999e-01,2.71039e-08,9.25441e-01,8.52104e-01
1.123142276e+00,7.68248e-06,9.99999e-01,1.21148e-05,9.26858e-01,6.84178e-01
1.128757988e+00,4.00351e-05,9.99999e-01,6.69050e-05,9.28250e-01,6.44640e-01
1.134401778e+00,7.84524e-05,9.99999e-01,1.23674e-04,9.29616e-01,6.82378e-01
1.140073787e+00,1.03381e-03,9.99999e-01,1.50836e-03,9.30957e-01,7.36214e-01
1.145774156e+00,5.73159e-05,9.99999e-01,8.07815e-05,9.32273e-01,7.61060e-01
1.151503026e+00,5.75171e-06,9.99999e-01,7.17316e-06,9.33566e-01,8.58896e-01
1.157260541e+00,3.36700e-06,9.99999e-01,3.76929e-06,9.34834e-01,9.55539e-01
1.163046844e+00,9.24532e-05,9.99999e-01,1.00048e-04,9.36079e-01,9.87192e-01
1.168862078e+00,1.29893e-03,9.99999e-01,1.39505e-03,9.37301e-01,9.93382e-01
1.174706389e+00,1.22394e-02,9.99999e-01,1.31567e-02,9.38501e-01,9.91236e-01
1.180579921e+00,5.93822e-02,9.99999e-01,6.40409e-02,9.39678e-01,9.86778e-01
1.186482820e+00,1.77300e-01,9.99999e-01,1.91042e-01,9.40834e-01,9.86431e-01
1.192415234e+00,3.46441e-01,9.99999e-01,3.71565e-01,9.41968e-01,9.89821e-01
1.198377311e+00,4.07496e-01,9.99999e-01,4.36285e-01,9.43081e-01,9.90382e-01
1.204369197e+00,4.36220e-01,9.99999e-01,4.66069e-01,9.44173e-01,9.91294e-01
1.210391043e+00,4.47147e-01,9.99999e-01,4.75571e-01,9.45245e-01,9.94696e-01
1.216442998e+00,5.00630e-01,9.99999e-01,5.30767e-01,9.46297e-01,9.96747e-01
1.222525213e+00,5.72610e-01,9.99999e-01,6.05669e-01,9.47329e-01,9.97978e-01
1.228637839e+00,6.67838e-01,9.99999e-01,7.04879e-01,9.48342e-01,9.99059e-01
1.234781029e+00,7.31943e-01,9.99999e-01,7.71211e-01,9.49336e-01,9.99731e-01
1.240954934e+00,8.06091e-01,9.99999e-01,8.48301e-01,9.50312e-01,9.99924e-01
1.247159708e+00,8.36396e-01,9.99999e-01,8.79283e-01,9.51269e-01,9.99951e-01
1.253395507e+00,8.49480e-01,9.99999e-01,8.92171e-01,9.52208e-01,9.99936e-01
1.259662485e+00,8.56017e-01,9.99999e-01,8.98201e-01,9.53130e-01,9.99899e-01
1.265960797e+00,8.03410e-01,9.99999e-01,8.42259e-01,9.54034e-01,9.99832e-01
1.272290601e+00,7.42560e-01,9.99999e-01,7.77843e-01,9.54921e-01,9.99703e-01
1.278652054e+00,5.69888e-01,9.99999e-01,5.96559e-01,9.55791e-01,9.99475e-01
1.285045314e+00,4.32620e-01,9.99999e-01,4.52670e-01,9.56645e-01,9.99019e-01
1.291470541e+00,2.00865e-01,9.99999e-01,2.10145e-01,9.57483e-01,9.98281e-01
1.297927893e+00,1.39028e-01,9.99999e-01,1.45543e-01,9.58305e-01,9.96793e-01
1.304417533e+00,7.89893e-02,9.99999e-01,8.29189e-02,9.59112e-01,9.93219e-01
1.310939621e+00,5.70699e-02,9.99999e-01,6.02900e-02,9.59903e-01,9.86128e-01
1.317494319e+00,4.68711e-02,9.99999e-01,5.00667e-02,9.60679e-01,9.74490e-01
1.324081790e+00,1.50750e-02,9.99999e-01,1.63552e-02,9.61441e-01,9.58687e-01
1.330702199e+00,7.60433e-04,9.99999e-01,8.49954e-04,9.62188e-01,9.29833e-01
1.337355710e+00,3.21706e-16,9.99999e-01,3.84340e-16,9.62921e-01,8.69267e-01
1.344042489e+00,4.73039e-24,9.99999e-01,7.48606e-24,9.63639e-01,6.55734e-01
1.350762701e+00,5.87578e-91,9.99999e-01,2.58411e-90,9.64345e-01,2.35787e-01
1.357516515e+00,5.20848e-141,9.99999e-01,3.74702e-139,9.65037e-01,1.44039e-02
1.364304097e+00,4.49043e-85,9.99999e-01,7.84950e-82,9.65715e-01,5.92373e-04
1.371125618e+00,1.80370e-49,9.99999e-01,2.05974e-46,9.66381e-01,9.06153e-04
1.377981246e+00,5.81144e-48,9.99999e-01,2.43841e-45,9.67034e-01,2.46453e-03
1.384871152e+00,6.59663e-69,9.99999e-01,1.95102e-66,9.67674e-01,3.49406e-03
1.391795508e+00,1.06257e-85,9.99999e-01,2.32184e-83,9.68303e-01,4.72622e-03
1.398754485e+00,6.24631e-64,9.99999e-01,5.28506e-62,9.68919e-01,1.21979e-02
1.405748258e+00,3.89821e-63,9.99998e-01,5.28510e-62,9.69523e-01,7.60769e-02
1.412776999e+00,1.20096e-60,9.99997e-01,4.01320e-60,9.70116e-01,3.08470e-01
1.419840884e+00,5.68649e-60,9.99995e-01,9.81127e-60,9.70698e-01,5.97083e-01
1.426940089e+00,1.32397e-37,9.99995e-01,2.01693e-37,9.71268e-01,6.75848e-01
1.434074789e+00,1.41073e-33,9.99995e-01,2.30483e-33,9.71827e-01,6.29820e-01
1.441245163e+00,3.08962e-27,9.99997e-01,5.24263e-27,9.72376e-01,6.06067e-01
1.448451389e+00,8.07609e-17,9.99993e-01,1.28691e-16,9.72914e-01,6.45026e-01
1.455693646e+00,1.50516e-11,9.99997e-01,2.17491e-11,9.73442e-01,7.10936e-01
1.462972114e+00,1.68845e-11,9.99998e-01,2.40026e-11,9.73960e-01,7.22249e-01
1.470286975e+00,2.50533e-12,9.99998e-01,3.54000e-12,9.74468e-01,7.26263e-01
1.477638409e+00,4.14775e-12,9.99998e-01,5.27955e-12,9.74966e-01,8.05796e-01
1.485026601e+00,8.14198e-11,9.99999e-01,9.21893e-11,9.75454e-01,9.05403e-01
1.492451734e+00,4.29161e-08,9.99999e-01,4.59262e-08,9.75933e-01,9.57501e-01
1.499913993e+00,1.15161e-05,9.99999e-01,1.20175e-05,9.76403e-01,9.81441e-01
1.507413563e+00,1.62794e-04,9.99999e-01,1.68121e-04,9.76863e-01,9.91245e-01
1.514950631e+00,2.85421e-03,9.99999e-01,2.93247e-03,9.77315e-01,9.95902e-01
1.522525384e+00,1.93936e-02,9.99999e-01,1.98648e-02,9.77758e-01,9.98490e-01
1.530138011e+00,5.18657e-02,9.99999e-01,5.30497e-02,9.78192e-01,9.99476e-01
1.537788701e+00,1.68244e-01,9.99999e-01,1.71961e-01,9.78619e-01,9.99764e-01
1.545477645e+00,3.27268e-01,9.99999e-01,3.34318e-01,9.79036e-01,9.99873e-01
1.553205033e+00,3.92998e-01,9.99999e-01,4.01274e-01,9.79446e-01,9.99927e-01
1.560971058e+00,5.49235e-01,9.99999e-01,5.60559e-01,9.79848e-01,9.99948e-01
1.568775913e+00,6.68237e-01,9.99999e-01,6.81733e-01,9.80242e-01,9.99957e-01
1.576619793e+00,7.26974e-01,9.99999e-01,7.41365e-01,9.80629e-01,9.99957e-01
1.584502892e+00,8.17994e-01,9.99999e-01,8.33880e-01,9.81008e-01,9.99938e-01
1.592425406e+00,8.29227e-01,9.99999e-01,8.45029e-01,9.81379e-01,9.99918e-01
1.600387533e+00,8.74186e-01,9.99999e-01,8.90514e-01,9.81744e-01,9.99918e-01
1.608389471e+00,8.70798e-01,9.99999e-01,8.86735e-01,9.82101e-01,9.99923e-01
1.616431418e+00,8.69190e-01,9.99999e-01,8.84780e-01,9.82451e-01,9.99925e-01
1.624513575e+00,8.62876e-01,9.99999e-01,8.78049e-01,9.82795e-01,9.99921e-01
1.632636143e+00,8.01258e-01,9.99999e-01,8.15097e-01,9.83132e-01,9.99885e-01
1.640799324e+00,7.51092e-01,9.99999e-01,7.63856e-01,9.83462e-01,9.99822e-01
1.649003321e+00,6.94438e-01,9.99999e-01,7.06050e-01,9.83786e-01,9.99762e-01
1.657248337e+00,6.25546e-01,9.99999e-01,6.35818e-01,9.84104e-01,9.99735e-01
1.665534579e+00,5.36856e-01,9.99999e-01,5.45505e-01,9.84415e-01,9.99722e-01
1.673862252e+00,4.21573e-01,9.99999e-01,4.28260e-01,9.84721e-01,9.99659e-01
1.682231563e+00,4.88661e-01,9.99999e-01,4.96341e-01,9.85020e-01,9.99497e-01
1.690642721e+00,2.84381e-01,9.99999e-01,2.88845e-01,9.85314e-01,9.99217e-01
1.699095934e+00,2.48586e-01,9.99999e-01,2.52522e-01,9.85602e-01,9.98790e-01
1.707591414e+00,2.26089e-01,9.99999e-01,2.29752e-01,9.85884e-01,9.98141e-01
1.716129371e+00,1.56378e-01,9.99999e-01,1.59002e-01,9.86161e-01,9.97294e-01
1.724710018e+00,7.78007e-02,9.99999e-01,7.91830e-02,9.86433e-01,9.96055e-01
1.733333568e+00,4.04839e-02,9.99999e-01,4.12853e-02,9.86699e-01,9.93806e-01
1.742000236e+00,5.32235e-03,9.99999e-01,5.44600e-03,9.86960e-01,9.90205e-01
1.750710237e+00,1.36104e-04,9.99999e-01,1.40061e-04,9.87216e-01,9.84333e-01
1.759463788e+00,1.62684e-06,9.99999e-01,1.69210e-06,9.87467e-01,9.73632e-01
1.768261107e+00,2.76754e-11,9.99999e-01,2.93409e-11,9.87713e-01,9.54967e-01
1.777102413e+00,3.36338e-17,9.99999e-01,3.65922e-17,9.87954e-01,9.30357e-01
1.785987925e+00,8.92167e-32,9.99999e-01,1.01414e-31,9.88190e-01,8.90241e-01
1.794917864e+00,9.84153e-39,9.99999e-01,1.25147e-38,9.88422e-01,7.95606e-01
1.803892454e+00,8.27415e-76,9.99999e-01,1.35251e-75,9.88650e-01,6.18785e-01
1.812911916e+00,1.90062e-104,9.99999e-01,5.14456e-104,9.88873e-01,3.73599e-01
1.821976476e+00,3.27307e-105,9.99999e-01,2.90604e-104,9.89091e-01,1.13872e-01
1.831086358e+00,1.34057e-115,9.99999e-01,2.08066e-113,9.89306e-01,6.51267e-03
1.840241790e+00,1.23335e-94,9.99999e-01,6.09162e-91,9.89516e-01,2.04611e-04
1.849442999e+00,2.67093e-91,9.99999e-01,7.37471e-87,9.89722e-01,3.65935e-05
1.858690214e+00,2.10528e-143,9.99999e-01,5.75674e-139,9.89924e-01,3.69428e-05
1.867983665e+00,5.08504e-148,9.99999e-01,6.15401e-144,9.90122e-01,8.34538e-05
1.877323583e+00,7.78310e-57,9.99999e-01,3.13919e-53,9.90316e-01,2.50357e-04
1.886710201e+00,4.34860e-46,9.99999e-01,6.14816e-43,9.90506e-01,7.14079e-04
1.896143752e+00,2.29790e-43,9.99999e-01,2.79882e-40,9.90693e-01,8.28736e-04
1.905624471e+00,6.17923e-87,9.99999e-01,3.99049e-84,9.90876e-01,1.56274e-03
1.915152593e+00,1.82957e-101,9.99999e-01,1.86838e-99,9.91055e-01,9.88060e-03
1.924728356e+00,1.25894e-112,9.99999e-01,1.72873e-111,9.91231e-01,7.34687e-02
1.934351998e+00,3.60449e-129,9.99999e-01,1.26833e-128,9.91403e-01,2.86655e-01
1.944023758e+00,2.86988e-65,9.99999e-01,4.48297e-65,9.91573e-01,6.45615e-01
1.953743877e+00,6.18070e-64,9.99999e-01,7.48395e-64,9.91738e-01,8.32739e-01
1.963512596e+00,6.70902e-41,9.99999e-01,7.41930e-41,9.91901e-01,9.11647e-01
1.973330159e+00,1.67663e-28,9.99999e-01,1.77382e-28,9.92060e-01,9.52770e-01
1.983196810e+00,2.24717e-16,9.99999e-01,2.32567e-16,9.92216e-01,9.73827e-01
1.993112794e+00,4.64557e-13,9.99999e-01,4.74946e-13,9.92369e-01,9.85645e-01
2.003078358e+00,5.25950e-07,9.99999e-01,5.34236e-07,9.92520e-01,9.91908e-01
2.013093750e+00,5.34783e-06,9.99999e-01,5.41348e-06,9.92667e-01,9.95169e-01
2.023159218e+00,5.01968e-04,9.99999e-01,5.07327e-04,9.92811e-01,9.96600e-01
2.033275015e+00,6.73226e-03,9.99998e-01,6.79869e-03,9.92953e-01,9.97255e-01
2.043441390e+00,4.16245e-02,9.99995e-01,4.20357e-02,9.93091e-01,9.97106e-01
2.053658597e+00,5.57880e-02,9.99988e-01,5.63938e-02,9.93227e-01,9.96008e-01
2.063926890e+00,1.14695e-01,9.99973e-01,1.16169e-01,9.93361e-01,9.93928e-01
2.074246524e+00,1.53730e-01,9.99946e-01,1.56247e-01,9.93491e-01,9.90377e-01
2.084617757e+00,2.79336e-01,9.99916e-01,2.85482e-01,9.93619e-01,9.84818e-01
2.095040845e+00,3.61264e-01,9.99872e-01,3.72056e-01,9.93745e-01,9.77208e-01
2.105516050e+00,4.14136e-01,9.99845e-01,4.30496e-01,9.93868e-01,9.68053e-01
2.116043630e+00,4.24673e-01,9.99858e-01,4.44683e-01,9.93989e-01,9.60891e-01
2.126623848e+00,5.76958e-01,9.99878e-01,6.07041e-01,9.94107e-01,9.56179e-01
2.137256967e+00,5.88330e-01,9.99893e-01,6.22124e-01,9.94223e-01,9.51265e-01
2.147943252e+00,5.92903e-01,9.99951e-01,6.33206e-01,9.94337e-01,9.41722e-01
2.158682968e+00,6.09184e-01,9.99654e-01,6.57160e-01,9.94449e-01,9.32474e-01
2.169476383e+00,6.03200e-01,9.99880e-01,6.40295e-01,9.94558e-01,9.47322e-01
2.180323765e+00,5.78694e-01,9.99931e-01,6.05443e-01,9.94665e-01,9.61001e-01
2.191225384e+00,5.29324e-01,9.99927e-01,5.50071e-01,9.94770e-01,9.67397e-01
2.202181511e+00,4.53777e-01,9.99941e-01,4.67921e-01,9.94873e-01,9.74813e-01
2.213192418e+00,4.65817e-01,9.99956e-01,4.76547e-01,9.94974e-01,9.82452e-01
2.224258381e+00,3.97089e-01,9.99964e-01,4.03654e-01,9.95073e-01,9.88633e-01
2.235379672e+00,4.64389e-01,9.99971e-01,4.69860e-01,9.95170e-01,9.93174e-01
2.246556571e+00,2.63842e-01,9.99981e-01,2.66240e-01,9.95265e-01,9.95717e-01
2.257789354e+00,3.53124e-01,9.99989e-01,3.55874e-01,9.95359e-01,9.96906e-01
2.269078300e+00,8.44520e-02,9.99992e-01,8.50574e-02,9.95450e-01,9.97422e-01
2.280423692e+00,1.19517e-01,9.99995e-01,1.20374e-01,9.95540e-01,9.97333e-01
2.291825810e+00,2.30707e-02,9.99996e-01,2.32444e-02,9.95628e-01,9.96884e-01
2.303284939e+00,3.13621e-02,9.99998e-01,3.16314e-02,9.95714e-01,9.95754e-01
2.314801364e+00,3.08197e-03,9.99998e-01,3.11357e-03,9.95798e-01,9.94027e-01
2.326375371e+00,3.57072e-03,9.99999e-01,3.61424e-03,9.95881e-01,9.92043e-01
2.338007248e+00,8.75247e-03,9.99999e-01,8.88429e-03,9.95962e-01,9.89155e-01
2.349697284e+00,4.54300e-05,9.99999e-01,4.62889e-05,9.96042e-01,9.85343e-01
2.361445770e+00,1.38614e-04,9.99999e-01,1.42023e-04,9.96120e-01,9.79800e-01
2.373252999e+00,3.65385e-05,9.99999e-01,3.77236e-05,9.96196e-01,9.72281e-01
2.385119264e+00,1.54990e-08,9.99999e-01,1.61558e-08,9.96271e-01,9.62936e-01
2.397044861e+00,6.80621e-06,9.99999e-01,7.22920e-06,9.96345e-01,9.44941e-01
2.409030085e+00,2.93854e-11,9.99999e-01,3.20234e-11,9.96417e-01,9.20922e-01
2.421075235e+00,9.55291e-10,9.99999e-01,1.07623e-09,9.96488e-01,8.90756e-01
2.433180612e+00,1.29480e-11,9.99999e-01,1.52492e-11,9.96557e-01,8.52030e-01
2.445346515e+00,4.46693e-16,9.99999e-01,5.60301e-16,9.96625e-01,7.99937e-01
2.457573247e+00,2.94656e-26,9.99999e-01,4.10124e-26,9.96691e-01,7.20840e-01
2.469861113e+00,9.75356e-41,9.99999e-01,1.57878e-40,9.96756e-01,6.19801e-01
2.482210419e+00,3.59386e-85,9.99999e-01,7.21537e-85,9.96820e-01,4.99671e-01
2.494621471e+00,6.72244e-147,9.99999e-01,1.86168e-146,9.96883e-01,3.62223e-01
2.507094578e+00,1.47827e-244,9.99999e-01,7.32498e-244,9.96944e-01,2.02431e-01
2.519630051e+00,0.00000e+00,9.99999e-01,0.00000e+00,9.97005e-01,6.42961e-02
2.532228202e+00,0.00000e+00,9.99999e-01,0.00000e+00,9.97064e-01,6.65554e-03
2.544889343e+00,0.00000e+00,9.99999e-01,0.00000e+00,9.97122e-01,4.46002e-05
2.557613789e+00,0.00000e+00,9.99999e-01,0.00000e+00,9.97178e-01,3.22395e-09
2.570401858e+00,0.00000e+00,9.99999e-01,0.00000e+00,9.97234e-01,1.25342e-16
2.583253867e+00,0.00000e+00,9.99999e-01,0.00000e+00,9.97289e-01,1.04994e-23
2.596170137e+00,0.00000e+00,9.99999e-01,0.00000e+00,9.97342e-01,2.05710e-30
2.609150988e+00,0.00000e+00,9.99999e-01,0.00000e+00,9.97394e-01,4.13063e-37
2.622196742e+00,0.00000e+00,9.99999e-01,0.00000e+00,9.97446e-01,6.98738e-38
2.635307726e+00,1.92956e-291,9.99999e-01,1.03868e-256,9.97496e-01,1.86236e-35
2.648484265e+00,0.00000e+00,9.99999e-01,3.33455e-313,9.97546e-01,1.08355e-34
2.661726686e+00,0.00000e+00,9.99999e-01,0.00000e+00,9.97594e-01,3.23071e-35
2.675035320e+00,0.00000e+00,9.99999e-01,0.00000e+00,9.97641e-01,6.46517e-35
2.688410496e+00,0.00000e+00,9.99999e-01,0.00000e+00,9.97688e-01,4.21145e-33
2.701852549e+00,0.00000e+00,9.99999e-01,0.00000e+00,9.97734e-01,4.22009e-32
2.715361811e+00,0.00000e+00,9.99999e-01,0.00000e+00,9.97778e-01,5.04627e-31
2.728938620e+00,0.00000e+00,9.99999e-01,0.00000e+00,9.97822e-01,4.83165e-28
2.742583314e+00,0.00000e+00,9.99999e-01,0.00000e+00,9.97865e-01,1.53420e-22
2.756296230e+00,0.00000e+00,9.99999e-01,0.00000e+00,9.97907e-01,4.64948e-16
2.770077711e+00,0.00000e+00,9.99999e-01,0.00000e+00,9.97948e-01,1.27922e-10
2.783928100e+00,0.00000e+00,9.99999e-01,0.00000e+00,9.97989e-01,1.11412e-07
2.797847740e+00,0.00000e+00,9.99999e-01,0.00000e+00,9.98029e-01,2.36340e-05
2.811836979e+00,0.00000e+00,9.99999e-01,0.00000e+00,9.98067e-01,1.44261e-03
2.825896164e+00,0.00000e+00,9.99999e-01,0.00000e+00,9.98106e-01,1.46922e-02
2.840025645e+00,0.00000e+00,9.99999e-01,0.00000e+00,9.98143e-01,4.71340e-02
2.854225773e+00,0.00000e+00,9.99999e-01,0.00000e+00,9.98180e-01,1.00327e-01
2.868496902e+00,0.00000e+00,9.99999e-01,0.00000e+00,9.98215e-01,2.13866e-01
2.882839386e+00,1.97626e-323,9.99999e-01,5.92879e-323,9.98251e-01,3.53432e-01
2.897253583e+00,1.30463e-275,9.99999e-01,2.83663e-275,9.98285e-01,4.60713e-01
2.911739851e+00,8.78499e-183,9.99999e-01,1.59755e-182,9.98319e-01,5.50828e-01
2.926298550e+00,5.54277e-122,9.99999e-01,8.61777e-122,9.98352e-01,6.44239e-01
2.940930043e+00,6.56916e-120,9.99999e-01,9.36545e-120,9.98385e-01,7.02559e-01
2.955634693e+00,3.46259e-121,9.99999e-01,4.75323e-121,9.98417e-01,7.29625e-01
2.970412867e+00,1.71877e-101,9.99999e-01,2.26821e-101,9.98448e-01,7.58942e-01
2.985264931e+00,1.32139e-79,9.99999e-01,1.71185e-79,9.98478e-01,7.73084e-01
3.000191256e+00,2.20189e-58,9.99999e-01,2.86867e-58,9.98508e-01,7.68709e-01
3.015192212e+00,5.34906e-58,9.99999e-01,7.25670e-58,9.98538e-01,7.38198e-01
3.030268173e+00,9.55413e-50,9.99999e-01,1.38405e-49,9.98567e-01,6.91293e-01
3.045419514e+00,4.77626e-55,9.99999e-01,7.33097e-55,9.98595e-01,6.52433e-01
3.060646612e+00,4.71152e-36,9.99999e-01,7.88333e-36,9.98623e-01,5.98479e-01
3.075949845e+00,8.82984e-35,9.99999e-01,1.56442e-34,9.98650e-01,5.65179e-01
3.091329594e+00,1.25454e-29,9.99999e-01,2.30058e-29,9.98676e-01,5.46038e-01
3.106786242e+00,2.97377e-29,9.99999e-01,5.44318e-29,9.98703e-01,5.47038e-01
3.122320173e+00,6.98485e-24,9.99999e-01,1.23377e-23,9.98728e-01,5.66857e-01
3.137931774e+00,5.98020e-24,9.99999e-01,9.83933e-24,9.98753e-01,6.08543e-01
3.153621433e+00,2.75382e-13,9.99999e-01,4.31339e-13,9.98778e-01,6.39216e-01
3.169389540e+00,4.69340e-13,9.99999e-01,7.47644e-13,9.98802e-01,6.28510e-01
3.185236488e+00,1.44748e-15,9.99999e-01,2.47628e-15,9.98826e-01,5.85224e-01
3.201162670e+00,3.39751e-30,9.99999e-01,6.21641e-30,9.98849e-01,5.47169e-01
3.217168483e+00,1.03954e-24,9.99999e-01,2.00560e-24,9.98871e-01,5.18903e-01
3.233254326e+00,4.36672e-16,9.99999e-01,8.32165e-16,9.98894e-01,5.25323e-01
3.249420598e+00,8.61522e-11,9.99999e-01,1.53472e-10,9.98916e-01,5.61962e-01
3.265667701e+00,7.71708e-14,9.99999e-01,1.28340e-13,9.98937e-01,6.01937e-01
3.281996039e+00,2.51771e-14,9.99999e-01,3.85642e-14,9.98958e-01,6.53540e-01
3.298406019e+00,7.79247e-17,9.99999e-01,1.09998e-16,9.98978e-01,7.09142e-01
3.314898049e+00,2.55272e-20,9.99999e-01,3.30044e-20,9.98999e-01,7.74224e-01
3.331472540e+00,4.08748e-18,9.99999e-01,4.91650e-18,9.99018e-01,8.32196e-01
3.348129902e+00,3.48944e-19,9.99999e-01,3.98239e-19,9.99038e-01,8.77061e-01
3.364870552e+00,2.12931e-16,9.99999e-01,2.56052e-16,9.99057e-01,8.32377e-01
3.381694905e+00,9.41688e-12,9.99999e-01,1.06840e-11,9.99075e-01,8.82216e-01
3.398603379e+00,2.36406e-11,9.99999e-01,2.66900e-11,9.99093e-01,8.86550e-01
3.415596396e+00,6.92122e-08,9.99999e-01,7.76599e-08,9.99111e-01,8.92013e-01
3.432674378e+00,1.33217e-07,9.99999e-01,1.42023e-07,9.99129e-01,9.38811e-01
3.449837750e+00,1.51050e-05,9.99999e-01,1.57770e-05,9.99146e-01,9.58221e-01
3.467086939e+00,3.25893e-04,9.99999e-01,3.42263e-04,9.99163e-01,9.52966e-01
3.484422373e+00,5.33447e-04,9.99999e-01,5.63463e-04,9.99179e-01,9.47504e-01
3.501844485e+00,1.12668e-02,9.99999e-01,1.16968e-02,9.99196e-01,9.64017e-01
3.519353708e+00,2.58653e-02,9.99999e-01,2.62320e-02,9.99211e-01,9.86799e-01
3.536950476e+00,3.31065e-02,9.99999e-01,3.33781e-02,9.99227e-01,9.92628e-01
3.554635228e+00,1.13475e-01,9.99999e-01,1.14898e-01,9.99242e-01,9.88354e-01
3.572408405e+00,1.21096e-01,9.99999e-01,1.22995e-01,9.99257e-01,9.85291e-01
3.590270447e+00,2.18130e-01,9.99999e-01,2.21903e-01,9.99272e-01,9.83713e-01
3.608221799e+00,3.02513e-01,9.99999e-01,3.09508e-01,9.99286e-01,9.78094e-01
3.626262908e+00,3.54737e-01,9.99999e-01,3.64643e-01,9.99300e-01,9.73513e-01
3.644394222e+00,5.25002e-01,9.99999e-01,5.44672e-01,9.99314e-01,9.64546e-01
3.662616193e+00,3.62928e-01,9.99999e-01,3.80156e-01,9.99328e-01,9.55322e-01
3.680929274e+00,1.90743e-01,9.99999e-01,2.02370e-01,9.99341e-01,9.43168e-01
3.699333921e+00,4.33683e-01,9.99998e-01,4.67231e-01,9.99354e-01,9.28798e-01
3.717830590e+00,5.04481e-01,9.99996e-01,5.54444e-01,9.99367e-01,9.10463e-01
3.736419743e+00,4.40933e-01,9.99992e-01,4.98495e-01,9.99379e-01,8.85082e-01
3.755101842e+00,4.08831e-01,9.99985e-01,4.76016e-01,9.99391e-01,8.59392e-01
3.773877351e+00,4.46611e-01,9.99971e-01,5.41421e-01,9.99403e-01,8.25399e-01
3.792746738e+00,3.72936e-01,9.99952e-01,4.78345e-01,9.99415e-01,7.80126e-01
3.811710472e+00,2.98008e-01,9.99903e-01,4.08539e-01,9.99427e-01,7.29926e-01
3.830769024e+00,2.56456e-01,9.99852e-01,3.81603e-01,9.99438e-01,6.72513e-01
3.849922869e+00,1.64168e-01,9.99727e-01,2.71423e-01,9.99449e-01,6.05300e-01
3.869172484e+00,1.25533e-01,9.99609e-01,2.36781e-01,9.99460e-01,5.30597e-01
3.888518346e+00,1.74870e-01,9.99318e-01,3.94010e-01,9.99471e-01,4.44329e-01
3.907960938e+00,1.27142e-01,9.99162e-01,3.62729e-01,9.99481e-01,3.50947e-01
3.927500742e+00,1.18293e-02,9.98551e-01,4.57894e-02,9.99491e-01,2.58644e-01
3.947138246e+00,4.52742e-03,9.97973e-01,2.61611e-02,9.99501e-01,1.73350e-01
3.966873937e+00,6.31517e-04,9.97684e-01,6.15740e-03,9.99511e-01,1.02715e-01
3.986708307e+00,1.08360e-02,9.96227e-01,2.02976e-01,9.99521e-01,5.35374e-02
4.006641849e+00,1.28885e-02,9.95073e-01,5.34712e-01,9.99530e-01,2.42121e-02
4.026675058e+00,4.56734e-03,9.95981e-01,4.75478e-01,9.99539e-01,9.64422e-03
4.046808433e+00,1.46718e-03,9.95742e-01,4.13198e-01,9.99548e-01,3.56553e-03
4.067042475e+00,4.59986e-04,9.93887e-01,3.53288e-01,9.99557e-01,1.30953e-03
4.087377688e+00,1.67218e-04,9.92871e-01,3.29692e-01,9.99566e-01,5.10458e-04
4.107814576e+00,5.00962e-05,9.91690e-01,2.13573e-01,9.99575e-01,2.36236e-04
4.128353649e+00,1.32146e-05,9.91628e-01,9.38133e-02,9.99583e-01,1.41745e-04
4.148995417e+00,6.82270e-06,9.94259e-01,6.17136e-02,9.99591e-01,1.10989e-04
4.169740394e+00,1.22954e-06,9.94629e-01,1.06604e-02,9.99599e-01,1.15754e-04
4.190589096e+00,6.37194e-07,9.94997e-01,4.44488e-03,9.99607e-01,1.43789e-04
4.211542042e+00,8.47420e-08,9.95369e-01,5.53960e-04,9.99615e-01,1.53300e-04
4.232599752e+00,8.31127e-09,9.97198e-01,7.72345e-05,9.99622e-01,1.07827e-04
4.253762751e+00,2.93030e-10,9.98016e-01,8.19181e-06,9.99630e-01,3.58261e-05
4.275031564e+00,1.46492e-12,9.96808e-01,3.31509e-07,9.99637e-01,4.42707e-06
4.296406722e+00,7.41218e-15,9.68862e-01,3.42400e-09,9.99644e-01,2.18093e-06
4.317888756e+00,9.23354e-14,9.93775e-01,7.15036e-09,9.99651e-01,1.29529e-05
4.339478200e+00,2.14750e-13,9.96343e-01,1.44512e-09,9.99658e-01,1.48886e-04
4.361175591e+00,3.31729e-14,9.97070e-01,5.20542e-11,9.99665e-01,6.38482e-04
4.382981469e+00,5.25333e-14,9.96840e-01,3.97960e-11,9.99672e-01,1.32223e-03
4.404896376e+00,3.22468e-14,9.95593e-01,1.62392e-11,9.99678e-01,1.98903e-03
4.426920858e+00,3.23988e-14,9.95570e-01,1.15280e-11,9.99684e-01,2.81513e-03
4.449055462e+00,2.06894e-15,9.96908e-01,4.98611e-13,9.99691e-01,4.15672e-03
4.471300739e+00,7.61980e-16,9.96781e-01,1.15303e-13,9.99697e-01,6.61859e-03
4.493657243e+00,1.46162e-15,9.97237e-01,1.29131e-13,9.99703e-01,1.13381e-02
4.516125529e+00,1.74596e-16,9.97335e-01,8.76246e-15,9.99708e-01,1.99517e-02
4.538706157e+00,1.19612e-12,9.96846e-01,3.37317e-11,9.99714e-01,3.55021e-02
4.561399688e+00,1.55123e-12,9.97802e-01,2.52105e-11,9.99720e-01,6.15954e-02
4.584206686e+00,6.51590e-13,9.98252e-01,6.42558e-12,9.99725e-01,1.01506e-01
4.607127720e+00,3.42428e-13,9.98289e-01,2.17237e-12,9.99731e-01,1.57756e-01
4.630163358e+00,2.13708e-23,9.98932e-01,9.29278e-23,9.99736e-01,2.30136e-01
4.653314175e+00,1.58864e-23,9.98979e-01,5.08998e-23,9.99741e-01,3.12292e-01
4.676580746e+00,3.42914e-27,9.99024e-01,8.61414e-27,9.99746e-01,3.98291e-01
4.699963650e+00,4.74415e-26,9.99473e-01,9.82520e-26,9.99751e-01,4.83084e-01
4.723463468e+00,3.34141e-31,9.99363e-01,5.96767e-31,9.99756e-01,5.60156e-01
4.747080785e+00,1.57112e-24,9.99675e-01,2.51682e-24,9.99761e-01,6.24495e-01
4.770816189e+00,4.68697e-28,9.99694e-01,6.92573e-28,9.99766e-01,6.76980e-01
4.794670270e+00,1.04764e-44,9.99739e-01,1.45928e-44,9.99770e-01,7.18146e-01
4.818643622e+00,5.48789e-45,9.99848e-01,7.33382e-45,9.99775e-01,7.48514e-01
4.842736840e+00,5.82669e-54,9.99831e-01,7.60624e-54,9.99779e-01,7.66244e-01
4.866950524e+00,1.43489e-39,9.99921e-01,1.85937e-39,9.99784e-01,7.71905e-01
4.891285276e+00,3.94234e-51,9.99918e-01,5.14981e-51,9.99788e-01,7.65713e-01
4.915741703e+00,1.16347e-51,9.99953e-01,1.54048e-51,9.99792e-01,7.55432e-01
4.940320411e+00,6.56766e-54,9.99961e-01,8.97722e-54,9.99796e-01,7.31751e-01
4.965022013e+00,9.88769e-77,9.99968e-01,1.40727e-76,9.99800e-01,7.02761e-01
4.989847123e+00,7.00683e-70,9.99983e-01,1.03840e-69,9.99804e-01,6.74910e-01
5.014796359e+00,5.14887e-80,9.99981e-01,8.09812e-80,9.99808e-01,6.35934e-01
5.039870341e+00,5.00894e-81,9.99991e-01,8.46235e-81,9.99812e-01,5.92021e-01
5.065069693e+00,9.69875e-81,9.99991e-01,1.83499e-80,9.99815e-01,5.28642e-01
5.090395041e+00,3.55399e-123,9.99998e-01,7.57886e-123,9.99819e-01,4.69019e-01
5.115847016e+00,1.82040e-122,9.99999e-01,4.54558e-122,9.99823e-01,4.00548e-01
5.141426251e+00,2.26409e-162,9.99994e-01,7.03142e-162,9.99826e-01,3.22052e-01
5.167133383e+00,4.14985e-189,9.99999e-01,1.59462e-188,9.99829e-01,2.60284e-01
5.192969049e+00,3.24223e-189,9.99999e-01,1.59565e-188,9.99833e-01,2.03226e-01
5.218933895e+00,1.04346e-304,9.99999e-01,7.12995e-304,9.99836e-01,1.46373e-01
5.245028564e+00,4.96114e-231,9.99999e-01,5.20853e-230,9.99839e-01,9.52653e-02
5.271253707e+00,9.45308e-238,9.99999e-01,1.77555e-236,9.99842e-01,5.32485e-02
5.297609976e+00,1.05356e-293,9.99999e-01,3.98520e-292,9.99846e-01,2.64409e-02
5.324098025e+00,4.45366e-294,9.99999e-01,3.92319e-292,9.99849e-01,1.13538e-02
5.350718516e+00,0.00000e+00,9.99999e-01,0.00000e+00,9.99852e-01,3.50040e-03
5.377472108e+00,0.00000e+00,9.99999e-01,0.00000e+00,9.99854e-01,1.12383e-03
5.404359469e+00,0.00000e+00,9.99999e-01,0.00000e+00,9.99857e-01,3.00185e-04
5.431381266e+00,0.00000e+00,9.99999e-01,0.00000e+00,9.99860e-01,8.87418e-05
5.458538172e+00,0.00000e+00,9.99999e-01,0.00000e+00,9.99863e-01,1.78033e-05
5.485830863e+00,0.00000e+00,9.99999e-01,0.00000e+00,9.99866e-01,2.04702e-06
5.513260018e+00,0.00000e+00,9.99999e-01,0.00000e+00,9.99868e-01,2.03125e-07
5.540826318e+00,0.00000e+00,9.99999e-01,0.00000e+00,9.99871e-01,1.26987e-08
5.568530449e+00,0.00000e+00,9.99999e-01,0.00000e+00,9.99873e-01,5.72115e-10
5.596373101e+00,0.00000e+00,9.99999e-01,0.00000e+00,9.99876e-01,2.04909e-11
5.624354967e+00,0.00000e+00,9.99999e-01,0.00000e+00,9.99878e-01,5.12445e-13
5.652476742e+00,0.00000e+00,9.99999e-01,0.00000e+00,9.99881e-01,8.04686e-15
5.680739126e+00,0.00000e+00,9.99999e-01,0.00000e+00,9.99883e-01,7.35871e-17
5.709142821e+00,0.00000e+00,9.99999e-01,0.00000e+00,9.99885e-01,4.96008e-19
5.737688535e+00,0.00000e+00,9.99999e-01,0.00000e+00,9.99887e-01,9.45127e-22
5.766376978e+00,0.00000e+00,9.99999e-01,0.00000e+00,9.99890e-01,6.21458e-25
5.795208863e+00,0.00000e+00,9.99999e-01,0.00000e+00,9.99892e-01,1.29978e-28
5.824184907e+00,0.00000e+00,9.99999e-01,0.00000e+00,9.99894e-01,1.80160e-32
5.853305832e+00,0.00000e+00,9.99999e-01,0.00000e+00,9.99896e-01,4.68497e-36
5.882572361e+00,0.00000e+00,9.99999e-01,0.00000e+00,9.99898e-01,4.10835e-39
5.911985223e+00,0.00000e+00,9.99999e-01,0.00000e+00,9.99900e-01,6.97491e-42
5.941545149e+00,0.00000e+00,9.99999e-01,0.00000e+00,9.99902e-01,2.17524e-44
5.971252874e+00,0.00000e+00,9.99999e-01,0.00000e+00,9.99904e-01,6.55566e-46
6.001109139e+00,0.00000e+00,9.99999e-01,0.00000e+00,9.99906e-01,2.18406e-46
6.031114685e+00,0.00000e+00,9.99999e-01,0.00000e+00,9.99908e-01,7.41286e-46
6.061270258e+00,0.00000e+00,9.99999e-01,0.00000e+00,9.99909e-01,2.10053e-44
6.091576609e+00,0.00000e+00,9.99999e-01,0.00000e+00,9.99911e-01,1.78137e-42
6.122034492e+00,0.00000e+00,9.99999e-01,0.00000e+00,9.99913e-01,4.76452e-40
6.152644665e+00,0.00000e+00,9.99999e-01,0.00000e+00,9.99915e-01,2.39267e-37
6.183407888e+00,0.00000e+00,9.99999e-01,0.00000e+00,9.99916e-01,5.28453e-35
6.214324928e+00,9.48767e-262,9.99999e-01,7.28149e-229,9.99918e-01,1.30309e-33
6.245396552e+00,3.19673e-190,9.99999e-01,2.54410e-157,9.99920e-01,1.25663e-33
6.276623535e+00,2.16007e-192,9.99999e-01,3.99391e-158,9.99921e-01,5.40882e-35
6.308006653e+00,5.11498e-194,9.99999e-01,1.99465e-157,9.99923e-01,2.56454e-37
6.339546686e+00,0.00000e+00,9.99999e-01,0.00000e+00,9.99924e-01,3.69264e-40
6.371244419e+00,0.00000e+00,9.99999e-01,0.00000e+00,9.99926e-01,4.12403e-43
6.403100641e+00,0.00000e+00,9.99999e-01,0.00000e+00,9.99927e-01,7.56511e-46
6.435116145e+00,0.00000e+00,9.99999e-01,0.00000e+00,9.99929e-01,1.29134e-47
6.467291725e+00,0.00000e+00,9.99999e-01,0.00000e+00,9.99930e-01,1.95986e-48
6.499628184e+00,0.00000e+00,9.99999e-01,0.00000e+00,9.99931e-01,2.67039e-48
6.532126325e+00,0.00000e+00,9.99999e-01,0.00000e+00,9.99933e-01,3.31087e-47
6.564786956e+00,0.00000e+00,9.99999e-01,0.00000e+00,9.99934e-01,8.42273e-45
6.597610891e+00,0.00000e+00,9.99999e-01,0.00000e+00,9.99935e-01,7.63564e-42
6.630598946e+00,0.00000e+00,9.99999e-01,0.00000e+00,9.99936e-01,1.28940e-38
6.663751940e+00,0.00000e+00,9.99999e-01,0.00000e+00,9.99938e-01,2.12012e-35
6.697070700e+00,0.00000e+00,9.99999e-01,0.00000e+00,9.99939e-01,3.18093e-32
6.730556054e+00,0.00000e+00,9.99999e-01,0.00000e+00,9.99940e-01,3.44544e-29
6.764208834e+00,0.00000e+00,9.99999e-01,0.00000e+00,9.99941e-01,3.39771e-26
6.798029878e+00,0.00000e+00,9.99999e-01,0.00000e+00,9.99942e-01,4.09113e-23
6.832020027e+00,0.00000e+00,9.99999e-01,0.00000e+00,9.99944e-01,1.52062e-20
6.866180128e+00,0.00000e+00,9.99999e-01,0.00000e+00,9.99945e-01,3.17339e-18
6.900511028e+00,0.00000e+00,9.99999e-01,0.00000e+00,9.99946e-01,4.22872e-16
6.935013583e+00,0.00000e+00,9.99999e-01,0.00000e+00,9.99947e-01,4.18575e-14
6.969688651e+00,0.00000e+00,9.99999e-01,0.00000e+00,9.99948e-01,3.10838e-12
7.004537095e+00,0.00000e+00,9.99999e-01,0.00000e+00,9.99949e-01,1.71249e-10
7.039559780e+00,0.00000e+00,9.99999e-01,0.00000e+00,9.99950e-01,6.72718e-09
7.074757579e+00,0.00000e+00,9.99999e-01,0.00000e+00,9.99951e-01,1.25447e-07
7.110131367e+00,0.00000e+00,9.99999e-01,0.00000e+00,9.99952e-01,1.73931e-06
7.145682024e+00,0.00000e+00,9.99999e-01,0.00000e+00,9.99953e-01,1.81398e-05
7.181410434e+00,0.00000e+00,9.99999e-01,0.00000e+00,9.99954e-01,1.27249e-04
7.217317486e+00,0.00000e+00,9.99999e-01,0.00000e+00,9.99954e-01,6.39497e-04
7.253404073e+00,0.00000e+00,9.99999e-01,0.00000e+00,9.99955e-01,2.55782e-03
7.289671094e+00,0.00000e+00,9.99999e-01,0.00000e+00,9.99956e-01,7.83676e-03
7.326119449e+00,0.00000e+00,9.99999e-01,0.00000e+00,9.99957e-01,2.02783e-02
7.362750046e+00,0.00000e+00,9.99999e-01,0.00000e+00,9.99958e-01,4.58340e-02
7.399563797e+00,0.00000e+00,9.99999e-01,0.00000e+00,9.99959e-01,8.59141e-02
7.436561616e+00,0.00000e+00,9.99999e-01,0.00000e+00,9.99959e-01,1.38908e-01
7.473744424e+00,0.00000e+00,9.99999e-01,0.00000e+00,9.99960e-01,2.10754e-01
7.511113146e+00,0.00000e+00,9.99999e-01,0.00000e+00,9.99961e-01,2.98498e-01
7.548668712e+00,0.00000e+00,9.99999e-01,0.00000e+00,9.99962e-01,3.77265e-01
7.586412055e+00,0.00000e+00,9.99999e-01,0.00000e+00,9.99963e-01,4.58674e-01
7.624344115e+00,0.00000e+00,9.99999e-01,0.00000e+00,9.99963e-01,5.35816e-01
7.662465836e+00,2.33063e-306,9.99999e-01,3.87637e-306,9.99964e-01,6.01260e-01
7.700778165e+00,2.50133e-306,9.99999e-01,3.77996e-306,9.99965e-01,6.61757e-01
7.739282056e+00,0.00000e+00,9.99999e-01,0.00000e+00,9.99965e-01,7.08699e-01
7.777978466e+00,0.00000e+00,9.99999e-01,0.00000e+00,9.99966e-01,7.54109e-01
7.816868359e+00,1.04332e-284,9.99999e-01,1.30882e-284,9.99967e-01,7.97166e-01
7.855952700e+00,1.05297e-284,9.99999e-01,1.27452e-284,9.99967e-01,8.26199e-01
7.895232464e+00,2.74586e-282,9.99999e-01,3.22937e-282,9.99968e-01,8.50303e-01
7.934708626e+00,1.95712e-164,9.99999e-01,2.24684e-164,9.99969e-01,8.71083e-01
7.974382169e+00,3.81717e-127,9.99999e-01,4.30980e-127,9.99969e-01,8.85720e-01
8.014254080e+00,3.17168e-127,9.99999e-01,3.52322e-127,9.99970e-01,9.00246e-01
8.054325351e+00,4.57636e-119,9.99999e-01,5.00433e-119,9.99970e-01,9.14506e-01
8.094596977e+00,1.88076e-96,9.99999e-01,2.02686e-96,9.99971e-01,9.27942e-01
8.135069962e+00,3.24533e-96,9.99999e-01,3.45108e-96,9.99971e-01,9.40406e-01
8.175745312e+00,7.83204e-97,9.99999e-01,8.25279e-97,9.99972e-01,9.49041e-01
8.216624039e+00,8.71055e-82,9.99999e-01,9.11031e-82,9.99972e-01,9.56144e-01
8.257707159e+00,1.11167e-47,9.99999e-01,1.15558e-47,9.99973e-01,9.62031e-01
8.298995695e+00,1.79313e-46,9.99999e-01,1.85692e-46,9.99974e-01,9.65671e-01
8.340490673e+00,1.91843e-49,9.99999e-01,1.97953e-49,9.99974e-01,9.69159e-01
8.382193126e+00,3.58477e-39,9.99999e-01,3.68505e-39,9.99975e-01,9.72810e-01
8.424104092e+00,1.37594e-39,9.99999e-01,1.40960e-39,9.99975e-01,9.76140e-01
8.466224613e+00,3.26963e-42,9.99999e-01,3.33905e-42,9.99975e-01,9.79232e-01
8.508555736e+00,5.78789e-32,9.99999e-01,5.89839e-32,9.99976e-01,9.81287e-01
8.551098514e+00,9.21915e-24,9.99999e-01,9.37795e-24,9.99976e-01,9.83088e-01
8.593854007e+00,4.61846e-16,9.99999e-01,4.69215e-16,9.99977e-01,9.84316e-01
8.636823277e+00,1.61209e-15,9.99999e-01,1.63569e-15,9.99977e-01,9.85593e-01
8.680007393e+00,1.09556e-19,9.99999e-01,1.11009e-19,9.99978e-01,9.86928e-01
8.723407430e+00,2.98597e-20,9.99999e-01,3.02144e-20,9.99978e-01,9.88280e-01
8.767024467e+00,3.13799e-22,9.99999e-01,3.17089e-22,9.99979e-01,9.89644e-01
8.810859590e+00,2.26963e-14,9.99999e-01,2.29169e-14,9.99979e-01,9.90395e-01
8.854913888e+00,4.57313e-10,9.99999e-01,4.61435e-10,9.99979e-01,9.91087e-01
8.899188457e+00,2.57243e-10,9.99999e-01,2.59423e-10,9.99980e-01,9.91615e-01
8.943684399e+00,6.50174e-15,9.99999e-01,6.55374e-15,9.99980e-01,9.92083e-01
8.988402821e+00,7.52079e-16,9.99999e-01,7.57804e-16,9.99980e-01,9.92462e-01
9.033344836e+00,1.73041e-15,9.99999e-01,1.74287e-15,9.99981e-01,9.92866e-01
9.078511560e+00,2.81606e-12,9.99999e-01,2.83514e-12,9.99981e-01,9.93287e-01
9.123904118e+00,2.60206e-10,9.99999e-01,2.61914e-10,9.99982e-01,9.93495e-01
9.169523638e+00,7.29401e-09,9.99999e-01,7.34074e-09,9.99982e-01,9.93649e-01
9.215371256e+00,2.34414e-07,9.99999e-01,2.35885e-07,9.99982e-01,9.93779e-01
9.261448113e+00,8.28555e-08,9.99999e-01,8.33651e-08,9.99983e-01,9.93903e-01
9.307755353e+00,7.83037e-10,9.99999e-01,7.87787e-10,9.99983e-01,9.93985e-01
9.354294130e+00,4.48799e-11,9.99999e-01,4.51498e-11,9.99983e-01,9.94037e-01
9.401065601e+00,2.88864e-18,9.99999e-01,2.90612e-18,9.99984e-01,9.93998e-01
9.448070929e+00,4.88523e-11,9.99999e-01,4.91518e-11,9.99984e-01,9.93921e-01
9.495311283e+00,3.01223e-08,9.99999e-01,3.03113e-08,9.99984e-01,9.93778e-01
9.542787840e+00,2.27509e-06,9.99999e-01,2.28974e-06,9.99984e-01,9.93614e-01
9.590501779e+00,9.99370e-08,9.99999e-01,1.00600e-07,9.99985e-01,9.93425e-01
9.638454288e+00,2.04667e-09,9.99999e-01,2.06063e-09,9.99985e-01,9.93238e-01
9.686646559e+00,4.67850e-09,9.99999e-01,4.71129e-09,9.99985e-01,9.93052e-01
9.735079792e+00,5.86302e-07,9.99999e-01,5.90548e-07,9.99986e-01,9.92821e-01
9.783755191e+00,1.72165e-07,9.99999e-01,1.73457e-07,9.99986e-01,9.92562e-01
9.832673967e+00,8.51323e-11,9.99999e-01,8.57975e-11,9.99986e-01,9.92258e-01
9.881837337e+00,3.18465e-23,9.99999e-01,3.21059e-23,9.99986e-01,9.91931e-01
9.931246523e+00,1.98118e-09,9.99999e-01,1.99807e-09,9.99987e-01,9.91560e-01
9.980902756e+00,3.53871e-08,9.99999e-01,3.57028e-08,9.99987e-01,9.91168e-01
1.003080727e+01,2.62557e-08,9.99999e-01,2.65011e-08,9.99987e-01,9.90750e-01
1.008096131e+01,3.30234e-07,9.99999e-01,3.33466e-07,9.99987e-01,9.90318e-01
1.013136611e+01,1.59617e-05,9.99999e-01,1.61255e-05,9.99988e-01,9.89852e-01
1.018202294e+01,2.84137e-05,9.99999e-01,2.87193e-05,9.99988e-01,9.89368e-01
1.023293306e+01,1.84768e-06,9.99999e-01,1.86855e-06,9.99988e-01,9.88839e-01
1.028409772e+01,8.72816e-12,9.99999e-01,8.83173e-12,9.99988e-01,9.88283e-01
1.033551821e+01,1.33601e-15,9.99999e-01,1.35267e-15,9.99988e-01,9.87693e-01
1.038719580e+01,1.82551e-18,9.99999e-01,1.84943e-18,9.99989e-01,9.87078e-01
1.043913178e+01,3.02781e-19,9.99999e-01,3.06954e-19,9.99989e-01,9.86413e-01
1.049132744e+01,1.08206e-11,9.99999e-01,1.09776e-11,9.99989e-01,9.85699e-01
1.054378408e+01,4.83133e-11,9.99999e-01,4.90515e-11,9.99989e-01,9.84959e-01
1.059650300e+01,1.26670e-11,9.99999e-01,1.28707e-11,9.99989e-01,9.84181e-01
1.064948551e+01,4.32829e-12,9.99999e-01,4.40151e-12,9.99990e-01,9.83372e-01
1.070273294e+01,6.30379e-15,9.99999e-01,6.41618e-15,9.99990e-01,9.82490e-01
1.075624661e+01,6.44074e-16,9.99999e-01,6.56154e-16,9.99990e-01,9.81598e-01
1.081002784e+01,1.50722e-15,9.99999e-01,1.53696e-15,9.99990e-01,9.80654e-01
1.086407798e+01,1.09658e-19,9.99999e-01,1.11930e-19,9.99990e-01,9.79707e-01
1.091839837e+01,1.37326e-30,9.99999e-01,1.40327e-30,9.99990e-01,9.78620e-01
1.097299036e+01,6.82166e-51,9.99999e-01,6.97854e-51,9.99991e-01,9.77526e-01
1.102785531e+01,1.19023e-61,9.99999e-01,1.21907e-61,9.99991e-01,9.76350e-01
1.108299459e+01,1.34241e-22,9.99999e-01,1.37663e-22,9.99991e-01,9.75147e-01
1.113840956e+01,2.17990e-16,9.99999e-01,2.23840e-16,9.99991e-01,9.73875e-01
1.119410161e+01,1.60396e-14,9.99999e-01,1.64924e-14,9.99991e-01,9.72549e-01
1.125007212e+01,1.29750e-17,9.99999e-01,1.33605e-17,9.99991e-01,9.71157e-01
1.130632248e+01,1.39261e-18,9.99999e-01,1.43623e-18,9.99992e-01,9.69636e-01
1.136285409e+01,7.06353e-16,9.99999e-01,7.29629e-16,9.99992e-01,9.68105e-01
1.141966836e+01,5.21547e-15,9.99999e-01,5.39632e-15,9.99992e-01,9.66492e-01
1.147676670e+01,6.15169e-18,9.99999e-01,6.37569e-18,9.99992e-01,9.64873e-01
1.153415054e+01,5.17414e-20,9.99999e-01,5.37227e-20,9.99992e-01,9.63126e-01
1.159182129e+01,1.93586e-37,9.99999e-01,2.01373e-37,9.99992e-01,9.61338e-01
1.164978039e+01,1.49470e-46,9.99999e-01,1.55788e-46,9.99992e-01,9.59451e-01
1.170802930e+01,6.73420e-66,9.99999e-01,7.03354e-66,9.99993e-01,9.57447e-01
1.176656944e+01,1.89319e-37,9.99999e-01,1.98157e-37,9.99993e-01,9.55406e-01
1.182540229e+01,1.36994e-28,9.99999e-01,1.43736e-28,9.99993e-01,9.53102e-01
1.188452930e+01,1.46025e-27,9.99999e-01,1.53583e-27,9.99993e-01,9.50792e-01
1.194395195e+01,1.74559e-26,9.99999e-01,1.84095e-26,9.99993e-01,9.48206e-01
1.200367171e+01,1.15168e-21,9.99999e-01,1.21805e-21,9.99993e-01,9.45515e-01
1.206369007e+01,7.16860e-24,9.99999e-01,7.60421e-24,9.99993e-01,9.42720e-01
1.212400852e+01,1.98869e-21,9.99999e-01,2.11627e-21,9.99993e-01,9.39721e-01
1.218462856e+01,1.63427e-21,9.99999e-01,1.74469e-21,9.99994e-01,9.36716e-01
1.224555170e+01,7.90630e-27,9.99999e-01,8.46784e-27,9.99994e-01,9.33690e-01
1.230677946e+01,1.54937e-53,9.99999e-01,1.66482e-53,9.99994e-01,9.30656e-01
1.236831336e+01,6.57924e-59,9.99999e-01,7.09359e-59,9.99994e-01,9.27495e-01
1.243015492e+01,1.64270e-111,9.99999e-01,1.77749e-111,9.99994e-01,9.24175e-01
1.249230570e+01,4.77534e-104,9.99999e-01,5.18581e-104,9.99994e-01,9.20850e-01
1.255476723e+01,7.57716e-90,9.99999e-01,8.26044e-90,9.99994e-01,9.17287e-01
1.261754106e+01,1.18304e-40,9.99999e-01,1.29477e-40,9.99994e-01,9.13709e-01
1.268062877e+01,5.45218e-38,9.99999e-01,5.99214e-38,9.99994e-01,9.09892e-01
1.274403191e+01,5.61798e-34,9.99999e-01,6.20252e-34,9.99994e-01,9.05762e-01
1.280775207e+01,7.18481e-33,9.99999e-01,7.96872e-33,9.99995e-01,9.01629e-01
1.287179083e+01,8.75195e-36,9.99999e-01,9.75544e-36,9.99995e-01,8.97139e-01
1.293614979e+01,4.86428e-38,9.99999e-01,5.44960e-38,9.99995e-01,8.92597e-01
1.300083054e+01,3.29397e-45,9.99999e-01,3.70947e-45,9.99995e-01,8.87994e-01
1.306583469e+01,3.87668e-62,9.99999e-01,4.38920e-62,9.99995e-01,8.83235e-01
1.313116386e+01,1.27415e-62,9.99999e-01,1.45041e-62,9.99995e-01,8.78478e-01
1.319681968e+01,6.33829e-69,9.99999e-01,7.25743e-69,9.99995e-01,8.73356e-01
1.326280378e+01,1.94016e-102,9.99999e-01,2.23508e-102,9.99995e-01,8.68054e-01
1.332911780e+01,1.06991e-117,9.99999e-01,1.24013e-117,9.99995e-01,8.62748e-01
1.339576339e+01,5.49197e-118,9.99999e-01,6.41243e-118,9.99995e-01,8.56459e-01
1.346274221e+01,5.91085e-179,9.99999e-01,6.95244e-179,9.99995e-01,8.50186e-01
1.353005592e+01,6.84259e-91,9.99999e-01,8.11220e-91,9.99995e-01,8.43496e-01
1.359770620e+01,1.46281e-86,9.99999e-01,1.74995e-86,9.99995e-01,8.35917e-01
1.366569473e+01,8.98714e-81,9.99999e-01,1.08492e-80,9.99996e-01,8.28368e-01
1.373402320e+01,2.33416e-60,9.99999e-01,2.84419e-60,9.99996e-01,8.20678e-01
1.380269332e+01,1.39352e-58,9.99999e-01,1.71425e-58,9.99996e-01,8.12903e-01
1.387170678e+01,1.51606e-71,9.99999e-01,1.88293e-71,9.99996e-01,8.05164e-01
1.394106532e+01,4.00161e-87,9.99999e-01,5.01792e-87,9.99996e-01,7.97466e-01
1.401077064e+01,1.05185e-102,9.99999e-01,1.33178e-102,9.99996e-01,7.89806e-01
1.408082450e+01,1.85806e-106,9.99999e-01,2.37553e-106,9.99996e-01,7.82171e-01
1.415122862e+01,3.65728e-149,9.99999e-01,4.72443e-149,9.99996e-01,7.74121e-01
1.422198476e+01,1.06015e-204,9.99999e-01,1.38380e-204,9.99996e-01,7.66114e-01
1.429309469e+01,1.81666e-204,9.99999e-01,2.39691e-204,9.99996e-01,7.57919e-01
1.436456016e+01,1.79081e-249,9.99999e-01,2.39185e-249,9.99996e-01,7.48715e-01
1.443638296e+01,7.57115e-293,9.99999e-01,1.02371e-292,9.99996e-01,7.39578e-01
1.450856487e+01,1.45097e-189,9.99999e-01,1.98682e-189,9.99996e-01,7.30297e-01
1.458110770e+01,5.14304e-137,9.99999e-01,7.13732e-137,9.99996e-01,7.20586e-01
1.465401324e+01,5.11938e-126,9.99999e-01,7.20070e-126,9.99996e-01,7.10957e-01
1.472728330e+01,7.45210e-126,9.99999e-01,1.06291e-125,9.99996e-01,7.01106e-01
1.480091972e+01,3.55984e-133,9.99999e-01,5.15303e-133,9.99996e-01,6.90826e-01
1.487492432e+01,2.47059e-236,9.99999e-01,3.62978e-236,9.99997e-01,6.80646e-01
1.494929894e+01,7.99843e-183,9.99999e-01,1.19385e-182,9.99997e-01,6.69968e-01
1.502404544e+01,1.22020e-155,9.99999e-01,1.85298e-155,9.99997e-01,6.58508e-01
1.509916566e+01,1.15135e-152,9.99999e-01,1.77901e-152,9.99997e-01,6.47188e-01
1.517466149e+01,7.93682e-161,9.99999e-01,1.24864e-160,9.99997e-01,6.35636e-01
1.525053480e+01,5.62610e-153,9.99999e-01,9.02139e-153,9.99997e-01,6.23641e-01
1.532678747e+01,3.66346e-173,9.99999e-01,5.98786e-173,9.99997e-01,6.11815e-01
1.540342141e+01,2.93268e-225,9.99999e-01,5.44328e-225,9.99997e-01,5.38772e-01
1.548043852e+01,1.09915e-251,9.99999e-01,2.09928e-251,9.99997e-01,5.23585e-01
1.555784071e+01,1.62921e-316,9.99999e-01,3.19010e-316,9.99997e-01,5.10710e-01
1.563562991e+01,0.00000e+00,9.99999e-01,0.00000e+00,9.99997e-01,4.97922e-01
1.571380806e+01,0.00000e+00,9.99999e-01,0.00000e+00,9.99997e-01,4.84877e-01
1.579237710e+01,0.00000e+00,9.99999e-01,0.00000e+00,9.99997e-01,4.72067e-01
1.587133899e+01,2.07066e-308,9.99999e-01,4.50758e-308,9.99997e-01,4.59373e-01
1.595069568e+01,0.00000e+00,9.99999e-01,0.00000e+00,9.99997e-01,4.44497e-01
1.603044916e+01,0.00000e+00,9.99999e-01,0.00000e+00,9.99997e-01,4.29990e-01
1.611060141e+01,0.00000e+00,9.99999e-01,0.00000e+00,9.99997e-01,4.15862e-01
1.619115441e+01,0.00000e+00,9.99999e-01,0.00000e+00,9.99997e-01,4.01633e-01
1.627211019e+01,0.00000e+00,9.99999e-01,0.00000e+00,9.99997e-01,3.87710e-01
1.635347074e+01,0.00000e+00,9.99999e-01,0.00000e+00,9.99997e-01,3.74199e-01
1.643523809e+01,0.00000e+00,9.99999e-01,0.00000e+00,9.99997e-01,3.60719e-01
1.651741428e+01,0.00000e+00,9.99999e-01,0.00000e+00,9.99997e-01,3.47403e-01
1.660000135e+01,0.00000e+00,9.99999e-01,0.00000e+00,9.99997e-01,3.34505e-01
1.668300136e+01,0.00000e+00,9.99999e-01,0.00000e+00,9.99997e-01,3.22098e-01
1.676641637e+01,0.00000e+00,9.99999e-01,0.00000e+00,9.99997e-01,3.10359e-01
1.685024845e+01,0.00000e+00,9.99999e-01,0.00000e+00,9.99998e-01,2.98973e-01
1.693449969e+01,0.00000e+00,9.99999e-01,0.00000e+00,9.99998e-01,2.87920e-01
1.701917219e+01,0.00000e+00,9.99999e-01,0.00000e+00,9.99998e-01,2.76625e-01
1.710426805e+01,0.00000e+00,9.99999e-01,0.00000e+00,9.99998e-01,2.65625e-01
1.718978939e+01,0.00000e+00,9.99999e-01,0.00000e+00,9.99998e-01,2.55010e-01
1.727573834e+01,0.00000e+00,9.99999e-01,0.00000e+00,9.99998e-01,2.43901e-01
1.736211703e+01,0.00000e+00,9.99999e-01,0.00000e+00,9.99998e-01,2.32297e-01
1.744892761e+01,0.00000e+00,9.99999e-01,0.00000e+00,9.99998e-01,2.21193e-01
1.753617225e+01,0.00000e+00,9.99999e-01,0.00000e+00,9.99998e-01,2.10546e-01
1.762385311e+01,0.00000e+00,9.99999e-01,0.00000e+00,9.99998e-01,2.00196e-01
1.771197238e+01,0.00000e+00,9.99999e-01,0.00000e+00,9.99998e-01,1.90300e-01
1.780053224e+01,0.00000e+00,9.99999e-01,0.00000e+00,9.99998e-01,1.80832e-01
1.788953490e+01,0.00000e+00,9.99999e-01,0.00000e+00,9.99998e-01,1.70856e-01
1.797898258e+01,0.00000e+00,9.99999e-01,0.00000e+00,9.99998e-01,1.60250e-01
1.806887749e+01,0.00000e+00,9.99999e-01,0.00000e+00,9.99998e-01,1.50253e-01
1.815922188e+01,0.00000e+00,9.99999e-01,0.00000e+00,9.99998e-01,1.40819e-01
1.825001799e+01,0.00000e+00,9.99999e-01,0.00000e+00,9.99998e-01,1.31827e-01
1.834126808e+01,0.00000e+00,9.99999e-01,0.00000e+00,9.99998e-01,1.23348e-01
1.843297442e+01,0.00000e+00,9.99999e-01,0.00000e+00,9.99998e-01,1.15361e-01
1.852513929e+01,0.00000e+00,9.99999e-01,0.00000e+00,9.99998e-01,1.07819e-01
1.861776499e+01,0.00000e+00,9.99999e-01,0.00000e+00,9.99998e-01,1.00571e-01
1.871085381e+01,0.00000e+00,9.99999e-01,0.00000e+00,9.99998e-01,9.37769e-02
1.880440808e+01,0.00000e+00,9.99999e-01,0.00000e+00,9.99998e-01,8.74017e-02
1.889843012e+01,0.00000e+00,9.99999e-01,0.00000e+00,9.99998e-01,8.14447e-02
1.899292227e+01,0.00000e+00,9.99999e-01,0.00000e+00,9.99998e-01,7.58917e-02
1.908788688e+01,0.00000e+00,9.99999e-01,0.00000e+00,9.99998e-01,7.06811e-02
1.918332632e+01,0.00000e+00,9.99999e-01,0.00000e+00,9.99998e-01,6.58085e-02
1.927924295e+01,0.00000e+00,9.99999e-01,0.00000e+00,9.99998e-01,6.09521e-02
1.937563916e+01,0.00000e+00,9.99999e-01,0.00000e+00,9.99998e-01,5.62388e-02
1.947251736e+01,0.00000e+00,9.99999e-01,0.00000e+00,9.99998e-01,5.18649e-02
1.956987994e+01,0.00000e+00,9.99999e-01,0.00000e+00,9.99998e-01,4.78046e-02
1.966772934e+01,0.00000e+00,9.99999e-01,0.00000e+00,9.99998e-01,4.36752e-02
1.976606799e+01,0.00000e+00,9.99999e-01,0.00000e+00,9.99998e-01,3.97271e-02
1.986489833e+01,0.00000e+00,9.99999e-01,0.00000e+00,9.99998e-01,3.61208e-02
1.996422282e+01,0.00000e+00,9.99999e-01,0.00000e+00,9.99998e-01,3.28234e-02
