#,Wave/freq,Total,N2,H2O,Rayleigh,CIA
4.000000000e-01,7.41320e-01,9.99999e-01,9.99965e-01,7.41345e-01,9.99999e-01
4.020000000e-01,7.45730e-01,9.99999e-01,9.99978e-01,7.45745e-01,9.99999e-01
4.040100000e-01,7.50073e-01,9.99999e-01,9.99990e-01,7.50079e-01,9.99999e-01
4.060300500e-01,7.54351e-01,9.99999e-01,9.99997e-01,7.54352e-01,9.99999e-01
4.080602003e-01,7.58564e-01,9.99999e-01,9.99998e-01,7.58564e-01,9.99999e-01
4.101005013e-01,7.62716e-01,9.99999e-01,9.99999e-01,7.62716e-01,9.99999e-01
4.121510038e-01,7.66807e-01,9.99999e-01,9.99998e-01,7.66807e-01,9.99999e-01
4.142117588e-01,7.70833e-01,9.99999e-01,9.99990e-01,7.70840e-01,9.99999e-01
4.162828176e-01,7.74780e-01,9.99999e-01,9.99957e-01,7.74813e-01,9.99999e-01
4.183642317e-01,7.78708e-01,9.99999e-01,9.99974e-01,7.78727e-01,9.99999e-01
4.204560528e-01,7.82572e-01,9.99999e-01,9.99984e-01,7.82584e-01,9.99999e-01
4.225583331e-01,7.86378e-01,9.99999e-01,9.99993e-01,7.86383e-01,9.99999e-01
4.246711247e-01,7.90121e-01,9.99999e-01,9.99994e-01,7.90124e-01,9.99999e-01
4.267944804e-01,7.93804e-01,9.99999e-01,9.99992e-01,7.93809e-01,9.99999e-01
4.289284528e-01,7.97434e-01,9.99999e-01,9.99994e-01,7.97438e-01,9.99999e-01
4.310730950e-01,8.01010e-01,9.99999e-01,9.99997e-01,8.01011e-01,9.99999e-01
4.332284605e-01,8.04529e-01,9.99999e-01,9.99998e-01,8.04530e-01,9.99999e-01
4.353946028e-01,8.07993e-01,9.99999e-01,9.99999e-01,8.07993e-01,9.99999e-01
4.375715758e-01,8.11400e-01,9.99999e-01,9.99995e-01,8.11403e-01,9.99999e-01
4.397594337e-01,8.14730e-01,9.99999e-01,9.99962e-01,8.14760e-01,9.99999e-01
4.419582309e-01,8.17911e-01,9.99999e-01,9.99813e-01,8.18063e-01,9.99999e-01
4.441680220e-01,8.21195e-01,9.99999e-01,9.99853e-01,8.21315e-01,9.99999e-01
4.463888621e-01,8.24389e-01,9.99999e-01,9.99848e-01,8.24514e-01,9.99999e-01
4.486208064e-01,8.27585e-01,9.99999e-01,9.99905e-01,8.27663e-01,9.99999e-01
4.508639105e-01,8.30724e-01,9.99999e-01,9.99955e-01,8.30761e-01,9.99999e-01
4.531182300e-01,8.33795e-01,9.99999e-01,9.99982e-01,8.33809e-01,9.99999e-01
4.553838212e-01,8.36798e-01,9.99999e-01,9.99987e-01,8.36808e-01,9.99999e-01
4.576607403e-01,8.39753e-01,9.99999e-01,9.99994e-01,8.39758e-01,9.99999e-01
4.599490440e-01,8.42656e-01,9.99999e-01,9.99995e-01,8.42660e-01,9.99999e-01
4.622487892e-01,8.45513e-01,9.99999e-01,9.99998e-01,8.45514e-01,9.99999e-01
4.645600332e-01,8.48319e-01,9.99999e-01,9.99996e-01,8.48321e-01,9.99999e-01
4.668828333e-01,8.51044e-01,9.99999e-01,9.99955e-01,8.51082e-01,9.99999e-01
4.692172475e-01,8.53716e-01,9.99999e-01,9.99904e-01,8.53797e-01,9.99999e-01
4.715633337e-01,8.56414e-01,9.99999e-01,9.99937e-01,8.56467e-01,9.99999e-01
4.739211504e-01,8.59041e-01,9.99999e-01,9.99940e-01,8.59092e-01,9.99999e-01
4.762907561e-01,8.61646e-01,9.99999e-01,9.99968e-01,8.61673e-01,9.99999e-01
4.786722099e-01,8.64200e-01,9.99999e-01,9.99986e-01,8.64211e-01,9.99999e-01
4.810655710e-01,8.66702e-01,9.99999e-01,9.99995e-01,8.66706e-01,9.99999e-01
4.834708988e-01,8.69126e-01,9.99999e-01,9.99963e-01,8.69158e-01,9.99999e-01
4.858882533e-01,8.71510e-01,9.99999e-01,9.99932e-01,8.71569e-01,9.99999e-01
4.883176946e-01,8.73889e-01,9.99999e-01,9.99943e-01,8.73938e-01,9.99999e-01
4.907592831e-01,8.76223e-01,9.99999e-01,9.99948e-01,8.76268e-01,9.99999e-01
4.932130795e-01,8.78525e-01,9.99999e-01,9.99963e-01,8.78557e-01,9.99999e-01
4.956791449e-01,8.80790e-01,9.99999e-01,9.99980e-01,8.80806e-01,9.99999e-01
4.981575406e-01,8.82933e-01,9.99999e-01,9.99904e-01,8.83017e-01,9.99999e-01
5.006483283e-01,8.84970e-01,9.99999e-01,9.99752e-01,8.85190e-01,9.99997e-01
5.031515699e-01,8.86200e-01,9.99999e-01,9.98744e-01,8.87325e-01,9.99986e-01
5.056673278e-01,8.88820e-01,9.99999e-01,9.99337e-01,8.89422e-01,9.99984e-01
5.081956644e-01,8.90730e-01,9.99999e-01,9.99163e-01,8.91484e-01,9.99989e-01
5.107366428e-01,8.93003e-01,9.99999e-01,9.99435e-01,8.93509e-01,9.99997e-01
5.132903260e-01,8.95209e-01,9.99999e-01,9.99676e-01,8.95498e-01,9.99999e-01
5.158567776e-01,8.97330e-01,9.99999e-01,9.99863e-01,8.97452e-01,9.99999e-01
5.184360615e-01,8.99323e-01,9.99999e-01,9.99944e-01,8.99372e-01,9.99999e-01
5.210282418e-01,9.01240e-01,9.99999e-01,9.99979e-01,9.01259e-01,9.99999e-01
5.236333830e-01,9.03037e-01,9.99999e-01,9.99917e-01,9.03111e-01,9.99998e-01
5.262515499e-01,9.04884e-01,9.99999e-01,9.99948e-01,9.04931e-01,9.99998e-01
5.288828077e-01,9.06675e-01,9.99999e-01,9.99952e-01,9.06718e-01,9.99998e-01
5.315272217e-01,9.08436e-01,9.99999e-01,9.99958e-01,9.08474e-01,9.99999e-01
5.341848578e-01,9.10173e-01,9.99999e-01,9.99972e-01,9.10198e-01,9.99999e-01
5.368557821e-01,9.11804e-01,9.99999e-01,9.99904e-01,9.11891e-01,9.99999e-01
5.395400610e-01,9.13238e-01,9.99999e-01,9.99656e-01,9.13554e-01,9.99996e-01
5.422377613e-01,9.14773e-01,9.99999e-01,9.99555e-01,9.15187e-01,9.99991e-01
5.449489501e-01,9.16404e-01,9.99999e-01,9.99586e-01,9.16790e-01,9.99991e-01
5.476736949e-01,9.18025e-01,9.99999e-01,9.99633e-01,9.18365e-01,9.99995e-01
5.504120634e-01,9.19666e-01,9.99999e-01,9.99733e-01,9.19911e-01,9.99998e-01
5.531641237e-01,9.21306e-01,9.99999e-01,9.99865e-01,9.21429e-01,9.99999e-01
5.559299443e-01,9.22860e-01,9.99999e-01,9.99935e-01,9.22920e-01,9.99999e-01
5.587095940e-01,9.24346e-01,9.99999e-01,9.99959e-01,9.24383e-01,9.99999e-01
5.615031420e-01,9.25778e-01,9.99999e-01,9.99954e-01,9.25820e-01,9.99999e-01
5.643106577e-01,9.27183e-01,9.99999e-01,9.99948e-01,9.27230e-01,9.99999e-01
5.671322110e-01,9.28035e-01,9.99999e-01,9.99379e-01,9.28615e-01,9.99994e-01
5.699678720e-01,9.29345e-01,9.99999e-01,9.99338e-01,9.29975e-01,9.99982e-01
5.728177114e-01,9.30656e-01,9.99999e-01,9.99312e-01,9.31309e-01,9.99985e-01
5.756818000e-01,9.32023e-01,9.99999e-01,9.99368e-01,9.32619e-01,9.99990e-01
5.785602090e-01,9.33389e-01,9.99999e-01,9.99449e-01,9.33905e-01,9.99996e-01
5.814530100e-01,9.34650e-01,9.99999e-01,9.99447e-01,9.35167e-01,9.99998e-01
5.843602750e-01,9.35787e-01,9.99999e-01,9.99341e-01,9.36406e-01,9.99995e-01
5.872820764e-01,9.32278e-01,9.99999e-01,9.94339e-01,9.37622e-01,9.99959e-01
5.902184868e-01,9.32271e-01,9.99999e-01,9.93136e-01,9.38816e-01,9.99890e-01
5.931695792e-01,9.35331e-01,9.99999e-01,9.95149e-01,9.39987e-01,9.99895e-01
5.961354271e-01,9.36077e-01,9.99999e-01,9.94682e-01,9.41137e-01,9.99939e-01
5.991161043e-01,9.38592e-01,9.99999e-01,9.96119e-01,9.42266e-01,9.99980e-01
6.021116848e-01,9.41292e-01,9.99999e-01,9.97796e-01,9.43373e-01,9.99997e-01
6.051222432e-01,9.43407e-01,9.99999e-01,9.98884e-01,9.44460e-01,9.99999e-01
6.081478544e-01,9.45072e-01,9.99999e-01,9.99518e-01,9.45527e-01,9.99999e-01
6.111885937e-01,9.46381e-01,9.99999e-01,9.99795e-01,9.46573e-01,9.99999e-01
6.142445367e-01,9.47514e-01,9.99999e-01,9.99908e-01,9.47600e-01,9.99999e-01
6.173157594e-01,9.48561e-01,9.99999e-01,9.99949e-01,9.48608e-01,9.99999e-01
6.204023382e-01,9.49557e-01,9.99999e-01,9.99957e-01,9.49597e-01,9.99999e-01
6.235043498e-01,9.50390e-01,9.99999e-01,9.99813e-01,9.50568e-01,9.99999e-01
6.266218716e-01,9.50573e-01,9.99999e-01,9.99010e-01,9.51520e-01,9.99992e-01
6.297549810e-01,9.52096e-01,9.99999e-01,9.99636e-01,9.52455e-01,9.99985e-01
6.329037559e-01,9.52677e-01,9.99999e-01,9.99282e-01,9.53372e-01,9.99988e-01
6.360682746e-01,9.53683e-01,9.99999e-01,9.99389e-01,9.54271e-01,9.99992e-01
6.392486160e-01,9.54396e-01,9.99999e-01,9.99208e-01,9.55154e-01,9.99996e-01
6.424448591e-01,9.55004e-01,9.99999e-01,9.98941e-01,9.56020e-01,9.99994e-01
6.456570834e-01,9.52150e-01,9.99999e-01,9.95094e-01,9.56870e-01,9.99972e-01
6.488853688e-01,9.54186e-01,9.99999e-01,9.96402e-01,9.57703e-01,9.99923e-01
6.521297956e-01,9.54947e-01,9.99999e-01,9.96333e-01,9.58521e-01,9.99936e-01
6.553904446e-01,9.55779e-01,9.99999e-01,9.96351e-01,9.59323e-01,9.99952e-01
6.586673968e-01,9.57094e-01,9.99999e-01,9.96873e-01,9.60111e-01,9.99983e-01
6.619607338e-01,9.59143e-01,9.99999e-01,9.98191e-01,9.60883e-01,9.99996e-01
6.652705375e-01,9.60633e-01,9.99999e-01,9.98953e-01,9.61641e-01,9.99997e-01
6.685968902e-01,9.61916e-01,9.99999e-01,9.99513e-01,9.62384e-01,9.99999e-01
6.719398746e-01,9.62896e-01,9.99999e-01,9.99774e-01,9.63113e-01,9.99999e-01
6.752995740e-01,9.63711e-01,9.99999e-01,9.99877e-01,9.63828e-01,9.99999e-01
6.786760719e-01,9.64360e-01,9.99999e-01,9.99823e-01,9.64530e-01,9.99999e-01
6.820694522e-01,9.64926e-01,9.99999e-01,9.99698e-01,9.65218e-01,9.99997e-01
6.854797995e-01,9.65514e-01,9.99999e-01,9.99610e-01,9.65893e-01,9.99996e-01
6.889071985e-01,9.65639e-01,9.99999e-01,9.99059e-01,9.66556e-01,9.99991e-01
6.923517345e-01,9.52356e-01,9.99999e-01,9.84719e-01,9.67205e-01,9.99925e-01
6.958134932e-01,9.59957e-01,9.99999e-01,9.92013e-01,9.67842e-01,9.99836e-01
6.992925606e-01,9.60988e-01,9.99999e-01,9.92422e-01,9.68467e-01,9.99852e-01
7.027890234e-01,9.59906e-01,9.99999e-01,9.90643e-01,9.69081e-01,9.99887e-01
7.063029686e-01,9.61997e-01,9.99999e-01,9.92129e-01,9.69682e-01,9.99943e-01
7.098344834e-01,9.62912e-01,9.99999e-01,9.92447e-01,9.70272e-01,9.99966e-01
7.133836558e-01,9.61040e-01,9.99999e-01,9.89959e-01,9.70850e-01,9.99933e-01
7.169505741e-01,8.95288e-01,9.99999e-01,9.22106e-01,9.71418e-01,9.99482e-01
7.205353270e-01,9.33226e-01,9.99999e-01,9.61009e-01,9.71974e-01,9.99088e-01
7.241380036e-01,9.23925e-01,9.99999e-01,9.50779e-01,9.72520e-01,9.99212e-01
7.277586936e-01,9.29133e-01,9.99999e-01,9.55475e-01,9.73056e-01,9.99356e-01
7.313974871e-01,9.27213e-01,9.99999e-01,9.52660e-01,9.73581e-01,9.99698e-01
7.350544745e-01,9.48537e-01,9.99999e-01,9.73862e-01,9.74096e-01,9.99894e-01
7.387297469e-01,9.55742e-01,9.99999e-01,9.80696e-01,9.74601e-01,9.99951e-01
7.424233956e-01,9.65833e-01,9.99999e-01,9.90508e-01,9.75096e-01,9.99990e-01
7.461355126e-01,9.69961e-01,9.99999e-01,9.94239e-01,9.75582e-01,9.99997e-01
7.498661902e-01,9.73436e-01,9.99999e-01,9.97313e-01,9.76058e-01,9.99998e-01
7.536155211e-01,9.75239e-01,9.99999e-01,9.98681e-01,9.76526e-01,9.99999e-01
7.573835987e-01,9.76321e-01,9.99999e-01,9.99321e-01,9.76984e-01,9.99999e-01
7.611705167e-01,9.77022e-01,9.99999e-01,9.99578e-01,9.77433e-01,9.99999e-01
7.649763693e-01,9.77616e-01,9.99999e-01,9.99735e-01,9.77874e-01,9.99999e-01
7.688012511e-01,9.78127e-01,9.99999e-01,9.99815e-01,9.78306e-01,9.99999e-01
7.726452574e-01,9.78582e-01,9.99999e-01,9.99848e-01,9.78730e-01,9.99999e-01
7.765084837e-01,9.78936e-01,9.99999e-01,9.99784e-01,9.79146e-01,9.99999e-01
7.803910261e-01,9.78644e-01,9.99999e-01,9.99071e-01,9.79554e-01,9.99998e-01
7.842929812e-01,9.76774e-01,9.99999e-01,9.96761e-01,9.79954e-01,9.99993e-01
7.882144461e-01,9.73768e-01,9.99999e-01,9.93330e-01,9.80346e-01,9.99958e-01
7.921555184e-01,9.77060e-01,9.99999e-01,9.96336e-01,9.80730e-01,9.99920e-01
7.961162960e-01,9.74696e-01,9.99999e-01,9.93540e-01,9.81107e-01,9.99923e-01
8.000968774e-01,9.74073e-01,9.99999e-01,9.92535e-01,9.81477e-01,9.99918e-01
8.040973618e-01,9.74448e-01,9.99999e-01,9.92535e-01,9.81839e-01,9.99935e-01
8.081178486e-01,9.65696e-01,9.99999e-01,9.83260e-01,9.82195e-01,9.99939e-01
8.121584379e-01,9.15596e-01,9.99999e-01,9.32082e-01,9.82543e-01,9.99763e-01
8.162192301e-01,9.03294e-01,9.99999e-01,9.19838e-01,9.82885e-01,9.99112e-01
8.203003262e-01,9.42405e-01,9.99999e-01,9.59484e-01,9.83220e-01,9.98961e-01
8.244018279e-01,9.27501e-01,9.99999e-01,9.43794e-01,9.83549e-01,9.99173e-01
8.285238370e-01,9.35407e-01,9.99999e-01,9.51358e-01,9.83871e-01,9.99350e-01
8.326664562e-01,9.35552e-01,9.99999e-01,9.50838e-01,9.84187e-01,9.99731e-01
8.368297885e-01,9.49588e-01,9.99999e-01,9.64600e-01,9.84497e-01,9.99938e-01
8.410139374e-01,9.63903e-01,9.99999e-01,9.78814e-01,9.84801e-01,9.99963e-01
8.452190071e-01,9.74790e-01,9.99999e-01,9.89555e-01,9.85099e-01,9.99978e-01
8.494451021e-01,9.79394e-01,9.99999e-01,9.93930e-01,9.85391e-01,9.99982e-01
8.536923276e-01,9.82125e-01,9.99999e-01,9.96406e-01,9.85678e-01,9.99989e-01
8.579607893e-01,9.83774e-01,9.99999e-01,9.97786e-01,9.85958e-01,9.99996e-01
8.622505932e-01,9.84846e-01,9.99999e-01,9.98592e-01,9.86234e-01,9.99999e-01
8.665618462e-01,9.85646e-01,9.99999e-01,9.99129e-01,9.86504e-01,9.99999e-01
8.708946554e-01,9.85786e-01,9.99999e-01,9.99003e-01,9.86769e-01,9.99998e-01
8.752491287e-01,9.85712e-01,9.99999e-01,9.98667e-01,9.87028e-01,9.99998e-01
8.796253743e-01,9.85458e-01,9.99999e-01,9.98155e-01,9.87283e-01,9.99995e-01
8.840235012e-01,9.85440e-01,9.99999e-01,9.97893e-01,9.87533e-01,9.99986e-01
8.884436187e-01,9.80186e-01,9.99999e-01,9.92350e-01,9.87777e-01,9.99963e-01
8.928858368e-01,9.11030e-01,9.99999e-01,9.22272e-01,9.88017e-01,9.99789e-01
8.973502660e-01,8.55522e-01,9.99999e-01,8.66625e-01,9.88252e-01,9.98920e-01
9.018370173e-01,9.17238e-01,9.99999e-01,9.29499e-01,9.88483e-01,9.98304e-01
9.063462024e-01,9.25758e-01,9.99999e-01,9.37725e-01,9.88709e-01,9.98510e-01
9.108779334e-01,8.93165e-01,9.99999e-01,9.04561e-01,9.88931e-01,9.98451e-01
9.154323231e-01,8.81389e-01,9.99999e-01,8.92199e-01,9.89149e-01,9.98720e-01
9.200094847e-01,9.04212e-01,9.99999e-01,9.14589e-01,9.89362e-01,9.99283e-01
9.246095321e-01,8.61409e-01,9.99999e-01,8.71206e-01,9.89571e-01,9.99174e-01
9.292325798e-01,3.98758e-01,9.99999e-01,4.04176e-01,9.89776e-01,9.96784e-01
9.338787427e-01,3.04479e-01,9.99999e-01,3.11682e-01,9.89977e-01,9.86777e-01
9.385481364e-01,6.07614e-01,9.99999e-01,6.23436e-01,9.90174e-01,9.84293e-01
9.432408771e-01,5.12151e-01,9.99999e-01,5.24243e-01,9.90367e-01,9.86434e-01
9.479570815e-01,4.04484e-01,9.99999e-01,4.12904e-01,9.90556e-01,9.88945e-01
9.526968669e-01,5.01236e-01,9.99999e-01,5.09361e-01,9.90742e-01,9.93242e-01
9.574603512e-01,5.24637e-01,9.99999e-01,5.31268e-01,9.90924e-01,9.96561e-01
9.622476530e-01,5.88818e-01,9.99999e-01,5.95520e-01,9.91102e-01,9.97621e-01
9.670588912e-01,7.33377e-01,9.99999e-01,7.41036e-01,9.91277e-01,9.98372e-01
9.718941857e-01,8.19822e-01,9.99999e-01,8.27884e-01,9.91449e-01,9.98801e-01
9.767536566e-01,8.46874e-01,9.99999e-01,8.54815e-01,9.91617e-01,9.99083e-01
9.816374249e-01,8.82488e-01,9.99999e-01,8.90082e-01,9.91782e-01,9.99682e-01
9.865456120e-01,9.22228e-01,9.99999e-01,9.29779e-01,9.91943e-01,9.99933e-01
9.914783401e-01,9.48408e-01,9.99999e-01,9.55975e-01,9.92102e-01,9.99981e-01
9.964357318e-01,9.68217e-01,9.99999e-01,9.75781e-01,9.92257e-01,9.99988e-01
1.001417910e+00,9.77919e-01,9.99999e-01,9.85413e-01,9.92410e-01,9.99983e-01
1.006425000e+00,9.84260e-01,9.99999e-01,9.91661e-01,9.92559e-01,9.99976e-01
1.011457125e+00,9.87539e-01,9.99999e-01,9.94816e-01,9.92705e-01,9.99977e-01
1.016514411e+00,9.89338e-01,9.99999e-01,9.96478e-01,9.92849e-01,9.99984e-01
1.021596983e+00,9.90188e-01,9.99999e-01,9.97193e-01,9.92990e-01,9.99984e-01
1.026704968e+00,9.90944e-01,9.99999e-01,9.97810e-01,9.93128e-01,9.99989e-01
1.031838492e+00,9.91679e-01,9.99999e-01,9.98408e-01,9.93263e-01,9.99996e-01
1.036997685e+00,9.92456e-01,9.99999e-01,9.99054e-01,9.93396e-01,9.99999e-01
1.042182673e+00,9.92406e-01,9.99999e-01,9.98873e-01,9.93526e-01,9.99999e-01
1.047393587e+00,9.92168e-01,9.99999e-01,9.98505e-01,9.93653e-01,9.99999e-01
1.052630555e+00,9.91741e-01,9.99999e-01,9.97949e-01,9.93778e-01,9.99998e-01
1.057893707e+00,9.90501e-01,9.99999e-01,9.96579e-01,9.93900e-01,9.99998e-01
1.063183176e+00,9.88428e-01,9.99999e-01,9.94376e-01,9.94021e-01,9.99996e-01
1.068499092e+00,9.84786e-01,9.99999e-01,9.90597e-01,9.94138e-01,9.99993e-01
1.073841587e+00,9.83313e-01,9.99999e-01,9.89008e-01,9.94254e-01,9.99985e-01
1.079210795e+00,9.80338e-01,9.99999e-01,9.85928e-01,9.94367e-01,9.99961e-01
1.084606849e+00,9.73287e-01,9.99999e-01,9.78780e-01,9.94478e-01,9.99908e-01
1.090029883e+00,9.64256e-01,9.99999e-01,9.69685e-01,9.94587e-01,9.99811e-01
1.095480033e+00,9.14351e-01,9.99999e-01,9.19541e-01,9.94693e-01,9.99659e-01
1.100957433e+00,8.03855e-01,9.99999e-01,8.08564e-01,9.94798e-01,9.99373e-01
1.106462220e+00,5.83271e-01,9.99999e-01,5.86883e-01,9.94900e-01,9.98938e-01
1.111994531e+00,3.27417e-01,9.99999e-01,3.29991e-01,9.95001e-01,9.97184e-01
1.117554504e+00,1.67635e-01,9.99999e-01,1.70183e-01,9.95099e-01,9.89874e-01
1.123142276e+00,2.75372e-01,9.99999e-01,2.83460e-01,9.95196e-01,9.76154e-01
1.128757988e+00,4.20273e-01,9.99999e-01,4.34217e-01,9.95290e-01,9.72466e-01
1.134401778e+00,2.06660e-01,9.99999e-01,2.12606e-01,9.95383e-01,9.76539e-01
1.140073787e+00,5.87791e-01,9.99999e-01,6.01770e-01,9.95474e-01,9.81210e-01
1.145774156e+00,3.47963e-01,9.99999e-01,3.55635e-01,9.95563e-01,9.82787e-01
1.151503026e+00,3.14497e-01,9.99999e-01,3.18940e-01,9.95651e-01,9.90374e-01
1.157260541e+00,3.71338e-01,9.99999e-01,3.74008e-01,9.95736e-01,9.97111e-01
1.163046844e+00,4.79197e-01,9.99999e-01,4.81603e-01,9.95820e-01,9.99180e-01
1.168862078e+00,5.95764e-01,9.99999e-01,5.98467e-01,9.95903e-01,9.99577e-01
1.174706389e+00,7.24947e-01,9.99999e-01,7.28277e-01,9.95984e-01,9.99439e-01
1.180579921e+00,8.20157e-01,9.99999e-01,8.24095e-01,9.96063e-01,9.99153e-01
1.186482820e+00,8.92003e-01,9.99999e-01,8.96237e-01,9.96140e-01,9.99131e-01
1.192415234e+00,9.33878e-01,9.99999e-01,9.38034e-01,9.96216e-01,9.99349e-01
1.198377311e+00,9.43436e-01,9.99999e-01,9.47529e-01,9.96291e-01,9.99385e-01
1.204369197e+00,9.46337e-01,9.99999e-01,9.50317e-01,9.96364e-01,9.99443e-01
1.210391043e+00,9.48695e-01,9.99999e-01,9.52410e-01,9.96436e-01,9.99661e-01
1.216442998e+00,9.55814e-01,9.99999e-01,9.59363e-01,9.96506e-01,9.99792e-01
1.222525213e+00,9.64771e-01,9.99999e-01,9.68210e-01,9.96575e-01,9.99870e-01
1.228637839e+00,9.74478e-01,9.99999e-01,9.77819e-01,9.96642e-01,9.99939e-01
1.234781029e+00,9.80229e-01,9.99999e-01,9.83482e-01,9.96709e-01,9.99982e-01
1.240954934e+00,9.86330e-01,9.99999e-01,9.89526e-01,9.96774e-01,9.99994e-01
1.247159708e+00,9.88695e-01,9.99999e-01,9.91834e-01,9.96837e-01,9.99996e-01
1.253395507e+00,9.89667e-01,9.99999e-01,9.92748e-01,9.96899e-01,9.99995e-01
1.259662485e+00,9.90089e-01,9.99999e-01,9.93112e-01,9.96961e-01,9.99993e-01
1.265960797e+00,9.86056e-01,9.99999e-01,9.89012e-01,9.97021e-01,9.99988e-01
1.272290601e+00,9.79911e-01,9.99999e-01,9.82799e-01,9.97079e-01,9.99980e-01
1.278652054e+00,9.63299e-01,9.99999e-01,9.66096e-01,9.97137e-01,9.99966e-01
1.285045314e+00,9.36690e-01,9.99999e-01,9.39384e-01,9.97193e-01,9.99937e-01
1.291470541e+00,8.94224e-01,9.99999e-01,8.96788e-01,9.97249e-01,9.99890e-01
1.297927893e+00,8.65238e-01,9.99999e-01,8.67754e-01,9.97303e-01,9.99795e-01
1.304417533e+00,8.30792e-01,9.99999e-01,8.33354e-01,9.97356e-01,9.99567e-01
1.310939621e+00,8.08818e-01,9.99999e-01,8.11640e-01,9.97408e-01,9.99111e-01
1.317494319e+00,7.94189e-01,9.99999e-01,7.97520e-01,9.97459e-01,9.98357e-01
1.324081790e+00,7.10444e-01,9.99999e-01,7.14131e-01,9.97509e-01,9.97320e-01
1.330702199e+00,3.03172e-01,9.99999e-01,3.05323e-01,9.97559e-01,9.95384e-01
1.337355710e+00,3.97531e-02,9.99999e-01,4.02050e-02,9.97607e-01,9.91130e-01
1.344042489e+00,1.38461e-03,9.99999e-01,1.42561e-03,9.97654e-01,9.73522e-01
1.350762701e+00,1.29733e-07,9.99999e-01,1.42544e-07,9.97700e-01,9.12220e-01
1.357516515e+00,7.79674e-11,9.99999e-01,1.02327e-10,9.97746e-01,7.63663e-01
1.364304097e+00,3.61037e-07,9.99999e-01,5.80410e-07,9.97790e-01,6.23414e-01
1.371125618e+00,5.26377e-05,9.99999e-01,8.23611e-05,9.97834e-01,6.40495e-01
1.377981246e+00,1.75755e-04,9.99999e-01,2.58038e-04,9.97876e-01,6.82569e-01
1.384871152e+00,1.79770e-06,9.99999e-01,2.57139e-06,9.97918e-01,7.00574e-01
1.391795508e+00,4.86866e-07,9.99999e-01,6.84876e-07,9.97959e-01,7.12335e-01
1.398754485e+00,8.06587e-06,9.99999e-01,1.06957e-05,9.98000e-01,7.55633e-01
1.405748258e+00,8.90395e-06,9.99999e-01,1.05093e-05,9.98039e-01,8.48909e-01
1.412776999e+00,9.24859e-06,9.99999e-01,9.98597e-06,9.98078e-01,9.27940e-01
1.419840884e+00,1.99727e-05,9.99999e-01,2.06774e-05,9.98116e-01,9.67739e-01
1.426940089e+00,2.62804e-04,9.99999e-01,2.69932e-04,9.98153e-01,9.75394e-01
1.434074789e+00,1.60180e-03,9.99999e-01,1.65258e-03,9.98189e-01,9.71029e-01
1.441245163e+00,5.65190e-03,9.99999e-01,5.84513e-03,9.98225e-01,9.68658e-01
1.448451389e+00,2.68927e-02,9.99999e-01,2.77012e-02,9.98260e-01,9.72503e-01
1.455693646e+00,8.51025e-02,9.99999e-01,8.71175e-02,9.98294e-01,9.78538e-01
1.462972114e+00,1.14795e-01,9.99999e-01,1.17391e-01,9.98328e-01,9.79521e-01
1.470286975e+00,8.14822e-02,9.99999e-01,8.32928e-02,9.98361e-01,9.79866e-01
1.477638409e+00,1.04544e-01,9.99999e-01,1.06160e-01,9.98393e-01,9.86363e-01
1.485026601e+00,1.54695e-01,9.99999e-01,1.55921e-01,9.98425e-01,9.93700e-01
1.492451734e+00,2.51020e-01,9.99999e-01,2.52103e-01,9.98456e-01,9.97241e-01
1.499913993e+00,3.90062e-01,9.99999e-01,3.91118e-01,9.98486e-01,9.98809e-01
1.507413563e+00,5.05785e-01,9.99999e-01,5.06819e-01,9.98516e-01,9.99440e-01
1.514950631e+00,6.50614e-01,9.99999e-01,6.51731e-01,9.98546e-01,9.99738e-01
1.522525384e+00,7.56741e-01,9.99999e-01,7.57894e-01,9.98574e-01,9.99903e-01
1.530138011e+00,8.14317e-01,9.99999e-01,8.15483e-01,9.98602e-01,9.99966e-01
1.537788701e+00,8.90012e-01,9.99999e-01,8.91245e-01,9.98630e-01,9.99984e-01
1.545477645e+00,9.27795e-01,9.99999e-01,9.29049e-01,9.98657e-01,9.99991e-01
1.553205033e+00,9.40563e-01,9.99999e-01,9.41807e-01,9.98683e-01,9.99994e-01
1.560971058e+00,9.62246e-01,9.99999e-01,9.63491e-01,9.98709e-01,9.99996e-01
1.568775913e+00,9.74551e-01,9.99999e-01,9.75787e-01,9.98735e-01,9.99996e-01
1.576619793e+00,9.79916e-01,9.99999e-01,9.81134e-01,9.98760e-01,9.99996e-01
1.584502892e+00,9.87292e-01,9.99999e-01,9.88496e-01,9.98784e-01,9.99995e-01
1.592425406e+00,9.88160e-01,9.99999e-01,9.89343e-01,9.98808e-01,9.99994e-01
1.600387533e+00,9.91476e-01,9.99999e-01,9.92640e-01,9.98832e-01,9.99994e-01
1.608389471e+00,9.91246e-01,9.99999e-01,9.92386e-01,9.98855e-01,9.99994e-01
1.616431418e+00,9.91100e-01,9.99999e-01,9.92218e-01,9.98877e-01,9.99994e-01
1.624513575e+00,9.90584e-01,9.99999e-01,9.91679e-01,9.98900e-01,9.99994e-01
1.632636143e+00,9.85909e-01,9.99999e-01,9.86980e-01,9.98921e-01,9.99992e-01
1.640799324e+00,9.81629e-01,9.99999e-01,9.82678e-01,9.98943e-01,9.99988e-01
1.649003321e+00,9.76886e-01,9.99999e-01,9.77913e-01,9.98963e-01,9.99984e-01
1.657248337e+00,9.69964e-01,9.99999e-01,9.70966e-01,9.98984e-01,9.99982e-01
1.665534579e+00,9.59702e-01,9.99999e-01,9.60675e-01,9.99004e-01,9.99981e-01
1.673862252e+00,9.45663e-01,9.99999e-01,9.46607e-01,9.99023e-01,9.99977e-01
1.682231563e+00,9.52411e-01,9.99999e-01,9.53353e-01,9.99043e-01,9.99967e-01
1.690642721e+00,9.18698e-01,9.99999e-01,9.19606e-01,9.99062e-01,9.99949e-01
1.699095934e+00,9.06761e-01,9.99999e-01,9.07665e-01,9.99080e-01,9.99922e-01
1.707591414e+00,9.00645e-01,9.99999e-01,9.01564e-01,9.99098e-01,9.99881e-01
1.716129371e+00,8.78287e-01,9.99999e-01,8.79214e-01,9.99116e-01,9.99827e-01
1.724710018e+00,8.23502e-01,9.99999e-01,8.24423e-01,9.99133e-01,9.99748e-01
1.733333568e+00,7.76974e-01,9.99999e-01,7.77941e-01,9.99151e-01,9.99604e-01
1.742000236e+00,6.81761e-01,9.99999e-01,6.82756e-01,9.99167e-01,9.99373e-01
1.750710237e+00,4.92224e-01,9.99999e-01,4.93120e-01,9.99184e-01,9.98995e-01
1.759463788e+00,2.65840e-01,9.99999e-01,2.66505e-01,9.99200e-01,9.98301e-01
1.768261107e+00,8.78539e-02,9.99999e-01,8.81807e-02,9.99216e-01,9.97073e-01
1.777102413e+00,1.82848e-02,9.99999e-01,1.83831e-02,9.99231e-01,9.95419e-01
1.785987925e+00,1.69107e-03,9.99999e-01,1.70491e-03,9.99246e-01,9.92633e-01
1.794917864e+00,1.94313e-04,9.99999e-01,1.97304e-04,9.99261e-01,9.85565e-01
1.803892454e+00,6.75431e-07,9.99999e-01,6.96868e-07,9.99276e-01,9.69938e-01
1.812911916e+00,1.80017e-08,9.99999e-01,1.94091e-08,9.99290e-01,9.28142e-01
1.821976476e+00,2.83692e-08,9.99999e-01,3.32477e-08,9.99304e-01,8.53861e-01
1.831086358e+00,2.06648e-09,9.99999e-01,2.84804e-09,9.99318e-01,7.26076e-01
1.840241790e+00,6.14006e-08,9.99999e-01,1.05449e-07,9.99331e-01,5.82667e-01
1.849442999e+00,2.33902e-07,9.99999e-01,4.48158e-07,9.99344e-01,5.22261e-01
1.858690214e+00,6.63161e-11,9.99999e-01,1.26984e-10,9.99357e-01,5.22576e-01
1.867983665e+00,1.65365e-11,9.99999e-01,3.00651e-11,9.99370e-01,5.50369e-01
1.877323583e+00,3.64746e-05,9.99999e-01,6.18394e-05,9.99382e-01,5.90191e-01
1.886710201e+00,8.84454e-05,9.99999e-01,1.40282e-04,9.99395e-01,6.30866e-01
1.896143752e+00,3.48326e-04,9.99999e-01,5.47260e-04,9.99406e-01,6.36868e-01
1.905624471e+00,6.33593e-07,9.99999e-01,9.56086e-07,9.99418e-01,6.63080e-01
1.915152593e+00,2.52479e-08,9.99999e-01,3.38828e-08,9.99430e-01,7.45577e-01
1.924728356e+00,3.31184e-09,9.99999e-01,3.91213e-09,9.99441e-01,8.47028e-01
1.934351998e+00,6.98578e-10,9.99999e-01,7.56759e-10,9.99452e-01,9.23622e-01
1.944023758e+00,3.11700e-06,9.99999e-01,3.20666e-06,9.99463e-01,9.72560e-01
1.953743877e+00,1.36145e-05,9.99999e-01,1.37811e-05,9.99473e-01,9.88428e-01
1.963512596e+00,4.93612e-04,9.99999e-01,4.96780e-04,9.99484e-01,9.94134e-01
1.973330159e+00,3.07534e-03,9.99999e-01,3.08638e-03,9.99494e-01,9.96927e-01
1.983196810e+00,5.20986e-02,9.99999e-01,5.22124e-02,9.99504e-01,9.98314e-01
1.993112794e+00,9.79304e-02,9.99999e-01,9.80680e-02,9.99514e-01,9.99080e-01
2.003078358e+00,2.31458e-01,9.99999e-01,2.31688e-01,9.99523e-01,9.99482e-01
2.013093750e+00,3.86707e-01,9.99999e-01,3.87006e-01,9.99533e-01,9.99691e-01
2.023159218e+00,5.75678e-01,9.99999e-01,5.76066e-01,9.99542e-01,9.99783e-01
2.033275015e+00,6.54461e-01,9.99999e-01,6.54869e-01,9.99551e-01,9.99824e-01
2.043441390e+00,7.68232e-01,9.99999e-01,7.68713e-01,9.99560e-01,9.99814e-01
2.053658597e+00,8.06242e-01,9.99998e-01,8.06795e-01,9.99568e-01,9.99745e-01
2.063926890e+00,8.64908e-01,9.99997e-01,8.65610e-01,9.99577e-01,9.99612e-01
2.074246524e+00,8.81641e-01,9.99996e-01,8.82551e-01,9.99585e-01,9.99384e-01
2.084617757e+00,9.20273e-01,9.99994e-01,9.21547e-01,9.99593e-01,9.99027e-01
2.095040845e+00,9.35930e-01,9.99991e-01,9.37684e-01,9.99601e-01,9.98534e-01
2.105516050e+00,9.43919e-01,9.99989e-01,9.46248e-01,9.99609e-01,9.97937e-01
2.116043630e+00,9.45752e-01,9.99990e-01,9.48525e-01,9.99617e-01,9.97465e-01
2.126623848e+00,9.65266e-01,9.99991e-01,9.68391e-01,9.99624e-01,9.97154e-01
2.137256967e+00,9.66514e-01,9.99992e-01,9.69952e-01,9.99632e-01,9.96827e-01
2.147943252e+00,9.66989e-01,9.99996e-01,9.71041e-01,9.99639e-01,9.96188e-01
2.158682968e+00,9.68833e-01,9.99977e-01,9.73514e-01,9.99646e-01,9.95563e-01
2.169476383e+00,9.68127e-01,9.99992e-01,9.71808e-01,9.99653e-01,9.96564e-01
2.180323765e+00,9.65075e-01,9.99995e-01,9.67851e-01,9.99660e-01,9.97473e-01
2.191225384e+00,9.58543e-01,9.99994e-01,9.60889e-01,9.99667e-01,9.97894e-01
2.202181511e+00,9.49626e-01,9.99995e-01,9.51481e-01,9.99673e-01,9.98378e-01
2.213192418e+00,9.49920e-01,9.99996e-01,9.51297e-01,9.99680e-01,9.98874e-01
2.224258381e+00,9.41321e-01,9.99997e-01,9.42296e-01,9.99686e-01,9.99280e-01
2.235379672e+00,9.50527e-01,9.99997e-01,9.51230e-01,9.99692e-01,9.99569e-01
2.246556571e+00,9.13893e-01,9.99998e-01,9.14418e-01,9.99698e-01,9.99726e-01
2.257789354e+00,9.33587e-01,9.99998e-01,9.34047e-01,9.99704e-01,9.99802e-01
2.269078300e+00,8.43408e-01,9.99999e-01,8.43791e-01,9.99710e-01,9.99835e-01
2.280423692e+00,8.69047e-01,9.99999e-01,8.69441e-01,9.99716e-01,9.99829e-01
2.291825810e+00,7.58845e-01,9.99999e-01,7.59206e-01,9.99721e-01,9.99801e-01
2.303284939e+00,7.81370e-01,9.99999e-01,7.81794e-01,9.99727e-01,9.99729e-01
2.314801364e+00,6.56421e-01,9.99999e-01,6.56846e-01,9.99732e-01,9.99618e-01
2.326375371e+00,6.43894e-01,9.99999e-01,6.44390e-01,9.99737e-01,9.99491e-01
2.338007248e+00,6.09735e-01,9.99999e-01,6.10315e-01,9.99743e-01,9.99306e-01
2.349697284e+00,4.32704e-01,9.99999e-01,4.33220e-01,9.99748e-01,9.99061e-01
2.361445770e+00,4.99212e-01,9.99999e-01,4.99983e-01,9.99753e-01,9.98702e-01
2.373252999e+00,3.95550e-01,9.99999e-01,3.96354e-01,9.99758e-01,9.98213e-01
2.385119264e+00,2.04024e-01,9.99999e-01,2.04563e-01,9.99762e-01,9.97600e-01
2.397044861e+00,3.66737e-01,9.99999e-01,3.68146e-01,9.99767e-01,9.96404e-01
2.409030085e+00,1.60857e-01,9.99999e-01,1.61739e-01,9.99772e-01,9.94774e-01
2.421075235e+00,1.81457e-01,9.99999e-01,1.82837e-01,9.99776e-01,9.92670e-01
2.433180612e+00,8.66574e-02,9.99999e-01,8.75634e-02,9.99780e-01,9.89868e-01
2.445346515e+00,2.13947e-02,9.99999e-01,2.17052e-02,9.99785e-01,9.85905e-01
2.457573247e+00,7.93368e-03,9.99999e-01,8.10225e-03,9.99789e-01,9.79400e-01
2.469861113e+00,2.03335e-04,9.99999e-01,2.09658e-04,9.99793e-01,9.70040e-01
2.482210419e+00,4.84171e-08,9.99999e-01,5.06111e-08,9.99797e-01,9.56841e-01
2.494621471e+00,1.99600e-11,9.99999e-01,2.12956e-11,9.99801e-01,9.37467e-01
2.507094578e+00,1.21279e-20,9.99999e-01,1.34271e-20,9.99805e-01,9.03415e-01
2.519630051e+00,2.03561e-31,9.99999e-01,2.42417e-31,9.99809e-01,8.39876e-01
2.532228202e+00,6.31123e-42,9.99999e-01,8.68186e-42,9.99813e-01,7.27078e-01
2.544889343e+00,7.64637e-57,9.99999e-01,1.44605e-56,9.99816e-01,5.28873e-01
2.557613789e+00,5.78237e-56,9.99999e-01,2.00514e-55,9.99820e-01,2.88429e-01
2.570401858e+00,1.06232e-92,9.99999e-01,1.09017e-91,9.99823e-01,9.74622e-02
2.583253867e+00,2.48783e-79,9.99999e-01,9.95661e-78,9.99827e-01,2.49910e-02
2.596170137e+00,4.31032e-68,9.99999e-01,4.46444e-66,9.99830e-01,9.65639e-03
2.609150988e+00,7.41235e-49,9.99999e-01,1.52615e-46,9.99834e-01,4.85770e-03
2.622196742e+00,1.69145e-41,9.99999e-01,3.89914e-39,9.99837e-01,4.33870e-03
2.635307726e+00,2.96801e-20,9.99999e-01,4.79652e-18,9.99840e-01,6.18881e-03
2.648484265e+00,7.97390e-24,9.99999e-01,1.15213e-21,9.99843e-01,6.92210e-03
2.661726686e+00,3.93630e-40,9.99999e-01,6.14235e-38,9.99846e-01,6.40944e-03
2.675035320e+00,2.36244e-139,9.99999e-01,3.52735e-137,9.99849e-01,6.69850e-03
2.688410496e+00,7.09435e-69,9.99999e-01,8.12195e-67,9.99852e-01,8.73607e-03
2.701852549e+00,2.11836e-60,9.99999e-01,2.09157e-58,9.99855e-01,1.01295e-02
2.715361811e+00,7.43464e-60,9.99999e-01,6.27820e-58,9.99858e-01,1.18436e-02
2.728938620e+00,4.35967e-43,9.99999e-01,2.37939e-41,9.99861e-01,1.83252e-02
2.742583314e+00,1.30720e-45,9.99999e-01,3.18792e-44,9.99864e-01,4.10103e-02
2.756296230e+00,7.69492e-47,9.99999e-01,7.26481e-46,9.99866e-01,1.05934e-01
2.770077711e+00,2.14490e-63,9.99999e-01,9.13141e-63,9.99869e-01,2.34922e-01
2.783928100e+00,3.91920e-63,9.99999e-01,1.08031e-62,9.99871e-01,3.62832e-01
2.797847740e+00,4.71017e-48,9.99999e-01,9.27420e-48,9.99874e-01,5.07942e-01
2.811836979e+00,4.60087e-51,9.99999e-01,6.97487e-51,9.99876e-01,6.59716e-01
2.825896164e+00,3.79523e-44,9.99999e-01,4.96410e-44,9.99879e-01,7.64626e-01
2.840025645e+00,6.74915e-34,9.99999e-01,8.19286e-34,9.99881e-01,8.23881e-01
2.854225773e+00,9.13466e-30,9.99999e-01,1.05740e-29,9.99884e-01,8.63977e-01
2.868496902e+00,4.32390e-28,9.99999e-01,4.77001e-28,9.99886e-01,9.06578e-01
2.882839386e+00,1.92999e-22,9.99999e-01,2.06218e-22,9.99888e-01,9.36003e-01
2.897253583e+00,3.94876e-19,9.99999e-01,4.14804e-19,9.99890e-01,9.52060e-01
2.911739851e+00,4.17683e-13,9.99999e-01,4.33872e-13,9.99892e-01,9.62790e-01
2.926298550e+00,1.22450e-09,9.99999e-01,1.25935e-09,9.99895e-01,9.72428e-01
2.940930043e+00,2.18062e-09,9.99999e-01,2.23029e-09,9.99897e-01,9.77827e-01
2.955634693e+00,3.45919e-09,9.99999e-01,3.52958e-09,9.99899e-01,9.80154e-01
2.970412867e+00,1.70119e-08,9.99999e-01,1.73147e-08,9.99901e-01,9.82613e-01
2.985264931e+00,1.75113e-06,9.99999e-01,1.78020e-06,9.99903e-01,9.83764e-01
3.000191256e+00,1.02380e-05,9.99999e-01,1.04117e-05,9.99904e-01,9.83412e-01
3.015192212e+00,6.39440e-05,9.99999e-01,6.51962e-05,9.99906e-01,9.80883e-01
3.030268173e+00,3.04583e-04,9.99999e-01,3.11858e-04,9.99908e-01,9.76761e-01
3.045419514e+00,5.12500e-05,9.99999e-01,5.26654e-05,9.99910e-01,9.73210e-01
3.060646612e+00,2.27096e-03,9.99999e-01,2.34652e-03,9.99912e-01,9.67883e-01
3.075949845e+00,2.84556e-03,9.99999e-01,2.95103e-03,9.99913e-01,9.64342e-01
3.091329594e+00,2.23130e-03,9.99999e-01,2.31901e-03,9.99915e-01,9.62255e-01
3.106786242e+00,7.50427e-03,9.99999e-01,7.79836e-03,9.99917e-01,9.62367e-01
3.122320173e+00,1.45643e-02,9.99999e-01,1.51004e-02,9.99918e-01,9.64573e-01
3.137931774e+00,1.73118e-02,9.99999e-01,1.78687e-02,9.99920e-01,9.68909e-01
3.153621433e+00,6.75678e-02,9.99999e-01,6.95236e-02,9.99922e-01,9.71942e-01
3.169389540e+00,8.61374e-02,9.99999e-01,8.87257e-02,9.99923e-01,9.70901e-01
3.185236488e+00,5.28196e-02,9.99999e-01,5.46565e-02,9.99925e-01,9.66463e-01
3.201162670e+00,2.82675e-03,9.99999e-01,2.93746e-03,9.99926e-01,9.62382e-01
3.217168483e+00,1.36022e-02,9.99999e-01,1.41826e-02,9.99927e-01,9.59141e-01
3.233254326e+00,5.38771e-02,9.99999e-01,5.61314e-02,9.99929e-01,9.59906e-01
3.249420598e+00,1.36156e-01,9.99999e-01,1.41248e-01,9.99930e-01,9.64016e-01
3.265667701e+00,5.24800e-02,9.99999e-01,5.42030e-02,9.99932e-01,9.68276e-01
3.281996039e+00,9.49893e-02,9.99999e-01,9.75999e-02,9.99933e-01,9.73315e-01
3.298406019e+00,2.15134e-02,9.99999e-01,2.19892e-02,9.99934e-01,9.78428e-01
3.314898049e+00,1.77826e-02,9.99999e-01,1.80754e-02,9.99936e-01,9.83859e-01
3.331472540e+00,4.23156e-02,9.99999e-01,4.28142e-02,9.99937e-01,9.88415e-01
3.348129902e+00,3.44333e-02,9.99999e-01,3.47244e-02,9.99938e-01,9.91674e-01
3.364870552e+00,6.50796e-02,9.99999e-01,6.58483e-02,9.99939e-01,9.88385e-01
3.381694905e+00,8.88308e-02,9.99999e-01,8.95444e-02,9.99940e-01,9.92088e-01
3.398603379e+00,1.69615e-01,9.99999e-01,1.70932e-01,9.99942e-01,9.92353e-01
3.415596396e+00,2.69383e-01,9.99999e-01,2.71355e-01,9.99943e-01,9.92788e-01
3.432674378e+00,2.92832e-01,9.99999e-01,2.94022e-01,9.99944e-01,9.96008e-01
3.449837750e+00,4.30490e-01,9.99999e-01,4.31681e-01,9.99945e-01,9.97295e-01
3.467086939e+00,5.58325e-01,9.99999e-01,5.60072e-01,9.99946e-01,9.96932e-01
3.484422373e+00,5.78114e-01,9.99999e-01,5.80133e-01,9.99947e-01,9.96570e-01
3.501844485e+00,7.29062e-01,9.99999e-01,7.30783e-01,9.99948e-01,9.97695e-01
3.519353708e+00,7.68530e-01,9.99999e-01,7.69214e-01,9.99949e-01,9.99160e-01
3.536950476e+00,7.88954e-01,9.99999e-01,7.89365e-01,9.99950e-01,9.99526e-01
3.554635228e+00,8.63520e-01,9.99999e-01,8.64208e-01,9.99951e-01,9.99251e-01
3.572408405e+00,8.67787e-01,9.99999e-01,8.68642e-01,9.99952e-01,9.99062e-01
3.590270447e+00,9.05742e-01,9.99999e-01,9.06735e-01,9.99953e-01,9.98950e-01
3.608221799e+00,9.25433e-01,9.99999e-01,9.26779e-01,9.99954e-01,9.98592e-01
3.626262908e+00,9.35443e-01,9.99999e-01,9.37092e-01,9.99955e-01,9.98283e-01
3.644394222e+00,9.59657e-01,9.99999e-01,9.61906e-01,9.99956e-01,9.97705e-01
3.662616193e+00,9.34983e-01,9.99999e-01,9.37745e-01,9.99956e-01,9.97096e-01
3.680929274e+00,8.97246e-01,9.99999e-01,9.00639e-01,9.99957e-01,9.96274e-01
3.699333921e+00,9.47687e-01,9.99999e-01,9.52199e-01,9.99958e-01,9.95301e-01
3.717830590e+00,9.56744e-01,9.99999e-01,9.62520e-01,9.99959e-01,9.94038e-01
3.736419743e+00,9.48827e-01,9.99999e-01,9.56275e-01,9.99960e-01,9.92250e-01
3.755101842e+00,9.43961e-01,9.99998e-01,9.53156e-01,9.99960e-01,9.90391e-01
3.773877351e+00,9.49503e-01,9.99997e-01,9.61226e-01,9.99961e-01,9.87843e-01
3.792746738e+00,9.38334e-01,9.99996e-01,9.53342e-01,9.99962e-01,9.84296e-01
3.811710472e+00,9.24272e-01,9.99993e-01,9.43041e-01,9.99963e-01,9.80138e-01
3.830769024e+00,9.15176e-01,9.99990e-01,9.38652e-01,9.99963e-01,9.75033e-01
3.849922869e+00,8.83093e-01,9.99982e-01,9.11846e-01,9.99964e-01,9.68516e-01
3.869172484e+00,8.62151e-01,9.99974e-01,8.97737e-01,9.99965e-01,9.60415e-01
3.888518346e+00,8.94178e-01,9.99956e-01,9.41698e-01,9.99965e-01,9.49610e-01
3.907960938e+00,8.74743e-01,9.99946e-01,9.35126e-01,9.99966e-01,9.35506e-01
3.927500742e+00,6.06947e-01,9.99907e-01,6.61598e-01,9.99967e-01,9.17496e-01
3.947138246e+00,6.88180e-01,9.99870e-01,7.69633e-01,9.99967e-01,8.94301e-01
3.966873937e+00,4.50263e-01,9.99852e-01,5.20640e-01,9.99968e-01,8.64952e-01
3.986708307e+00,7.38186e-01,9.99760e-01,8.89853e-01,9.99969e-01,8.29773e-01
4.006641849e+00,7.56330e-01,9.99685e-01,9.59078e-01,9.99969e-01,7.88867e-01
4.026675058e+00,7.08665e-01,9.99741e-01,9.52799e-01,9.99970e-01,7.43983e-01
4.046808433e+00,6.58506e-01,9.99727e-01,9.43250e-01,9.99970e-01,6.98332e-01
4.067042475e+00,6.12304e-01,9.99611e-01,9.34862e-01,9.99971e-01,6.55236e-01
4.087377688e+00,5.73940e-01,9.99545e-01,9.30341e-01,9.99972e-01,6.17206e-01
4.107814576e+00,5.31518e-01,9.99469e-01,9.04807e-01,9.99972e-01,5.87760e-01
4.128353649e+00,4.85988e-01,9.99464e-01,8.54505e-01,9.99973e-01,5.69047e-01
4.148995417e+00,4.60766e-01,9.99630e-01,8.22500e-01,9.99973e-01,5.60414e-01
4.169740394e+00,4.11501e-01,9.99657e-01,7.32527e-01,9.99974e-01,5.61952e-01
4.190589096e+00,3.89820e-01,9.99681e-01,6.84329e-01,9.99974e-01,5.69820e-01
4.211542042e+00,3.15023e-01,9.99705e-01,5.50870e-01,9.99975e-01,5.72034e-01
4.232599752e+00,2.89464e-01,9.99820e-01,5.17676e-01,9.99975e-01,5.59263e-01
4.253762751e+00,2.26133e-01,9.99874e-01,4.34166e-01,9.99976e-01,5.20917e-01
4.275031564e+00,1.44014e-01,9.99793e-01,3.15845e-01,9.99976e-01,4.56058e-01
4.296406722e+00,9.70233e-02,9.97990e-01,2.22543e-01,9.99977e-01,4.36730e-01
4.317888756e+00,1.30989e-01,9.99605e-01,2.67597e-01,9.99977e-01,4.89682e-01
4.339478200e+00,1.09120e-01,9.99767e-01,1.90898e-01,9.99977e-01,5.71743e-01
4.361175591e+00,9.22090e-02,9.99811e-01,1.47134e-01,9.99978e-01,6.26803e-01
4.382981469e+00,9.77496e-02,9.99799e-01,1.48970e-01,9.99978e-01,6.56283e-01
4.404896376e+00,9.33293e-02,9.99719e-01,1.38605e-01,9.99979e-01,6.73479e-01
4.426920858e+00,4.98129e-02,9.99717e-01,7.23691e-02,9.99979e-01,6.88435e-01
4.449055462e+00,9.98321e-02,9.99803e-01,1.41485e-01,9.99979e-01,7.05726e-01
4.471300739e+00,5.97728e-02,9.99794e-01,8.22235e-02,9.99980e-01,7.27075e-01
4.493657243e+00,1.02919e-01,9.99822e-01,1.36810e-01,9.99980e-01,7.52402e-01
4.516125529e+00,3.97775e-02,9.99830e-01,5.10063e-02,9.99981e-01,7.79945e-01
4.538706157e+00,8.41984e-02,9.99799e-01,1.04079e-01,9.99981e-01,8.09074e-01
4.561399688e+00,7.90127e-02,9.99859e-01,9.43075e-02,9.99981e-01,8.37890e-01
4.584206686e+00,1.25175e-01,9.99888e-01,1.44740e-01,9.99982e-01,8.64898e-01
4.607127720e+00,7.56072e-02,9.99890e-01,8.50215e-02,9.99982e-01,8.89331e-01
4.630163358e+00,1.78788e-02,9.99931e-01,1.96306e-02,9.99982e-01,9.10808e-01
4.653314175e+00,1.51625e-02,9.99934e-01,1.63266e-02,9.99983e-01,9.28751e-01
4.676580746e+00,2.58277e-03,9.99937e-01,2.73815e-03,9.99983e-01,9.43287e-01
4.699963650e+00,1.17941e-02,9.99966e-01,1.23515e-02,9.99983e-01,9.54904e-01
4.723463468e+00,2.32000e-03,9.99959e-01,2.40694e-03,9.99984e-01,9.63906e-01
4.747080785e+00,2.24951e-02,9.99978e-01,2.31777e-02,9.99984e-01,9.70579e-01
4.770816189e+00,3.61171e-03,9.99980e-01,3.70238e-03,9.99984e-01,9.75531e-01
4.794670270e+00,7.46614e-04,9.99979e-01,7.62499e-04,9.99985e-01,9.79189e-01
4.818643622e+00,5.02574e-04,9.99989e-01,5.11914e-04,9.99985e-01,9.81773e-01
4.842736840e+00,1.49809e-04,9.99990e-01,1.52367e-04,9.99985e-01,9.83226e-01
4.866950524e+00,1.66817e-03,9.99994e-01,1.69589e-03,9.99985e-01,9.83670e-01
4.891285276e+00,6.15823e-05,9.99994e-01,6.26384e-05,9.99986e-01,9.83154e-01
4.915741703e+00,2.84349e-04,9.99996e-01,2.89472e-04,9.99986e-01,9.82315e-01
4.940320411e+00,3.29399e-05,9.99997e-01,3.36019e-05,9.99986e-01,9.80311e-01
4.965022013e+00,1.79649e-06,9.99997e-01,1.83730e-06,9.99986e-01,9.77800e-01
4.989847123e+00,1.79512e-05,9.99998e-01,1.84063e-05,9.99987e-01,9.75285e-01
5.014796359e+00,3.43069e-07,9.99998e-01,3.53106e-07,9.99987e-01,9.71586e-01
5.039870341e+00,9.79598e-07,9.99998e-01,1.01286e-06,9.99987e-01,9.67174e-01
5.065069693e+00,1.54099e-06,9.99999e-01,1.60487e-06,9.99987e-01,9.60206e-01
5.090395041e+00,3.61879e-09,9.99999e-01,3.79752e-09,9.99988e-01,9.52943e-01
5.115847016e+00,1.14014e-09,9.99999e-01,1.20858e-09,9.99988e-01,9.43383e-01
5.141426251e+00,2.30851e-12,9.99999e-01,2.48131e-12,9.99988e-01,9.30368e-01
5.167133383e+00,8.25886e-14,9.99999e-01,8.99789e-14,9.99988e-01,9.17876e-01
5.192969049e+00,9.13096e-14,9.99999e-01,1.01063e-13,9.99988e-01,9.03497e-01
5.218933895e+00,2.69990e-21,9.99999e-01,3.05142e-21,9.99989e-01,8.84808e-01
5.245028564e+00,3.26063e-16,9.99999e-01,3.78750e-16,9.99989e-01,8.60900e-01
5.271253707e+00,3.22077e-17,9.99999e-01,3.88253e-17,9.99989e-01,8.29561e-01
5.297609976e+00,2.64684e-20,9.99999e-01,3.33599e-20,9.99989e-01,7.93427e-01
5.324098025e+00,8.55353e-21,9.99999e-01,1.13787e-20,9.99989e-01,7.51718e-01
5.350718516e+00,3.00398e-25,9.99999e-01,4.30650e-25,9.99990e-01,6.97550e-01
5.377472108e+00,4.12047e-26,9.99999e-01,6.35035e-26,9.99990e-01,6.48863e-01
5.404359469e+00,4.11377e-26,9.99999e-01,6.89479e-26,9.99990e-01,5.96653e-01
5.431381266e+00,1.67091e-47,9.99999e-01,3.02614e-47,9.99990e-01,5.52162e-01
5.458538172e+00,1.20383e-47,9.99999e-01,2.41522e-47,9.99990e-01,4.98438e-01
5.485830863e+00,8.48662e-51,9.99999e-01,1.95437e-50,9.99991e-01,4.34242e-01
5.513260018e+00,1.08946e-53,9.99999e-01,2.90602e-53,9.99991e-01,3.74898e-01
5.540826318e+00,1.75416e-56,9.99999e-01,5.58311e-56,9.99991e-01,3.14193e-01
5.568530449e+00,8.29111e-88,9.99999e-01,3.21414e-87,9.99991e-01,2.57959e-01
5.596373101e+00,5.48128e-84,9.99999e-01,2.62639e-83,9.99991e-01,2.08701e-01
5.624354967e+00,5.80404e-76,9.99999e-01,3.51712e-75,9.99991e-01,1.65023e-01
5.652476742e+00,6.05678e-83,9.99999e-01,4.78145e-82,9.99991e-01,1.26673e-01
5.680739126e+00,1.43319e-95,9.99999e-01,1.52524e-94,9.99992e-01,9.39652e-02
5.709142821e+00,3.71235e-104,9.99999e-01,5.42948e-103,9.99992e-01,6.83743e-02
5.737688535e+00,3.87038e-101,9.99999e-01,8.43626e-100,9.99992e-01,4.58781e-02
5.766376978e+00,1.33611e-77,9.99999e-01,4.64371e-76,9.99992e-01,2.87727e-02
5.795208863e+00,3.97911e-71,9.99999e-01,2.37197e-69,9.99992e-01,1.67757e-02
5.824184907e+00,1.99472e-86,9.99999e-01,2.09143e-84,9.99992e-01,9.53762e-03
5.853305832e+00,3.24798e-85,9.99999e-01,5.75134e-83,9.99992e-01,5.64737e-03
5.882572361e+00,2.06773e-104,9.99999e-01,5.72626e-102,9.99993e-01,3.61097e-03
5.911985223e+00,1.77783e-100,9.99999e-01,7.38619e-98,9.99993e-01,2.40697e-03
5.941545149e+00,1.36011e-103,9.99999e-01,8.15266e-101,9.99993e-01,1.66831e-03
5.971252874e+00,6.57887e-90,9.99999e-01,4.91881e-87,9.99993e-01,1.33750e-03
6.001109139e+00,1.05939e-61,9.99999e-01,8.48080e-59,9.99993e-01,1.24917e-03
6.031114685e+00,1.31476e-67,9.99999e-01,9.72312e-65,9.99993e-01,1.35221e-03
6.061270258e+00,3.60604e-67,9.99999e-01,2.15455e-64,9.99993e-01,1.67369e-03
6.091576609e+00,3.25709e-57,9.99999e-01,1.46733e-54,9.99993e-01,2.21975e-03
6.122034492e+00,2.78289e-37,9.99999e-01,8.78102e-35,9.99994e-01,3.16922e-03
6.152644665e+00,9.50346e-38,9.99999e-01,2.01847e-35,9.99994e-01,4.70826e-03
6.183407888e+00,4.81633e-26,9.99999e-01,7.26778e-24,9.99994e-01,6.62699e-03
6.214324928e+00,2.35960e-18,9.99999e-01,2.91023e-16,9.99994e-01,8.10799e-03
6.245396552e+00,2.00768e-13,9.99999e-01,2.48191e-11,9.99994e-01,8.08929e-03
6.276623535e+00,5.28707e-14,9.99999e-01,7.99754e-12,9.99994e-01,6.61089e-03
6.308006653e+00,5.31882e-14,9.99999e-01,1.13246e-11,9.99994e-01,4.69673e-03
6.339546686e+00,4.87191e-27,9.99999e-01,1.57299e-24,9.99994e-01,3.09724e-03
6.371244419e+00,7.96601e-55,9.99999e-01,3.96136e-52,9.99994e-01,2.01093e-03
6.403100641e+00,3.13838e-76,9.99999e-01,2.32983e-73,9.99994e-01,1.34705e-03
6.435116145e+00,8.27130e-164,9.99999e-01,7.94306e-161,9.99995e-01,1.04133e-03
6.467291725e+00,8.52821e-165,9.99999e-01,9.21704e-162,9.99995e-01,9.25269e-04
6.499628184e+00,1.04534e-187,9.99999e-01,1.10599e-184,9.99995e-01,9.45164e-04
6.532126325e+00,5.63457e-166,9.99999e-01,5.07958e-163,9.99995e-01,1.10926e-03
6.564786956e+00,8.84616e-199,9.99999e-01,5.59789e-196,9.99995e-01,1.58027e-03
6.597610891e+00,6.83862e-267,9.99999e-01,2.80398e-264,9.99995e-01,2.43890e-03
6.630598946e+00,4.13368e-176,9.99999e-01,1.05664e-173,9.99995e-01,3.91213e-03
6.663751940e+00,5.87952e-164,9.99999e-01,9.38481e-162,9.99995e-01,6.26495e-03
6.697070700e+00,5.98550e-130,9.99999e-01,6.00122e-128,9.99995e-01,9.97383e-03
6.730556054e+00,1.71795e-89,9.99999e-01,1.10485e-87,9.99995e-01,1.55492e-02
6.764208834e+00,2.35592e-89,9.99999e-01,9.77266e-88,9.99995e-01,2.41073e-02
6.798029878e+00,6.00003e-109,9.99999e-01,1.58528e-107,9.99995e-01,3.78485e-02
6.832020027e+00,8.07836e-109,9.99999e-01,1.46601e-107,9.99995e-01,5.51044e-02
6.866180128e+00,1.01363e-124,9.99999e-01,1.31043e-123,9.99996e-01,7.73515e-02
6.900511028e+00,7.65298e-72,9.99999e-01,7.25013e-71,9.99996e-01,1.05557e-01
6.935013583e+00,1.39226e-71,9.99999e-01,9.84775e-71,9.99996e-01,1.41379e-01
6.969688651e+00,1.13060e-89,9.99999e-01,6.08208e-89,9.99996e-01,1.85890e-01
7.004537095e+00,2.81065e-88,9.99999e-01,1.17213e-87,9.99996e-01,2.39791e-01
7.039559780e+00,1.08218e-95,9.99999e-01,3.57465e-95,9.99996e-01,3.02739e-01
7.074757579e+00,2.89142e-75,9.99999e-01,7.93016e-75,9.99996e-01,3.64612e-01
7.110131367e+00,1.54300e-74,9.99999e-01,3.58133e-74,9.99996e-01,4.30845e-01
7.145682024e+00,1.94105e-83,9.99999e-01,3.88220e-83,9.99996e-01,4.99989e-01
7.181410434e+00,8.83781e-106,9.99999e-01,1.56166e-105,9.99996e-01,5.65925e-01
7.217317486e+00,3.05977e-78,9.99999e-01,4.88038e-78,9.99996e-01,6.26955e-01
7.253404073e+00,2.46456e-78,9.99999e-01,3.60004e-78,9.99996e-01,6.84593e-01
7.289671094e+00,1.18887e-68,9.99999e-01,1.61726e-68,9.99996e-01,7.35114e-01
7.326119449e+00,1.96168e-68,9.99999e-01,2.51229e-68,9.99996e-01,7.80837e-01
7.362750046e+00,4.44553e-50,9.99999e-01,5.40643e-50,9.99996e-01,8.22269e-01
7.399563797e+00,6.36026e-41,9.99999e-01,7.43207e-41,9.99996e-01,8.55788e-01
7.436561616e+00,1.14740e-44,9.99999e-01,1.30053e-44,9.99996e-01,8.82255e-01
7.473744424e+00,4.07688e-42,9.99999e-01,4.50037e-42,9.99997e-01,9.05902e-01
7.511113146e+00,2.54082e-36,9.99999e-01,2.74335e-36,9.99997e-01,9.26177e-01
7.548668712e+00,3.50929e-38,9.99999e-01,3.73327e-38,9.99997e-01,9.40005e-01
7.586412055e+00,2.93448e-68,9.99999e-01,3.08333e-68,9.99997e-01,9.51725e-01
7.624344115e+00,6.39806e-34,9.99999e-01,6.65647e-34,9.99997e-01,9.61180e-01
7.662465836e+00,4.81188e-21,9.99999e-01,4.96981e-21,9.99997e-01,9.68224e-01
7.700778165e+00,2.34979e-21,9.99999e-01,2.41221e-21,9.99997e-01,9.74124e-01
7.739282056e+00,1.75960e-34,9.99999e-01,1.79849e-34,9.99997e-01,9.78378e-01
7.777978466e+00,9.48627e-24,9.99999e-01,9.65775e-24,9.99997e-01,9.82245e-01
7.816868359e+00,1.43245e-19,9.99999e-01,1.45323e-19,9.99997e-01,9.85707e-01
7.855952700e+00,4.61573e-20,9.99999e-01,4.67203e-20,9.99997e-01,9.87951e-01
7.895232464e+00,5.36008e-20,9.99999e-01,5.41558e-20,9.99997e-01,9.89753e-01
7.934708626e+00,1.45152e-12,9.99999e-01,1.46430e-12,9.99997e-01,9.91270e-01
7.974382169e+00,2.74423e-09,9.99999e-01,2.76547e-09,9.99997e-01,9.92321e-01
8.014254080e+00,5.19967e-10,9.99999e-01,5.23449e-10,9.99997e-01,9.93347e-01
8.054325351e+00,1.52641e-09,9.99999e-01,1.53510e-09,9.99997e-01,9.94341e-01
8.094596977e+00,1.69682e-07,9.99999e-01,1.70490e-07,9.99997e-01,9.95263e-01
8.135069962e+00,2.10250e-07,9.99999e-01,2.11072e-07,9.99997e-01,9.96105e-01
8.175745312e+00,3.04923e-08,9.99999e-01,3.05938e-08,9.99997e-01,9.96684e-01
8.216624039e+00,3.09690e-06,9.99999e-01,3.10574e-06,9.99997e-01,9.97155e-01
8.257707159e+00,5.85409e-05,9.99999e-01,5.86851e-05,9.99997e-01,9.97544e-01
8.298995695e+00,7.56103e-04,9.99999e-01,7.57784e-04,9.99997e-01,9.97782e-01
8.340490673e+00,1.33419e-04,9.99999e-01,1.33684e-04,9.99997e-01,9.98011e-01
8.382193126e+00,2.08927e-03,9.99999e-01,2.09294e-03,9.99997e-01,9.98250e-01
8.424104092e+00,4.72668e-04,9.99999e-01,4.73394e-04,9.99997e-01,9.98466e-01
8.466224613e+00,1.48482e-03,9.99999e-01,1.48680e-03,9.99998e-01,9.98667e-01
8.508555736e+00,5.96040e-04,9.99999e-01,5.96756e-04,9.99998e-01,9.98800e-01
8.551098514e+00,1.82732e-02,9.99999e-01,1.82930e-02,9.99998e-01,9.98916e-01
8.593854007e+00,7.79683e-02,9.99999e-01,7.80467e-02,9.99998e-01,9.98995e-01
8.636823277e+00,9.93888e-02,9.99999e-01,9.94806e-02,9.99998e-01,9.99077e-01
8.680007393e+00,2.47240e-02,9.99999e-01,2.47447e-02,9.99998e-01,9.99163e-01
8.723407430e+00,5.16524e-02,9.99999e-01,5.16911e-02,9.99998e-01,9.99250e-01
8.767024467e+00,3.04577e-02,9.99999e-01,3.04779e-02,9.99998e-01,9.99338e-01
8.810859590e+00,4.00872e-02,9.99999e-01,4.01119e-02,9.99998e-01,9.99386e-01
8.854913888e+00,2.30486e-01,9.99999e-01,2.30617e-01,9.99998e-01,9.99430e-01
8.899188457e+00,1.85327e-01,9.99999e-01,1.85426e-01,9.99998e-01,9.99464e-01
8.943684399e+00,1.11737e-01,9.99999e-01,1.11794e-01,9.99998e-01,9.99494e-01
8.988402821e+00,9.60696e-02,9.99999e-01,9.61159e-02,9.99998e-01,9.99518e-01
9.033344836e+00,5.90408e-02,9.99999e-01,5.90677e-02,9.99998e-01,9.99544e-01
9.078511560e+00,1.16715e-01,9.99999e-01,1.16765e-01,9.99998e-01,9.99571e-01
9.123904118e+00,2.19233e-01,9.99999e-01,2.19324e-01,9.99998e-01,9.99584e-01
9.169523638e+00,1.56865e-01,9.99999e-01,1.56928e-01,9.99998e-01,9.99594e-01
9.215371256e+00,3.70668e-01,9.99999e-01,3.70815e-01,9.99998e-01,9.99602e-01
9.261448113e+00,3.38765e-01,9.99999e-01,3.38897e-01,9.99998e-01,9.99610e-01
9.307755353e+00,2.04911e-01,9.99999e-01,2.04990e-01,9.99998e-01,9.99616e-01
9.354294130e+00,1.50593e-01,9.99999e-01,1.50651e-01,9.99998e-01,9.99619e-01
9.401065601e+00,5.69377e-02,9.99999e-01,5.69595e-02,9.99998e-01,9.99616e-01
9.448070929e+00,1.03930e-01,9.99999e-01,1.03970e-01,9.99998e-01,9.99611e-01
9.495311283e+00,3.11850e-01,9.99999e-01,3.11974e-01,9.99998e-01,9.99602e-01
9.542787840e+00,4.22129e-01,9.99999e-01,4.22301e-01,9.99998e-01,9.99592e-01
9.590501779e+00,2.59599e-01,9.99999e-01,2.59708e-01,9.99998e-01,9.99580e-01
9.638454288e+00,2.51656e-01,9.99999e-01,2.51765e-01,9.99998e-01,9.99568e-01
9.686646559e+00,2.77457e-01,9.99999e-01,2.77581e-01,9.99998e-01,9.99556e-01
9.735079792e+00,3.83002e-01,9.99999e-01,3.83178e-01,9.99998e-01,9.99541e-01
9.783755191e+00,3.06545e-01,9.99999e-01,3.06691e-01,9.99998e-01,9.99524e-01
9.832673967e+00,7.66794e-02,9.99999e-01,7.67174e-02,9.99998e-01,9.99505e-01
9.881837337e+00,1.63941e-02,9.99999e-01,1.64026e-02,9.99998e-01,9.99484e-01
9.931246523e+00,1.75727e-01,9.99999e-01,1.75822e-01,9.99998e-01,9.99460e-01
9.980902756e+00,3.17759e-01,9.99999e-01,3.17939e-01,9.99998e-01,9.99435e-01
1.003080727e+01,3.19408e-01,9.99999e-01,3.19597e-01,9.99998e-01,9.99408e-01
1.008096131e+01,3.70509e-01,9.99999e-01,3.70739e-01,9.99998e-01,9.99380e-01
1.013136611e+01,4.67442e-01,9.99999e-01,4.67746e-01,9.99998e-01,9.99350e-01
1.018202294e+01,5.07712e-01,9.99999e-01,5.08058e-01,9.99998e-01,9.99319e-01
1.023293306e+01,3.05320e-01,9.99999e-01,3.05538e-01,9.99998e-01,9.99285e-01
1.028409772e+01,1.20843e-01,9.99999e-01,1.20934e-01,9.99998e-01,9.99250e-01
1.033551821e+01,9.82116e-02,9.99999e-01,9.82891e-02,9.99998e-01,9.99212e-01
1.038719580e+01,2.76652e-02,9.99999e-01,2.76881e-02,9.99998e-01,9.99172e-01
1.043913178e+01,3.09288e-02,9.99999e-01,3.09557e-02,9.99998e-01,9.99129e-01
1.049132744e+01,1.23540e-01,9.99999e-01,1.23654e-01,9.99998e-01,9.99083e-01
1.054378408e+01,2.01749e-01,9.99999e-01,2.01944e-01,9.99998e-01,9.99035e-01
1.059650300e+01,1.85005e-01,9.99999e-01,1.85193e-01,9.99998e-01,9.98985e-01
1.064948551e+01,1.55172e-01,9.99999e-01,1.55338e-01,9.99998e-01,9.98933e-01
1.070273294e+01,7.24281e-02,9.99999e-01,7.25095e-02,9.99998e-01,9.98876e-01
1.075624661e+01,8.29594e-02,9.99999e-01,8.30576e-02,9.99998e-01,9.98818e-01
1.081002784e+01,8.89050e-02,9.99999e-01,8.90156e-02,9.99998e-01,9.98757e-01
1.086407798e+01,1.81405e-02,9.99999e-01,1.81642e-02,9.99998e-01,9.98696e-01
1.091839837e+01,3.52041e-03,9.99999e-01,3.52525e-03,9.99998e-01,9.98625e-01
1.097299036e+01,1.41866e-04,9.99999e-01,1.42072e-04,9.99998e-01,9.98554e-01
1.102785531e+01,5.52433e-05,9.99999e-01,5.53275e-05,9.99998e-01,9.98478e-01
1.108299459e+01,9.02965e-03,9.99999e-01,9.04412e-03,9.99998e-01,9.98399e-01
1.113840956e+01,6.77696e-02,9.99999e-01,6.78839e-02,9.99999e-01,9.98316e-01
1.119410161e+01,1.20484e-01,9.99999e-01,1.20697e-01,9.99999e-01,9.98230e-01
1.125007212e+01,5.56769e-02,9.99999e-01,5.57807e-02,9.99999e-01,9.98139e-01
1.130632248e+01,4.10281e-02,9.99999e-01,4.11086e-02,9.99999e-01,9.98040e-01
1.136285409e+01,8.87975e-02,9.99999e-01,8.89809e-02,9.99999e-01,9.97939e-01
1.141966836e+01,1.09936e-01,9.99999e-01,1.10174e-01,9.99999e-01,9.97833e-01
1.147676670e+01,6.77658e-02,9.99999e-01,6.79201e-02,9.99999e-01,9.97727e-01
1.153415054e+01,1.13142e-02,9.99999e-01,1.13413e-02,9.99999e-01,9.97612e-01
1.159182129e+01,2.64199e-03,9.99999e-01,2.64863e-03,9.99999e-01,9.97494e-01
1.164978039e+01,1.01811e-04,9.99999e-01,1.02080e-04,9.99999e-01,9.97369e-01
1.170802930e+01,9.53655e-06,9.99999e-01,9.56297e-06,9.99999e-01,9.97237e-01
1.176656944e+01,7.85073e-04,9.99999e-01,7.87355e-04,9.99999e-01,9.97101e-01
1.182540229e+01,9.00576e-03,9.99999e-01,9.03333e-03,9.99999e-01,9.96948e-01
1.188452930e+01,9.40765e-03,9.99999e-01,9.43790e-03,9.99999e-01,9.96794e-01
1.194395195e+01,1.74133e-02,9.99999e-01,1.74724e-02,9.99999e-01,9.96621e-01
1.200367171e+01,4.05986e-02,9.99999e-01,4.07436e-02,9.99999e-01,9.96441e-01
1.206369007e+01,1.24060e-02,9.99999e-01,1.24527e-02,9.99999e-01,9.96254e-01
1.212400852e+01,3.75514e-02,9.99999e-01,3.77002e-02,9.99999e-01,9.96052e-01
1.218462856e+01,3.56950e-02,9.99999e-01,3.58437e-02,9.99999e-01,9.95849e-01
1.224555170e+01,1.86468e-03,9.99999e-01,1.87284e-03,9.99999e-01,9.95644e-01
1.230677946e+01,2.56052e-04,9.99999e-01,2.57225e-04,9.99999e-01,9.95438e-01
1.236831336e+01,8.71431e-06,9.99999e-01,8.75614e-06,9.99999e-01,9.95223e-01
1.243015492e+01,2.41486e-08,9.99999e-01,2.42700e-08,9.99999e-01,9.94996e-01
1.249230570e+01,5.98942e-08,9.99999e-01,6.02092e-08,9.99999e-01,9.94768e-01
1.255476723e+01,5.51031e-07,9.99999e-01,5.54065e-07,9.99999e-01,9.94522e-01
1.261754106e+01,4.82732e-04,9.99999e-01,4.85511e-04,9.99999e-01,9.94275e-01
1.268062877e+01,3.49451e-03,9.99999e-01,3.51557e-03,9.99999e-01,9.94010e-01
1.274403191e+01,1.87345e-03,9.99999e-01,1.88528e-03,9.99999e-01,9.93723e-01
1.280775207e+01,6.85001e-03,9.99999e-01,6.89528e-03,9.99999e-01,9.93434e-01
1.287179083e+01,1.40575e-03,9.99999e-01,1.41549e-03,9.99999e-01,9.93118e-01
1.293614979e+01,2.85948e-03,9.99999e-01,2.88022e-03,9.99999e-01,9.92798e-01
1.300083054e+01,1.00113e-04,9.99999e-01,1.00872e-04,9.99999e-01,9.92471e-01
1.306583469e+01,6.52717e-05,9.99999e-01,6.57893e-05,9.99999e-01,9.92132e-01
1.313116386e+01,3.59268e-05,9.99999e-01,3.62241e-05,9.99999e-01,9.91791e-01
1.319681968e+01,1.44074e-05,9.99999e-01,1.45320e-05,9.99999e-01,9.91422e-01
1.326280378e+01,1.47988e-08,9.99999e-01,1.49326e-08,9.99999e-01,9.91039e-01
1.332911780e+01,1.45777e-08,9.99999e-01,1.47153e-08,9.99999e-01,9.90652e-01
1.339576339e+01,3.69113e-09,9.99999e-01,3.72769e-09,9.99999e-01,9.90191e-01
1.346274221e+01,3.03008e-13,9.99999e-01,3.06153e-13,9.99999e-01,9.89728e-01
1.353005592e+01,3.23363e-07,9.99999e-01,3.26884e-07,9.99999e-01,9.89230e-01
1.359770620e+01,1.46193e-06,9.99999e-01,1.47869e-06,9.99999e-01,9.88662e-01
1.366569473e+01,1.07796e-06,9.99999e-01,1.09095e-06,9.99999e-01,9.88092e-01
1.373402320e+01,5.37039e-05,9.99999e-01,5.43833e-05,9.99999e-01,9.87506e-01
1.380269332e+01,1.33696e-04,9.99999e-01,1.35470e-04,9.99999e-01,9.86909e-01
1.387170678e+01,6.31255e-06,9.99999e-01,6.40018e-06,9.99999e-01,9.86309e-01
1.394106532e+01,1.02596e-06,9.99999e-01,1.04083e-06,9.99999e-01,9.85706e-01
1.401077064e+01,4.86063e-08,9.99999e-01,4.93414e-08,9.99999e-01,9.85101e-01
1.408082450e+01,5.46885e-08,9.99999e-01,5.55499e-08,9.99999e-01,9.84493e-01
1.415122862e+01,2.53463e-11,9.99999e-01,2.57624e-11,9.99999e-01,9.83845e-01
1.422198476e+01,5.50609e-15,9.99999e-01,5.60019e-15,9.99999e-01,9.83195e-01
1.429309469e+01,3.30515e-14,9.99999e-01,3.36394e-14,9.99999e-01,9.82522e-01
1.436456016e+01,1.18322e-17,9.99999e-01,1.20521e-17,9.99999e-01,9.81759e-01
1.443638296e+01,4.43159e-20,9.99999e-01,4.51745e-20,9.99999e-01,9.80993e-01
1.450856487e+01,3.68796e-14,9.99999e-01,3.76243e-14,9.99999e-01,9.80205e-01
1.458110770e+01,3.45794e-10,9.99999e-01,3.53078e-10,9.99999e-01,9.79371e-01
1.465401324e+01,4.29073e-09,9.99999e-01,4.38486e-09,9.99999e-01,9.78533e-01
1.472728330e+01,5.13606e-09,9.99999e-01,5.25339e-09,9.99999e-01,9.77665e-01
1.480091972e+01,1.92029e-10,9.99999e-01,1.96600e-10,9.99999e-01,9.76747e-01
1.487492432e+01,5.43785e-17,9.99999e-01,5.57256e-17,9.99999e-01,9.75825e-01
1.494929894e+01,1.00455e-13,9.99999e-01,1.03047e-13,9.99999e-01,9.74843e-01
1.502404544e+01,2.88429e-11,9.99999e-01,2.96196e-11,9.99999e-01,9.73774e-01
1.509916566e+01,8.83898e-11,9.99999e-01,9.08704e-11,9.99999e-01,9.72701e-01
1.517466149e+01,5.12769e-12,9.99999e-01,5.27764e-12,9.99999e-01,9.71587e-01
1.525053480e+01,1.17965e-10,9.99999e-01,1.21562e-10,9.99999e-01,9.70411e-01
1.532678747e+01,7.72131e-13,9.99999e-01,7.96643e-13,9.99999e-01,9.69230e-01
1.540342141e+01,9.37485e-16,9.99999e-01,9.75099e-16,9.99999e-01,9.61425e-01
1.548043852e+01,1.58419e-17,9.99999e-01,1.65076e-17,9.99999e-01,9.59675e-01
1.555784071e+01,3.16020e-22,9.99999e-01,3.29822e-22,9.99999e-01,9.58153e-01
1.563562991e+01,2.54256e-32,9.99999e-01,2.65789e-32,9.99999e-01,9.56608e-01
1.571380806e+01,7.31045e-33,9.99999e-01,7.65493e-33,9.99999e-01,9.54998e-01
1.579237710e+01,4.14606e-24,9.99999e-01,4.34881e-24,9.99999e-01,9.53377e-01
1.587133899e+01,1.24810e-20,9.99999e-01,1.31140e-20,9.99999e-01,9.51723e-01
1.595069568e+01,7.42105e-23,9.99999e-01,7.81385e-23,9.99999e-01,9.49729e-01
1.603044916e+01,7.16617e-31,9.99999e-01,7.56146e-31,9.99999e-01,9.47723e-01
1.611060141e+01,4.28949e-30,9.99999e-01,4.53572e-30,9.99999e-01,9.45711e-01
1.619115441e+01,5.66440e-29,9.99999e-01,6.00282e-29,9.99999e-01,9.43624e-01
1.627211019e+01,1.33464e-32,9.99999e-01,1.41755e-32,9.99999e-01,9.41513e-01
1.635347074e+01,9.54189e-30,9.99999e-01,1.01576e-29,9.99999e-01,9.39387e-01
1.643523809e+01,2.63388e-30,9.99999e-01,2.81038e-30,9.99999e-01,9.37198e-01
1.651741428e+01,1.71181e-32,9.99999e-01,1.83088e-32,9.99999e-01,9.34963e-01
1.660000135e+01,9.23371e-41,9.99999e-01,9.89979e-41,9.99999e-01,9.32717e-01
1.668300136e+01,8.65827e-42,9.99999e-01,9.30518e-42,9.99999e-01,9.30478e-01
1.676641637e+01,7.90064e-37,9.99999e-01,8.51106e-37,9.99999e-01,9.28279e-01
1.685024845e+01,5.07511e-38,9.99999e-01,5.48023e-38,9.99999e-01,9.26075e-01
1.693449969e+01,6.32482e-47,9.99999e-01,6.84608e-47,9.99999e-01,9.23859e-01
1.701917219e+01,2.09824e-50,9.99999e-01,2.27695e-50,9.99999e-01,9.21510e-01
1.710426805e+01,1.67019e-64,9.99999e-01,1.81712e-64,9.99999e-01,9.19141e-01
1.718978939e+01,2.73848e-70,9.99999e-01,2.98713e-70,9.99999e-01,9.16760e-01
1.727573834e+01,6.76110e-72,9.99999e-01,7.39593e-72,9.99999e-01,9.14164e-01
1.736211703e+01,4.59355e-77,9.99999e-01,5.04047e-77,9.99999e-01,9.11334e-01
1.744892761e+01,2.52107e-66,9.99999e-01,2.77498e-66,9.99999e-01,9.08500e-01
1.753617225e+01,3.27418e-53,9.99999e-01,3.61526e-53,9.99999e-01,9.05655e-01
1.762385311e+01,4.32992e-52,9.99999e-01,4.79632e-52,9.99999e-01,9.02756e-01
1.771197238e+01,1.01115e-55,9.99999e-01,1.12368e-55,9.99999e-01,8.99851e-01
1.780053224e+01,3.12185e-60,9.99999e-01,3.48058e-60,9.99999e-01,8.96935e-01
1.788953490e+01,2.43942e-65,9.99999e-01,2.72958e-65,9.99999e-01,8.93699e-01
1.797898258e+01,2.04172e-74,9.99999e-01,2.29389e-74,9.99999e-01,8.90064e-01
1.806887749e+01,3.94923e-76,9.99999e-01,4.45523e-76,9.99999e-01,8.86426e-01
1.815922188e+01,3.22778e-101,9.99999e-01,3.65638e-101,9.99999e-01,8.82778e-01
1.825001799e+01,6.03238e-76,9.99999e-01,6.86213e-76,9.99999e-01,8.79081e-01
1.834126808e+01,2.92534e-73,9.99999e-01,3.34182e-73,9.99999e-01,8.75373e-01
1.843297442e+01,6.69162e-74,9.99999e-01,7.67691e-74,9.99999e-01,8.71654e-01
1.852513929e+01,6.36912e-99,9.99999e-01,7.33842e-99,9.99999e-01,8.67914e-01
1.861776499e+01,6.06767e-120,9.99999e-01,7.02209e-120,9.99999e-01,8.64082e-01
1.871085381e+01,3.27002e-94,9.99999e-01,3.80129e-94,9.99999e-01,8.60239e-01
1.880440808e+01,3.44523e-80,9.99999e-01,4.02293e-80,9.99999e-01,8.56396e-01
1.889843012e+01,6.64023e-81,9.99999e-01,7.78857e-81,9.99999e-01,8.52560e-01
1.899292227e+01,1.18720e-112,9.99999e-01,1.39877e-112,9.99999e-01,8.48740e-01
1.908788688e+01,1.09874e-107,9.99999e-01,1.30041e-107,9.99999e-01,8.44919e-01
1.918332632e+01,3.03452e-108,9.99999e-01,3.60784e-108,9.99999e-01,8.41090e-01
1.927924295e+01,1.35184e-133,9.99999e-01,1.61511e-133,9.99999e-01,8.36996e-01
1.937563916e+01,1.51575e-207,9.99999e-01,1.82025e-207,9.99999e-01,8.32714e-01
1.947251736e+01,1.57246e-211,9.99999e-01,1.89810e-211,9.99999e-01,8.28438e-01
1.956987994e+01,1.64385e-202,9.99999e-01,1.99459e-202,9.99999e-01,8.24154e-01
1.966772934e+01,1.46154e-166,9.99999e-01,1.78361e-166,9.99999e-01,8.19427e-01
1.976606799e+01,2.18644e-163,9.99999e-01,2.68435e-163,9.99999e-01,8.14515e-01
1.986489833e+01,6.23479e-174,9.99999e-01,7.70107e-174,9.99999e-01,8.09601e-01
1.996422282e+01,1.47582e-162,9.99999e-01,1.83403e-162,9.99999e-01,8.04687e-01
