#,Wave/freq,Total,N2,H2O,Rayleigh,CIA
4.000000000e-01,6.42334e-01,9.99999e-01,9.99949e-01,6.42366e-01,9.99999e-01
4.020000000e-01,6.47992e-01,9.99999e-01,9.99968e-01,6.48012e-01,9.99999e-01
4.040100000e-01,6.53581e-01,9.99999e-01,9.99986e-01,6.53589e-01,9.99999e-01
4.060300500e-01,6.59101e-01,9.99999e-01,9.99996e-01,6.59103e-01,9.99999e-01
4.080602003e-01,6.64552e-01,9.99999e-01,9.99998e-01,6.64552e-01,9.99999e-01
4.101005013e-01,6.69938e-01,9.99999e-01,9.99999e-01,6.69938e-01,9.99999e-01
4.121510038e-01,6.75259e-01,9.99999e-01,9.99997e-01,6.75260e-01,9.99999e-01
4.142117588e-01,6.80508e-01,9.99999e-01,9.99985e-01,6.80517e-01,9.99999e-01
4.162828176e-01,6.85669e-01,9.99999e-01,9.99937e-01,6.85711e-01,9.99999e-01
4.183642317e-01,6.90815e-01,9.99999e-01,9.99962e-01,6.90840e-01,9.99999e-01
4.204560528e-01,6.95890e-01,9.99999e-01,9.99976e-01,6.95906e-01,9.99999e-01
4.225583331e-01,7.00901e-01,9.99999e-01,9.99991e-01,7.00907e-01,9.99999e-01
4.246711247e-01,7.05840e-01,9.99999e-01,9.99992e-01,7.05844e-01,9.99999e-01
4.267944804e-01,7.10711e-01,9.99999e-01,9.99989e-01,7.10718e-01,9.99999e-01
4.289284528e-01,7.15523e-01,9.99999e-01,9.99991e-01,7.15528e-01,9.99999e-01
4.310730950e-01,7.20272e-01,9.99999e-01,9.99996e-01,7.20275e-01,9.99999e-01
4.332284605e-01,7.24958e-01,9.99999e-01,9.99998e-01,7.24958e-01,9.99999e-01
4.353946028e-01,7.29578e-01,9.99999e-01,9.99999e-01,7.29579e-01,9.99999e-01
4.375715758e-01,7.34132e-01,9.99999e-01,9.99993e-01,7.34136e-01,9.99999e-01
4.397594337e-01,7.38592e-01,9.99999e-01,9.99945e-01,7.38632e-01,9.99999e-01
4.419582309e-01,7.42861e-01,9.99999e-01,9.99725e-01,7.43065e-01,9.99999e-01
4.441680220e-01,7.47275e-01,9.99999e-01,9.99783e-01,7.47437e-01,9.99999e-01
4.463888621e-01,7.51578e-01,9.99999e-01,9.99775e-01,7.51747e-01,9.99999e-01
4.486208064e-01,7.55891e-01,9.99999e-01,9.99860e-01,7.55996e-01,9.99999e-01
4.508639105e-01,7.60135e-01,9.99999e-01,9.99934e-01,7.60184e-01,9.99999e-01
4.531182300e-01,7.64293e-01,9.99999e-01,9.99973e-01,7.64313e-01,9.99999e-01
4.553838212e-01,7.68368e-01,9.99999e-01,9.99982e-01,7.68381e-01,9.99999e-01
4.576607403e-01,7.72384e-01,9.99999e-01,9.99991e-01,7.72391e-01,9.99999e-01
4.599490440e-01,7.76336e-01,9.99999e-01,9.99993e-01,7.76341e-01,9.99999e-01
4.622487892e-01,7.80232e-01,9.99999e-01,9.99998e-01,7.80233e-01,9.99999e-01
4.645600332e-01,7.84064e-01,9.99999e-01,9.99995e-01,7.84067e-01,9.99999e-01
4.668828333e-01,7.87792e-01,9.99999e-01,9.99933e-01,7.87843e-01,9.99999e-01
4.692172475e-01,7.91452e-01,9.99999e-01,9.99858e-01,7.91563e-01,9.99999e-01
4.715633337e-01,7.95153e-01,9.99999e-01,9.99907e-01,7.95226e-01,9.99999e-01
4.739211504e-01,7.98763e-01,9.99999e-01,9.99911e-01,7.98833e-01,9.99999e-01
4.762907561e-01,8.02348e-01,9.99999e-01,9.99953e-01,8.02385e-01,9.99999e-01
4.786722099e-01,8.05867e-01,9.99999e-01,9.99980e-01,8.05882e-01,9.99999e-01
4.810655710e-01,8.09320e-01,9.99999e-01,9.99993e-01,8.09325e-01,9.99999e-01
4.834708988e-01,8.12670e-01,9.99999e-01,9.99946e-01,8.12714e-01,9.99999e-01
4.858882533e-01,8.15968e-01,9.99999e-01,9.99899e-01,8.16050e-01,9.99999e-01
4.883176946e-01,8.19265e-01,9.99999e-01,9.99916e-01,8.19333e-01,9.99999e-01
4.907592831e-01,8.22502e-01,9.99999e-01,9.99924e-01,8.22564e-01,9.99999e-01
4.932130795e-01,8.25700e-01,9.99999e-01,9.99946e-01,8.25744e-01,9.99999e-01
4.956791449e-01,8.28849e-01,9.99999e-01,9.99971e-01,8.28873e-01,9.99999e-01
4.981575406e-01,8.31834e-01,9.99999e-01,9.99858e-01,8.31951e-01,9.99999e-01
5.006483283e-01,8.34674e-01,9.99999e-01,9.99635e-01,8.34980e-01,9.99997e-01
5.031515699e-01,8.36391e-01,9.99999e-01,9.98146e-01,8.37960e-01,9.99980e-01
5.056673278e-01,8.40048e-01,9.99999e-01,9.99019e-01,8.40891e-01,9.99977e-01
5.081956644e-01,8.42719e-01,9.99999e-01,9.98763e-01,8.43774e-01,9.99985e-01
5.107366428e-01,8.45901e-01,9.99999e-01,9.99164e-01,8.46610e-01,9.99996e-01
5.132903260e-01,8.48993e-01,9.99999e-01,9.99521e-01,8.49399e-01,9.99999e-01
5.158567776e-01,8.51970e-01,9.99999e-01,9.99797e-01,8.52142e-01,9.99999e-01
5.184360615e-01,8.54771e-01,9.99999e-01,9.99918e-01,8.54840e-01,9.99999e-01
5.210282418e-01,8.57466e-01,9.99999e-01,9.99969e-01,8.57492e-01,9.99999e-01
5.236333830e-01,8.59995e-01,9.99999e-01,9.99878e-01,8.60100e-01,9.99998e-01
5.262515499e-01,8.62598e-01,9.99999e-01,9.99923e-01,8.62664e-01,9.99998e-01
5.288828077e-01,8.65125e-01,9.99999e-01,9.99930e-01,8.65185e-01,9.99998e-01
5.315272217e-01,8.67610e-01,9.99999e-01,9.99938e-01,8.67663e-01,9.99999e-01
5.341848578e-01,8.70065e-01,9.99999e-01,9.99959e-01,8.70100e-01,9.99999e-01
5.368557821e-01,8.72372e-01,9.99999e-01,9.99859e-01,8.72494e-01,9.99999e-01
5.395400610e-01,8.74402e-01,9.99999e-01,9.99493e-01,8.74848e-01,9.99995e-01
5.422377613e-01,8.76575e-01,9.99999e-01,9.99341e-01,8.77162e-01,9.99987e-01
5.449489501e-01,8.78889e-01,9.99999e-01,9.99389e-01,8.79436e-01,9.99987e-01
5.476736949e-01,8.81187e-01,9.99999e-01,9.99457e-01,8.81670e-01,9.99993e-01
5.504120634e-01,8.83517e-01,9.99999e-01,9.99606e-01,8.83866e-01,9.99997e-01
5.531641237e-01,8.85848e-01,9.99999e-01,9.99801e-01,8.86024e-01,9.99999e-01
5.559299443e-01,8.88059e-01,9.99999e-01,9.99903e-01,8.88144e-01,9.99999e-01
5.587095940e-01,8.90174e-01,9.99999e-01,9.99939e-01,8.90228e-01,9.99999e-01
5.615031420e-01,8.92215e-01,9.99999e-01,9.99932e-01,8.92275e-01,9.99999e-01
5.643106577e-01,8.94218e-01,9.99999e-01,9.99924e-01,8.94286e-01,9.99998e-01
5.671322110e-01,8.95439e-01,9.99999e-01,9.99089e-01,8.96262e-01,9.99991e-01
5.699678720e-01,8.97300e-01,9.99999e-01,9.99020e-01,8.98203e-01,9.99974e-01
5.728177114e-01,8.99177e-01,9.99999e-01,9.98984e-01,9.00109e-01,9.99978e-01
5.756818000e-01,9.01130e-01,9.99999e-01,9.99066e-01,9.01982e-01,9.99986e-01
5.785602090e-01,9.03083e-01,9.99999e-01,9.99185e-01,9.03822e-01,9.99995e-01
5.814530100e-01,9.04888e-01,9.99999e-01,9.99183e-01,9.05629e-01,9.99997e-01
5.843602750e-01,9.06519e-01,9.99999e-01,9.99029e-01,9.07404e-01,9.99994e-01
5.872820764e-01,9.01517e-01,9.99999e-01,9.91665e-01,9.09147e-01,9.99940e-01
5.902184868e-01,9.01481e-01,9.99999e-01,9.89862e-01,9.10859e-01,9.99838e-01
5.931695792e-01,9.05869e-01,9.99999e-01,9.92842e-01,9.12541e-01,9.99845e-01
5.961354271e-01,9.06932e-01,9.99999e-01,9.92145e-01,9.14192e-01,9.99910e-01
5.991161043e-01,9.10535e-01,9.99999e-01,9.94262e-01,9.15813e-01,9.99972e-01
6.021116848e-01,9.14412e-01,9.99999e-01,9.96739e-01,9.17406e-01,9.99996e-01
6.051222432e-01,9.17452e-01,9.99999e-01,9.98348e-01,9.18969e-01,9.99999e-01
6.081478544e-01,9.19849e-01,9.99999e-01,9.99287e-01,9.20504e-01,9.99999e-01
6.111885937e-01,9.21734e-01,9.99999e-01,9.99697e-01,9.22012e-01,9.99999e-01
6.142445367e-01,9.23367e-01,9.99999e-01,9.99864e-01,9.23491e-01,9.99999e-01
6.173157594e-01,9.24876e-01,9.99999e-01,9.99925e-01,9.24944e-01,9.99999e-01
6.204023382e-01,9.26313e-01,9.99999e-01,9.99936e-01,9.26371e-01,9.99999e-01
6.235043498e-01,9.27517e-01,9.99999e-01,9.99725e-01,9.27772e-01,9.99998e-01
6.266218716e-01,9.27779e-01,9.99999e-01,9.98538e-01,9.29146e-01,9.99989e-01
6.297549810e-01,9.29978e-01,9.99999e-01,9.99463e-01,9.30496e-01,9.99978e-01
6.329037559e-01,9.30817e-01,9.99999e-01,9.98938e-01,9.31821e-01,9.99983e-01
6.360682746e-01,9.32271e-01,9.99999e-01,9.99097e-01,9.33122e-01,9.99989e-01
6.392486160e-01,9.33302e-01,9.99999e-01,9.98830e-01,9.34398e-01,9.99995e-01
6.424448591e-01,9.34186e-01,9.99999e-01,9.98440e-01,9.35651e-01,9.99992e-01
6.456570834e-01,9.30076e-01,9.99999e-01,9.92775e-01,9.36881e-01,9.99959e-01
6.488853688e-01,9.32996e-01,9.99999e-01,9.94682e-01,9.38089e-01,9.99886e-01
6.521297956e-01,9.34095e-01,9.99999e-01,9.94580e-01,9.39274e-01,9.99905e-01
6.553904446e-01,9.35328e-01,9.99999e-01,9.94637e-01,9.40437e-01,9.99928e-01
6.586673968e-01,9.37204e-01,9.99999e-01,9.95377e-01,9.41578e-01,9.99976e-01
6.619607338e-01,9.40172e-01,9.99999e-01,9.97324e-01,9.42698e-01,9.99994e-01
6.652705375e-01,9.42332e-01,9.99999e-01,9.98449e-01,9.43798e-01,9.99996e-01
6.685968902e-01,9.44196e-01,9.99999e-01,9.99279e-01,9.44877e-01,9.99999e-01
6.719398746e-01,9.45620e-01,9.99999e-01,9.99665e-01,9.45936e-01,9.99999e-01
6.752995740e-01,9.46804e-01,9.99999e-01,9.99818e-01,9.46975e-01,9.99999e-01
6.786760719e-01,9.47748e-01,9.99999e-01,9.99739e-01,9.47994e-01,9.99999e-01
6.820694522e-01,9.48570e-01,9.99999e-01,9.99553e-01,9.48995e-01,9.99997e-01
6.854797995e-01,9.49426e-01,9.99999e-01,9.99425e-01,9.49977e-01,9.99994e-01
6.889071985e-01,9.49614e-01,9.99999e-01,9.98617e-01,9.50940e-01,9.99987e-01
6.923517345e-01,9.30419e-01,9.99999e-01,9.77554e-01,9.51885e-01,9.99890e-01
6.958134932e-01,9.41314e-01,9.99999e-01,9.88173e-01,9.52813e-01,9.99753e-01
6.992925606e-01,9.42880e-01,9.99999e-01,9.88843e-01,9.53723e-01,9.99783e-01
7.027890234e-01,9.41282e-01,9.99999e-01,9.86194e-01,9.54616e-01,9.99833e-01
7.063029686e-01,9.44315e-01,9.99999e-01,9.88382e-01,9.55492e-01,9.99916e-01
7.098344834e-01,9.45643e-01,9.99999e-01,9.88849e-01,9.56352e-01,9.99950e-01
7.133836558e-01,9.42991e-01,9.99999e-01,9.85256e-01,9.57195e-01,9.99902e-01
7.169505741e-01,8.49844e-01,9.99999e-01,8.87758e-01,9.58023e-01,9.99235e-01
7.205353270e-01,9.02846e-01,9.99999e-01,9.42878e-01,9.58835e-01,9.98652e-01
7.241380036e-01,8.89852e-01,9.99999e-01,9.28365e-01,9.59631e-01,9.98835e-01
7.277586936e-01,8.97241e-01,9.99999e-01,9.35113e-01,9.60413e-01,9.99048e-01
7.313974871e-01,8.94304e-01,9.99999e-01,9.30838e-01,9.61179e-01,9.99553e-01
7.350544745e-01,9.24858e-01,9.99999e-01,9.61608e-01,9.61931e-01,9.99844e-01
7.387297469e-01,9.35237e-01,9.99999e-01,9.71573e-01,9.62669e-01,9.99928e-01
7.424233956e-01,9.49868e-01,9.99999e-01,9.85974e-01,9.63392e-01,9.99985e-01
7.461355126e-01,9.55889e-01,9.99999e-01,9.91482e-01,9.64102e-01,9.99997e-01
7.498661902e-01,9.60960e-01,9.99999e-01,9.96021e-01,9.64799e-01,9.99998e-01
7.536155211e-01,9.63599e-01,9.99999e-01,9.98049e-01,9.65482e-01,9.99998e-01
7.573835987e-01,9.65182e-01,9.99999e-01,9.98995e-01,9.66152e-01,9.99999e-01
7.611705167e-01,9.66206e-01,9.99999e-01,9.99375e-01,9.66809e-01,9.99999e-01
7.649763693e-01,9.67076e-01,9.99999e-01,9.99608e-01,9.67454e-01,9.99999e-01
7.688012511e-01,9.67823e-01,9.99999e-01,9.99727e-01,9.68087e-01,9.99999e-01
7.726452574e-01,9.68490e-01,9.99999e-01,9.99775e-01,9.68707e-01,9.99999e-01
7.765084837e-01,9.69008e-01,9.99999e-01,9.99682e-01,9.69316e-01,9.99999e-01
7.803910261e-01,9.68584e-01,9.99999e-01,9.98630e-01,9.69912e-01,9.99998e-01
7.842929812e-01,9.65859e-01,9.99999e-01,9.95228e-01,9.70498e-01,9.99990e-01
7.882144461e-01,9.61455e-01,9.99999e-01,9.90155e-01,9.71072e-01,9.99939e-01
7.921555184e-01,9.66257e-01,9.99999e-01,9.94580e-01,9.71635e-01,9.99882e-01
7.961162960e-01,9.62829e-01,9.99999e-01,9.90484e-01,9.72188e-01,9.99887e-01
8.000968774e-01,9.61900e-01,9.99999e-01,9.88984e-01,9.72729e-01,9.99880e-01
8.040973618e-01,9.62454e-01,9.99999e-01,9.88989e-01,9.73261e-01,9.99904e-01
8.081178486e-01,9.49779e-01,9.99999e-01,9.75436e-01,9.73782e-01,9.99910e-01
8.121584379e-01,8.78241e-01,9.99999e-01,9.01727e-01,9.74293e-01,9.99650e-01
8.162192301e-01,8.60690e-01,9.99999e-01,8.84103e-01,9.74794e-01,9.98688e-01
8.203003262e-01,9.16822e-01,9.99999e-01,9.41498e-01,9.75286e-01,9.98464e-01
8.244018279e-01,8.95430e-01,9.99999e-01,9.18788e-01,9.75768e-01,9.98777e-01
8.285238370e-01,9.06197e-01,9.99999e-01,9.29142e-01,9.76241e-01,9.99039e-01
8.326664562e-01,9.06357e-01,9.99999e-01,9.28342e-01,9.76705e-01,9.99602e-01
8.368297885e-01,9.26367e-01,9.99999e-01,9.48105e-01,9.77160e-01,9.99908e-01
8.410139374e-01,9.47069e-01,9.99999e-01,9.68814e-01,9.77606e-01,9.99946e-01
8.452190071e-01,9.62926e-01,9.99999e-01,9.84573e-01,9.78043e-01,9.99967e-01
8.494451021e-01,9.69676e-01,9.99999e-01,9.91035e-01,9.78472e-01,9.99974e-01
8.536923276e-01,9.73673e-01,9.99999e-01,9.94682e-01,9.78893e-01,9.99984e-01
8.579607893e-01,9.76097e-01,9.99999e-01,9.96726e-01,9.79305e-01,9.99995e-01
8.622505932e-01,9.77669e-01,9.99999e-01,9.97917e-01,9.79710e-01,9.99998e-01
8.665618462e-01,9.78846e-01,9.99999e-01,9.98713e-01,9.80107e-01,9.99999e-01
8.708946554e-01,9.79053e-01,9.99999e-01,9.98528e-01,9.80496e-01,9.99998e-01
8.752491287e-01,9.78944e-01,9.99999e-01,9.98030e-01,9.80877e-01,9.99997e-01
8.796253743e-01,9.78575e-01,9.99999e-01,9.97277e-01,9.81251e-01,9.99993e-01
8.840235012e-01,9.78547e-01,9.99999e-01,9.96889e-01,9.81618e-01,9.99980e-01
8.884436187e-01,9.70925e-01,9.99999e-01,9.88796e-01,9.81978e-01,9.99945e-01
8.928858368e-01,8.72108e-01,9.99999e-01,8.88070e-01,9.82331e-01,9.99688e-01
8.973502660e-01,7.95060e-01,9.99999e-01,8.10367e-01,9.82677e-01,9.98404e-01
9.018370173e-01,8.80500e-01,9.99999e-01,8.97963e-01,9.83016e-01,9.97493e-01
9.063462024e-01,8.92880e-01,9.99999e-01,9.10002e-01,9.83349e-01,9.97797e-01
9.108779334e-01,8.46988e-01,9.99999e-01,8.63018e-01,9.83675e-01,9.97711e-01
9.154323231e-01,8.30380e-01,9.99999e-01,8.45485e-01,9.83995e-01,9.98108e-01
9.200094847e-01,8.62255e-01,9.99999e-01,8.76929e-01,9.84308e-01,9.98940e-01
9.246095321e-01,8.05720e-01,9.99999e-01,8.19308e-01,9.84616e-01,9.98779e-01
9.292325798e-01,2.70985e-01,9.99999e-01,2.76448e-01,9.84917e-01,9.95249e-01
9.338787427e-01,1.83385e-01,9.99999e-01,1.89837e-01,9.85213e-01,9.80508e-01
9.385481364e-01,4.89753e-01,9.99999e-01,5.08728e-01,9.85503e-01,9.76860e-01
9.432408771e-01,3.89308e-01,9.99999e-01,4.02978e-01,9.85787e-01,9.80005e-01
9.479570815e-01,2.77906e-01,9.99999e-01,2.86503e-01,9.86066e-01,9.83696e-01
9.526968669e-01,3.72307e-01,9.99999e-01,3.81266e-01,9.86339e-01,9.90023e-01
9.574603512e-01,3.93531e-01,9.99999e-01,4.00909e-01,9.86607e-01,9.94919e-01
9.622476530e-01,4.62596e-01,9.99999e-01,4.70404e-01,9.86870e-01,9.96484e-01
9.670588912e-01,6.35894e-01,9.99999e-01,6.45739e-01,9.87128e-01,9.97594e-01
9.718941857e-01,7.46429e-01,9.99999e-01,7.57309e-01,9.87381e-01,9.98228e-01
9.767536566e-01,7.82872e-01,9.99999e-01,7.93753e-01,9.87628e-01,9.98645e-01
9.816374249e-01,8.31464e-01,9.99999e-01,8.42067e-01,9.87871e-01,9.99530e-01
9.865456120e-01,8.87206e-01,9.99999e-01,8.97970e-01,9.88109e-01,9.99901e-01
9.914783401e-01,9.24645e-01,9.99999e-01,9.35576e-01,9.88343e-01,9.99972e-01
9.964357318e-01,9.53343e-01,9.99999e-01,9.64378e-01,9.88572e-01,9.99983e-01
1.001417910e+00,9.67503e-01,9.99999e-01,9.78489e-01,9.88796e-01,9.99975e-01
1.006425000e+00,9.76809e-01,9.99999e-01,9.87690e-01,9.89016e-01,9.99965e-01
1.011457125e+00,9.81619e-01,9.99999e-01,9.92335e-01,9.89232e-01,9.99967e-01
1.016514411e+00,9.84270e-01,9.99999e-01,9.94793e-01,9.89443e-01,9.99976e-01
1.021596983e+00,9.85523e-01,9.99999e-01,9.95850e-01,9.89651e-01,9.99976e-01
1.026704968e+00,9.86636e-01,9.99999e-01,9.96763e-01,9.89854e-01,9.99984e-01
1.031838492e+00,9.87718e-01,9.99999e-01,9.97644e-01,9.90054e-01,9.99995e-01
1.036997685e+00,9.88864e-01,9.99999e-01,9.98601e-01,9.90249e-01,9.99998e-01
1.042182673e+00,9.88792e-01,9.99999e-01,9.98335e-01,9.90441e-01,9.99999e-01
1.047393587e+00,9.88441e-01,9.99999e-01,9.97791e-01,9.90629e-01,9.99999e-01
1.052630555e+00,9.87812e-01,9.99999e-01,9.96972e-01,9.90813e-01,9.99998e-01
1.057893707e+00,9.85991e-01,9.99999e-01,9.94952e-01,9.90994e-01,9.99997e-01
1.063183176e+00,9.82944e-01,9.99999e-01,9.91703e-01,9.91171e-01,9.99995e-01
1.068499092e+00,9.77594e-01,9.99999e-01,9.86138e-01,9.91344e-01,9.99990e-01
1.073841587e+00,9.75450e-01,9.99999e-01,9.83817e-01,9.91514e-01,9.99978e-01
1.079210795e+00,9.71072e-01,9.99999e-01,9.79271e-01,9.91681e-01,9.99943e-01
1.084606849e+00,9.60795e-01,9.99999e-01,9.68824e-01,9.91845e-01,9.99865e-01
1.090029883e+00,9.47765e-01,9.99999e-01,9.55667e-01,9.92005e-01,9.99721e-01
1.095480033e+00,8.76374e-01,9.99999e-01,8.83740e-01,9.92163e-01,9.99496e-01
1.100957433e+00,7.25755e-01,9.99999e-01,7.32051e-01,9.92317e-01,9.99074e-01
1.106462220e+00,4.57686e-01,9.99999e-01,4.61884e-01,9.92468e-01,9.98430e-01
1.111994531e+00,2.00216e-01,9.99999e-01,2.02548e-01,9.92616e-01,9.95839e-01
1.117554504e+00,7.83635e-02,9.99999e-01,8.01317e-02,9.92762e-01,9.85062e-01
1.123142276e+00,1.64573e-01,9.99999e-01,1.71771e-01,9.92904e-01,9.64940e-01
1.128757988e+00,2.88428e-01,9.99999e-01,3.02690e-01,9.93044e-01,9.59554e-01
1.134401778e+00,1.31018e-01,9.99999e-01,1.36631e-01,9.93181e-01,9.65502e-01
1.140073787e+00,4.62173e-01,9.99999e-01,4.78518e-01,9.93315e-01,9.72340e-01
1.145774156e+00,2.22487e-01,9.99999e-01,2.29779e-01,9.93446e-01,9.74651e-01
1.151503026e+00,1.93511e-01,9.99999e-01,1.97568e-01,9.93575e-01,9.85798e-01
1.157260541e+00,2.37723e-01,9.99999e-01,2.40255e-01,9.93702e-01,9.95732e-01
1.163046844e+00,3.42737e-01,9.99999e-01,3.45284e-01,9.93826e-01,9.98788e-01
1.168862078e+00,4.67132e-01,9.99999e-01,4.70270e-01,9.93947e-01,9.99375e-01
1.174706389e+00,6.23024e-01,9.99999e-01,6.27261e-01,9.94067e-01,9.99172e-01
1.180579921e+00,7.46561e-01,9.99999e-01,7.51869e-01,9.94183e-01,9.98748e-01
1.186482820e+00,8.44648e-01,9.99999e-01,8.50583e-01,9.94298e-01,9.98715e-01
1.192415234e+00,9.03811e-01,9.99999e-01,9.09765e-01,9.94410e-01,9.99038e-01
1.198377311e+00,9.17575e-01,9.99999e-01,9.23468e-01,9.94520e-01,9.99091e-01
1.204369197e+00,9.21800e-01,9.99999e-01,9.27540e-01,9.94628e-01,9.99177e-01
1.210391043e+00,9.25144e-01,9.99999e-01,9.30505e-01,9.94734e-01,9.99499e-01
1.216442998e+00,9.35379e-01,9.99999e-01,9.40519e-01,9.94838e-01,9.99693e-01
1.222525213e+00,9.48348e-01,9.99999e-01,9.53351e-01,9.94940e-01,9.99809e-01
1.228637839e+00,9.62493e-01,9.99999e-01,9.67376e-01,9.95039e-01,9.99911e-01
1.234781029e+00,9.70895e-01,9.99999e-01,9.75664e-01,9.95137e-01,9.99974e-01
1.240954934e+00,9.79849e-01,9.99999e-01,9.84549e-01,9.95233e-01,9.99992e-01
1.247159708e+00,9.83322e-01,9.99999e-01,9.87943e-01,9.95327e-01,9.99994e-01
1.253395507e+00,9.84758e-01,9.99999e-01,9.89295e-01,9.95419e-01,9.99993e-01
1.259662485e+00,9.85385e-01,9.99999e-01,9.89839e-01,9.95509e-01,9.99990e-01
1.265960797e+00,9.79451e-01,9.99999e-01,9.83796e-01,9.95598e-01,9.99983e-01
1.272290601e+00,9.70471e-01,9.99999e-01,9.74703e-01,9.95684e-01,9.99971e-01
1.278652054e+00,9.46307e-01,9.99999e-01,9.50373e-01,9.95769e-01,9.99950e-01
1.285045314e+00,9.19404e-01,9.99999e-01,9.23317e-01,9.95853e-01,9.99907e-01
1.291470541e+00,8.48356e-01,9.99999e-01,8.51956e-01,9.95934e-01,9.99837e-01
1.297927893e+00,8.08328e-01,9.99999e-01,8.11807e-01,9.96015e-01,9.99697e-01
1.304417533e+00,7.61551e-01,9.99999e-01,7.65027e-01,9.96093e-01,9.99359e-01
1.310939621e+00,7.32580e-01,9.99999e-01,7.36363e-01,9.96170e-01,9.98686e-01
1.317494319e+00,7.12834e-01,9.99999e-01,7.17261e-01,9.96246e-01,9.97572e-01
1.324081790e+00,6.07141e-01,9.99999e-01,6.11805e-01,9.96320e-01,9.96040e-01
1.330702199e+00,2.04390e-01,9.99999e-01,2.06538e-01,9.96392e-01,9.93182e-01
1.337355710e+00,1.09611e-02,9.99999e-01,1.11458e-02,9.96463e-01,9.86911e-01
1.344042489e+00,2.72936e-04,9.99999e-01,2.84972e-04,9.96533e-01,9.61095e-01
1.350762701e+00,2.06379e-10,9.99999e-01,2.37218e-10,9.96601e-01,8.72964e-01
1.357516515e+00,3.46007e-15,9.99999e-01,5.17244e-15,9.96668e-01,6.71178e-01
1.364304097e+00,8.15585e-10,9.99999e-01,1.64577e-09,9.96734e-01,4.97187e-01
1.371125618e+00,1.40871e-06,9.99999e-01,2.73109e-06,9.96798e-01,5.17463e-01
1.377981246e+00,5.20084e-06,9.99999e-01,9.17695e-06,9.96862e-01,5.68511e-01
1.384871152e+00,1.64545e-08,9.99999e-01,2.80950e-08,9.96923e-01,5.87481e-01
1.391795508e+00,9.75028e-10,9.99999e-01,1.61807e-09,9.96984e-01,6.04407e-01
1.398754485e+00,7.39783e-08,9.99999e-01,1.12290e-07,9.97044e-01,6.60768e-01
1.405748258e+00,9.75360e-08,9.99999e-01,1.24630e-07,9.97102e-01,7.84877e-01
1.412776999e+00,1.14716e-07,9.99999e-01,1.28496e-07,9.97159e-01,8.95301e-01
1.419840884e+00,2.52719e-07,9.99999e-01,2.66016e-07,9.97215e-01,9.52664e-01
1.426940089e+00,1.61847e-05,9.99999e-01,1.68381e-05,9.97270e-01,9.63829e-01
1.434074789e+00,1.31313e-04,9.99999e-01,1.37515e-04,9.97324e-01,9.57458e-01
1.441245163e+00,6.79335e-04,9.99999e-01,7.13961e-04,9.97376e-01,9.54003e-01
1.448451389e+00,6.44137e-03,9.99998e-01,6.72980e-03,9.97428e-01,9.59608e-01
1.455693646e+00,3.14771e-02,9.99999e-01,3.25854e-02,9.97479e-01,9.68427e-01
1.462972114e+00,4.54668e-02,9.99999e-01,4.69956e-02,9.97529e-01,9.69866e-01
1.470286975e+00,2.81860e-02,9.99999e-01,2.91171e-02,9.97577e-01,9.70371e-01
1.477638409e+00,3.95697e-02,9.99999e-01,4.04774e-02,9.97625e-01,9.79900e-01
1.485026601e+00,6.65946e-02,9.99999e-01,6.73766e-02,9.97672e-01,9.90698e-01
1.492451734e+00,1.36615e-01,9.99999e-01,1.37488e-01,9.97718e-01,9.95924e-01
1.499913993e+00,2.53292e-01,9.99999e-01,2.54308e-01,9.97763e-01,9.98239e-01
1.507413563e+00,3.68775e-01,9.99999e-01,3.69891e-01,9.97807e-01,9.99173e-01
1.514950631e+00,5.31966e-01,9.99999e-01,5.33317e-01,9.97850e-01,9.99613e-01
1.522525384e+00,6.63513e-01,9.99999e-01,6.65008e-01,9.97893e-01,9.99857e-01
1.530138011e+00,7.38398e-01,9.99999e-01,7.39962e-01,9.97934e-01,9.99950e-01
1.537788701e+00,8.41743e-01,9.99999e-01,8.43468e-01,9.97975e-01,9.99977e-01
1.545477645e+00,8.95210e-01,9.99999e-01,8.97000e-01,9.98015e-01,9.99987e-01
1.553205033e+00,9.13486e-01,9.99999e-01,9.15272e-01,9.98054e-01,9.99992e-01
1.560971058e+00,9.44603e-01,9.99999e-01,9.46412e-01,9.98092e-01,9.99994e-01
1.568775913e+00,9.62590e-01,9.99999e-01,9.64396e-01,9.98130e-01,9.99995e-01
1.576619793e+00,9.70411e-01,9.99999e-01,9.72195e-01,9.98167e-01,9.99995e-01
1.584502892e+00,9.81256e-01,9.99999e-01,9.83027e-01,9.98203e-01,9.99993e-01
1.592425406e+00,9.82535e-01,9.99999e-01,9.84275e-01,9.98239e-01,9.99991e-01
1.600387533e+00,9.87421e-01,9.99999e-01,9.89136e-01,9.98273e-01,9.99991e-01
1.608389471e+00,9.87080e-01,9.99999e-01,9.88759e-01,9.98307e-01,9.99992e-01
1.616431418e+00,9.86877e-01,9.99999e-01,9.88523e-01,9.98341e-01,9.99992e-01
1.624513575e+00,9.86119e-01,9.99999e-01,9.87732e-01,9.98373e-01,9.99992e-01
1.632636143e+00,9.79249e-01,9.99999e-01,9.80822e-01,9.98406e-01,9.99988e-01
1.640799324e+00,9.72987e-01,9.99999e-01,9.74525e-01,9.98437e-01,9.99982e-01
1.649003321e+00,9.66009e-01,9.99999e-01,9.67512e-01,9.98468e-01,9.99977e-01
1.657248337e+00,9.55992e-01,9.99999e-01,9.57453e-01,9.98498e-01,9.99974e-01
1.665534579e+00,9.41139e-01,9.99999e-01,9.42550e-01,9.98528e-01,9.99973e-01
1.673862252e+00,9.20706e-01,9.99999e-01,9.22065e-01,9.98557e-01,9.99967e-01
1.682231563e+00,9.30641e-01,9.99999e-01,9.32003e-01,9.98585e-01,9.99952e-01
1.690642721e+00,8.82524e-01,9.99999e-01,8.83814e-01,9.98613e-01,9.99925e-01
1.699095934e+00,8.65580e-01,9.99999e-01,8.66856e-01,9.98640e-01,9.99885e-01
1.707591414e+00,8.57326e-01,9.99999e-01,8.58620e-01,9.98667e-01,9.99824e-01
1.716129371e+00,8.26036e-01,9.99999e-01,8.27326e-01,9.98694e-01,9.99744e-01
1.724710018e+00,7.52454e-01,9.99999e-01,7.53698e-01,9.98719e-01,9.99628e-01
1.733333568e+00,6.91676e-01,9.99999e-01,6.92949e-01,9.98745e-01,9.99415e-01
1.742000236e+00,5.70168e-01,9.99999e-01,5.71398e-01,9.98769e-01,9.99074e-01
1.750710237e+00,3.57822e-01,9.99999e-01,3.58786e-01,9.98794e-01,9.98515e-01
1.759463788e+00,1.48274e-01,9.99999e-01,1.48823e-01,9.98817e-01,9.97490e-01
1.768261107e+00,3.25056e-02,9.99999e-01,3.26846e-02,9.98841e-01,9.95676e-01
1.777102413e+00,3.67157e-03,9.99999e-01,3.70078e-03,9.98864e-01,9.93234e-01
1.785987925e+00,1.55488e-04,9.99999e-01,1.57372e-04,9.98886e-01,9.89126e-01
1.794917864e+00,1.19486e-05,9.99999e-01,1.22216e-05,9.98908e-01,9.78728e-01
1.803892454e+00,3.68064e-09,9.99999e-01,3.85470e-09,9.98930e-01,9.55867e-01
1.812911916e+00,1.07181e-11,9.99999e-01,1.17702e-11,9.98951e-01,9.11574e-01
1.821976476e+00,1.75539e-11,9.99999e-01,2.15549e-11,9.98971e-01,8.15216e-01
1.831086358e+00,6.77185e-13,9.99999e-01,1.08823e-12,9.98992e-01,6.22906e-01
1.840241790e+00,7.71539e-11,9.99999e-01,1.71664e-10,9.99012e-01,4.49892e-01
1.849442999e+00,3.64205e-10,9.99999e-01,9.52685e-10,9.99031e-01,3.82664e-01
1.858690214e+00,2.47562e-15,9.99999e-01,6.46980e-15,9.99050e-01,3.83006e-01
1.867983665e+00,6.06888e-16,9.99999e-01,1.46902e-15,9.99069e-01,4.13509e-01
1.877323583e+00,5.73284e-07,9.99999e-01,1.25146e-06,9.99087e-01,4.58510e-01
1.886710201e+00,2.83025e-06,9.99999e-01,5.59837e-06,9.99105e-01,5.06000e-01
1.896143752e+00,1.56449e-05,9.99999e-01,3.05156e-05,9.99123e-01,5.13135e-01
1.905624471e+00,1.34417e-09,9.99999e-01,2.46997e-09,9.99140e-01,5.44672e-01
1.915152593e+00,1.85419e-11,9.99999e-01,2.86467e-11,9.99157e-01,6.47806e-01
1.924728356e+00,1.30092e-12,9.99999e-01,1.66430e-12,9.99174e-01,7.82306e-01
1.934351998e+00,7.09616e-14,9.99999e-01,7.98731e-14,9.99190e-01,8.89148e-01
1.944023758e+00,3.58678e-08,9.99999e-01,3.74040e-08,9.99206e-01,9.59690e-01
1.953743877e+00,1.39720e-07,9.99999e-01,1.42256e-07,9.99222e-01,9.82935e-01
1.963512596e+00,2.11213e-05,9.99999e-01,2.13220e-05,9.99237e-01,9.91339e-01
1.973330159e+00,3.45265e-04,9.99999e-01,3.47099e-04,9.99252e-01,9.95460e-01
1.983196810e+00,1.54660e-02,9.99999e-01,1.55159e-02,9.99267e-01,9.97508e-01
1.993112794e+00,3.68693e-02,9.99999e-01,3.69460e-02,9.99281e-01,9.98640e-01
2.003078358e+00,1.19913e-01,9.99999e-01,1.20089e-01,9.99295e-01,9.99235e-01
2.013093750e+00,2.51691e-01,9.99999e-01,2.51980e-01,9.99309e-01,9.99543e-01
2.023159218e+00,4.45831e-01,9.99999e-01,4.46276e-01,9.99323e-01,9.99679e-01
2.033275015e+00,5.39782e-01,9.99999e-01,5.40280e-01,9.99336e-01,9.99740e-01
2.043441390e+00,6.80727e-01,9.99999e-01,6.81357e-01,9.99349e-01,9.99725e-01
2.053658597e+00,7.28250e-01,9.99998e-01,7.28989e-01,9.99362e-01,9.99623e-01
2.063926890e+00,8.07183e-01,9.99997e-01,8.08151e-01,9.99375e-01,9.99427e-01
2.074246524e+00,8.30265e-01,9.99994e-01,8.31533e-01,9.99387e-01,9.99090e-01
2.084617757e+00,8.84398e-01,9.99991e-01,8.86210e-01,9.99399e-01,9.98561e-01
2.095040845e+00,9.06801e-01,9.99987e-01,9.09314e-01,9.99411e-01,9.97833e-01
2.105516050e+00,9.18221e-01,9.99985e-01,9.21572e-01,9.99423e-01,9.96951e-01
2.116043630e+00,9.20818e-01,9.99986e-01,9.24813e-01,9.99434e-01,9.96255e-01
2.126623848e+00,9.49066e-01,9.99988e-01,9.53612e-01,9.99445e-01,9.95794e-01
2.137256967e+00,9.50908e-01,9.99989e-01,9.55914e-01,9.99456e-01,9.95312e-01
2.147943252e+00,9.51583e-01,9.99995e-01,9.57485e-01,9.99467e-01,9.94369e-01
2.158682968e+00,9.54277e-01,9.99967e-01,9.61103e-01,9.99477e-01,9.93446e-01
2.169476383e+00,9.53247e-01,9.99988e-01,9.58611e-01,9.99488e-01,9.94923e-01
2.180323765e+00,9.48875e-01,9.99993e-01,9.52914e-01,9.99498e-01,9.96265e-01
2.191225384e+00,9.39442e-01,9.99992e-01,9.42844e-01,9.99508e-01,9.96887e-01
2.202181511e+00,9.26443e-01,9.99994e-01,9.29120e-01,9.99517e-01,9.97603e-01
2.213192418e+00,9.27065e-01,9.99995e-01,9.29052e-01,9.99527e-01,9.98336e-01
2.224258381e+00,9.14446e-01,9.99996e-01,9.15846e-01,9.99536e-01,9.98936e-01
2.235379672e+00,9.28003e-01,9.99996e-01,9.29018e-01,9.99545e-01,9.99363e-01
2.246556571e+00,8.75449e-01,9.99997e-01,8.76193e-01,9.99554e-01,9.99596e-01
2.257789354e+00,9.03875e-01,9.99998e-01,9.04534e-01,9.99563e-01,9.99708e-01
2.269078300e+00,7.77755e-01,9.99998e-01,7.78276e-01,9.99572e-01,9.99756e-01
2.280423692e+00,8.12970e-01,9.99999e-01,8.13515e-01,9.99580e-01,9.99748e-01
2.291825810e+00,6.66242e-01,9.99999e-01,6.66711e-01,9.99588e-01,9.99706e-01
2.303284939e+00,6.95627e-01,9.99999e-01,6.96186e-01,9.99597e-01,9.99599e-01
2.314801364e+00,5.39730e-01,9.99999e-01,5.40247e-01,9.99604e-01,9.99436e-01
2.326375371e+00,5.24316e-01,9.99999e-01,5.24913e-01,9.99612e-01,9.99248e-01
2.338007248e+00,4.94137e-01,9.99999e-01,4.94832e-01,9.99620e-01,9.98974e-01
2.349697284e+00,3.00008e-01,9.99999e-01,3.00536e-01,9.99627e-01,9.98612e-01
2.361445770e+00,3.63701e-01,9.99999e-01,3.64532e-01,9.99635e-01,9.98082e-01
2.373252999e+00,2.62898e-01,9.99999e-01,2.63687e-01,9.99642e-01,9.97359e-01
2.385119264e+00,9.99755e-02,9.99999e-01,1.00366e-01,9.99649e-01,9.96454e-01
2.397044861e+00,2.35612e-01,9.99999e-01,2.36952e-01,9.99656e-01,9.94688e-01
2.409030085e+00,7.11894e-02,9.99999e-01,7.17671e-02,9.99663e-01,9.92283e-01
2.421075235e+00,8.94214e-02,9.99999e-01,9.04292e-02,9.99669e-01,9.89180e-01
2.433180612e+00,3.44115e-02,9.99999e-01,3.49449e-02,9.99676e-01,9.85054e-01
2.445346515e+00,5.63523e-03,9.99999e-01,5.75659e-03,9.99682e-01,9.79228e-01
2.457573247e+00,1.16018e-03,9.99999e-01,1.19682e-03,9.99688e-01,9.69688e-01
2.469861113e+00,1.05712e-05,9.99999e-01,1.10609e-05,9.99695e-01,9.56015e-01
2.482210419e+00,2.89351e-11,9.99999e-01,3.08950e-11,9.99701e-01,9.36842e-01
2.494621471e+00,7.63649e-16,9.99999e-01,8.40410e-16,9.99706e-01,9.08927e-01
2.507094578e+00,4.99524e-25,9.99999e-01,5.80649e-25,9.99712e-01,8.60533e-01
2.519630051e+00,2.20559e-45,9.99999e-01,2.85572e-45,9.99718e-01,7.72558e-01
2.532228202e+00,5.95225e-61,9.99999e-01,9.53874e-61,9.99723e-01,6.24179e-01
2.544889343e+00,5.56309e-83,9.99999e-01,1.42737e-82,9.99729e-01,3.89850e-01
2.557613789e+00,1.05348e-81,9.99999e-01,6.62558e-81,9.99734e-01,1.59043e-01
2.570401858e+00,5.25176e-136,9.99999e-01,1.64326e-134,9.99739e-01,3.19676e-02
2.583253867e+00,3.06472e-116,9.99999e-01,7.17510e-114,9.99745e-01,4.27242e-03
2.596170137e+00,1.22455e-99,9.99999e-01,1.16363e-96,9.99750e-01,1.05262e-03
2.609150988e+00,2.79718e-71,9.99999e-01,7.38055e-68,9.99755e-01,3.79086e-04
2.622196742e+00,1.67231e-60,9.99999e-01,5.21492e-57,9.99759e-01,3.20755e-04
2.635307726e+00,3.62677e-29,9.99999e-01,6.68883e-26,9.99764e-01,5.42340e-04
2.648484265e+00,2.12531e-34,9.99999e-01,3.32152e-31,9.99769e-01,6.40008e-04
2.661726686e+00,2.87550e-58,9.99999e-01,5.03551e-55,9.99773e-01,5.71172e-04
2.675035320e+00,5.40146e-205,9.99999e-01,8.86154e-202,9.99778e-01,6.09674e-04
2.688410496e+00,8.95910e-101,9.99999e-01,9.92432e-98,9.99782e-01,9.02937e-04
2.701852549e+00,2.62138e-88,9.99999e-01,2.33480e-85,9.99786e-01,1.12298e-03
2.715361811e+00,1.80812e-87,9.99999e-01,1.27706e-84,9.99791e-01,1.41614e-03
2.728938620e+00,6.84197e-63,9.99999e-01,2.53420e-60,9.99795e-01,2.70040e-03
2.742583314e+00,1.50396e-66,9.99999e-01,1.69258e-64,9.99799e-01,8.88736e-03
2.756296230e+00,3.44639e-68,9.99999e-01,9.53246e-67,9.99803e-01,3.61613e-02
2.770077711e+00,1.09373e-92,9.99999e-01,9.31660e-92,9.99807e-01,1.17418e-01
2.783928100e+00,2.77115e-92,9.99999e-01,1.24397e-91,9.99810e-01,2.22809e-01
2.797847740e+00,4.45684e-70,9.99999e-01,1.21379e-69,9.99814e-01,3.67252e-01
2.811836979e+00,1.39011e-74,9.99999e-01,2.57193e-74,9.99818e-01,5.40591e-01
2.825896164e+00,2.02348e-64,9.99999e-01,3.00974e-64,9.99821e-01,6.72430e-01
2.840025645e+00,3.77276e-49,9.99999e-01,5.02655e-49,9.99825e-01,7.50696e-01
2.854225773e+00,6.09377e-43,9.99999e-01,7.56587e-43,9.99828e-01,8.05565e-01
2.868496902e+00,1.70551e-40,9.99999e-01,1.97204e-40,9.99832e-01,8.64991e-01
2.882839386e+00,2.61539e-32,9.99999e-01,2.88458e-32,9.99835e-01,9.06830e-01
2.897253583e+00,1.54310e-27,9.99999e-01,1.65977e-27,9.99838e-01,9.29853e-01
2.911739851e+00,1.07125e-18,9.99999e-01,1.13321e-18,9.99841e-01,9.45468e-01
2.926298550e+00,2.25596e-13,9.99999e-01,2.35155e-13,9.99844e-01,9.59498e-01
2.940930043e+00,4.81873e-13,9.99999e-01,4.98200e-13,9.99848e-01,9.67373e-01
2.955634693e+00,5.70115e-13,9.99999e-01,5.87354e-13,9.99851e-01,9.70793e-01
2.970412867e+00,1.43939e-11,9.99999e-01,1.47743e-11,9.99853e-01,9.74396e-01
2.985264931e+00,5.25060e-09,9.99999e-01,5.38000e-09,9.99856e-01,9.76086e-01
3.000191256e+00,1.66802e-07,9.99999e-01,1.71003e-07,9.99859e-01,9.75568e-01
3.015192212e+00,9.31431e-07,9.99999e-01,9.58531e-07,9.99862e-01,9.71860e-01
3.030268173e+00,8.11621e-06,9.99999e-01,8.40434e-06,9.99865e-01,9.65846e-01
3.045419514e+00,9.76000e-07,9.99999e-01,1.01612e-06,9.99867e-01,9.60639e-01
3.060646612e+00,1.52403e-04,9.99999e-01,1.59961e-04,9.99870e-01,9.52873e-01
3.075949845e+00,2.13283e-04,9.99999e-01,2.25073e-04,9.99872e-01,9.47736e-01
3.091329594e+00,2.18675e-04,9.99999e-01,2.31506e-04,9.99875e-01,9.44692e-01
3.106786242e+00,8.40747e-04,9.99999e-01,8.89924e-04,9.99877e-01,9.44854e-01
3.122320173e+00,2.33118e-03,9.99999e-01,2.45922e-03,9.99880e-01,9.48046e-01
3.137931774e+00,2.83366e-03,9.99999e-01,2.96949e-03,9.99882e-01,9.54368e-01
3.153621433e+00,2.10721e-02,9.99999e-01,2.19803e-02,9.99884e-01,9.58790e-01
3.169389540e+00,3.03329e-02,9.99999e-01,3.16904e-02,9.99887e-01,9.57270e-01
3.185236488e+00,1.59917e-02,9.99999e-01,1.68206e-02,9.99889e-01,9.50829e-01
3.201162670e+00,2.83065e-04,9.99999e-01,2.99611e-04,9.99891e-01,9.44876e-01
3.217168483e+00,2.10716e-03,9.99999e-01,2.24148e-03,9.99893e-01,9.40175e-01
3.233254326e+00,1.59801e-02,9.99999e-01,1.69789e-02,9.99895e-01,9.41276e-01
3.249420598e+00,6.27567e-02,9.99999e-01,6.62583e-02,9.99897e-01,9.47249e-01
3.265667701e+00,1.49678e-02,9.99999e-01,1.57005e-02,9.99899e-01,9.53426e-01
3.281996039e+00,3.37555e-02,9.99999e-01,3.51364e-02,9.99901e-01,9.60792e-01
3.298406019e+00,5.00675e-03,9.99999e-01,5.17146e-03,9.99903e-01,9.68241e-01
3.314898049e+00,4.00048e-03,9.99999e-01,4.09829e-03,9.99905e-01,9.76224e-01
3.331472540e+00,1.11381e-02,9.99999e-01,1.13328e-02,9.99907e-01,9.82914e-01
3.348129902e+00,7.98460e-03,9.99999e-01,8.08443e-03,9.99909e-01,9.87740e-01
3.364870552e+00,1.95369e-02,9.99999e-01,1.98783e-02,9.99911e-01,9.82908e-01
3.381694905e+00,3.27210e-02,9.99999e-01,3.31105e-02,9.99912e-01,9.88322e-01
3.398603379e+00,7.60534e-02,9.99999e-01,7.69284e-02,9.99914e-01,9.88709e-01
3.415596396e+00,1.51262e-01,9.99999e-01,1.52906e-01,9.99916e-01,9.89327e-01
3.432674378e+00,1.67573e-01,9.99999e-01,1.68585e-01,9.99917e-01,9.94081e-01
3.449837750e+00,2.91639e-01,9.99999e-01,2.92834e-01,9.99919e-01,9.95999e-01
3.467086939e+00,4.26249e-01,9.99999e-01,4.28223e-01,9.99921e-01,9.95467e-01
3.484422373e+00,4.46431e-01,9.99999e-01,4.48739e-01,9.99922e-01,9.94932e-01
3.501844485e+00,6.27957e-01,9.99999e-01,6.30150e-01,9.99924e-01,9.96594e-01
3.519353708e+00,6.78739e-01,9.99999e-01,6.79632e-01,9.99925e-01,9.98758e-01
3.536950476e+00,7.05379e-01,9.99999e-01,7.05920e-01,9.99927e-01,9.99305e-01
3.554635228e+00,8.05217e-01,9.99999e-01,8.06167e-01,9.99928e-01,9.98891e-01
3.572408405e+00,8.11039e-01,9.99999e-01,8.12222e-01,9.99929e-01,9.98612e-01
3.590270447e+00,8.63874e-01,9.99999e-01,8.65268e-01,9.99931e-01,9.98456e-01
3.608221799e+00,8.91743e-01,9.99999e-01,8.93662e-01,9.99932e-01,9.97918e-01
3.626262908e+00,9.05991e-01,9.99999e-01,9.08350e-01,9.99933e-01,9.97468e-01
3.644394222e+00,9.40946e-01,9.99999e-01,9.44207e-01,9.99935e-01,9.96608e-01
3.662616193e+00,9.05732e-01,9.99999e-01,9.09691e-01,9.99936e-01,9.95709e-01
3.680929274e+00,8.51861e-01,9.99999e-01,8.56628e-01,9.99937e-01,9.94495e-01
3.699333921e+00,9.23586e-01,9.99999e-01,9.30095e-01,9.99939e-01,9.93060e-01
3.717830590e+00,9.36759e-01,9.99999e-01,9.45134e-01,9.99940e-01,9.91196e-01
3.736419743e+00,9.25264e-01,9.99998e-01,9.36025e-01,9.99941e-01,9.88561e-01
3.755101842e+00,9.18309e-01,9.99998e-01,9.31567e-01,9.99942e-01,9.85824e-01
3.773877351e+00,9.26286e-01,9.99996e-01,9.43248e-01,9.99943e-01,9.82075e-01
3.792746738e+00,9.10177e-01,9.99995e-01,9.31787e-01,9.99944e-01,9.76865e-01
3.811710472e+00,8.90154e-01,9.99990e-01,9.17014e-01,9.99945e-01,9.70769e-01
3.830769024e+00,8.77295e-01,9.99985e-01,9.10739e-01,9.99946e-01,9.63341e-01
3.849922869e+00,8.32928e-01,9.99973e-01,8.73251e-01,9.99947e-01,9.53896e-01
3.869172484e+00,8.03707e-01,9.99962e-01,8.53192e-01,9.99948e-01,9.42080e-01
3.888518346e+00,8.47600e-01,9.99935e-01,9.15050e-01,9.99949e-01,9.26392e-01
3.907960938e+00,8.20658e-01,9.99920e-01,9.05799e-01,9.99950e-01,9.06118e-01
3.927500742e+00,4.90769e-01,9.99863e-01,5.57500e-01,9.99951e-01,8.80440e-01
3.947138246e+00,5.77106e-01,9.99808e-01,6.80775e-01,9.99952e-01,8.47904e-01
3.966873937e+00,3.20504e-01,9.99781e-01,3.97067e-01,9.99953e-01,8.07341e-01
3.986708307e+00,6.39025e-01,9.99645e-01,8.42137e-01,9.99954e-01,7.59098e-01
4.006641849e+00,6.61962e-01,9.99535e-01,9.40106e-01,9.99955e-01,7.04487e-01
4.026675058e+00,6.01203e-01,9.99618e-01,9.30995e-01,9.99956e-01,6.46034e-01
4.046808433e+00,5.39237e-01,9.99597e-01,9.17419e-01,9.99957e-01,5.88033e-01
4.067042475e+00,4.84187e-01,9.99425e-01,9.05282e-01,9.99958e-01,5.35171e-01
4.087377688e+00,4.40048e-01,9.99327e-01,8.98899e-01,9.99958e-01,4.89883e-01
4.107814576e+00,3.92777e-01,9.99215e-01,8.62579e-01,9.99959e-01,4.55719e-01
4.128353649e+00,3.44151e-01,9.99209e-01,7.92828e-01,9.99960e-01,4.34428e-01
4.148995417e+00,3.18398e-01,9.99455e-01,7.50081e-01,9.99961e-01,4.24717e-01
4.169740394e+00,2.69488e-01,9.99493e-01,6.32265e-01,9.99962e-01,4.26442e-01
4.190589096e+00,2.48858e-01,9.99529e-01,5.72015e-01,9.99962e-01,4.35255e-01
4.211542042e+00,1.82254e-01,9.99564e-01,4.16447e-01,9.99963e-01,4.37826e-01
4.232599752e+00,1.61102e-01,9.99735e-01,3.80438e-01,9.99964e-01,4.23576e-01
4.253762751e+00,1.11952e-01,9.99813e-01,2.93215e-01,9.99964e-01,3.81884e-01
4.275031564e+00,5.75968e-02,9.99696e-01,1.83794e-01,9.99965e-01,3.13470e-01
4.296406722e+00,3.26876e-02,9.97029e-01,1.11547e-01,9.99966e-01,2.93734e-01
4.317888756e+00,5.00296e-02,9.99415e-01,1.43882e-01,9.99966e-01,3.47897e-01
4.339478200e+00,3.83634e-02,9.99655e-01,8.77207e-02,9.99967e-01,4.37475e-01
4.361175591e+00,3.10962e-02,9.99722e-01,6.20860e-02,9.99968e-01,5.00970e-01
4.382981469e+00,3.37423e-02,9.99703e-01,6.29477e-02,9.99968e-01,5.36163e-01
4.404896376e+00,3.19856e-02,9.99585e-01,5.74138e-02,9.99969e-01,5.57249e-01
4.426920858e+00,1.47178e-02,9.99582e-01,2.55681e-02,9.99969e-01,5.75751e-01
4.449055462e+00,3.38587e-02,9.99709e-01,5.67037e-02,9.99970e-01,5.97264e-01
4.471300739e+00,1.64562e-02,9.99696e-01,2.63703e-02,9.99971e-01,6.24179e-01
4.493657243e+00,3.51086e-02,9.99738e-01,5.34984e-02,9.99971e-01,6.56406e-01
4.516125529e+00,1.05989e-02,9.99749e-01,1.53133e-02,9.99972e-01,6.92244e-01
4.538706157e+00,3.04374e-02,9.99703e-01,4.16426e-02,9.99972e-01,7.31029e-01
4.561399688e+00,3.01298e-02,9.99792e-01,3.91413e-02,9.99973e-01,7.69859e-01
4.584206686e+00,5.01483e-02,9.99835e-01,6.21615e-02,9.99973e-01,8.06837e-01
4.607127720e+00,2.75447e-02,9.99838e-01,3.27643e-02,9.99974e-01,8.40769e-01
4.630163358e+00,3.29412e-03,9.99898e-01,3.78241e-03,9.99974e-01,8.70967e-01
4.653314175e+00,2.44623e-03,9.99903e-01,2.72896e-03,9.99975e-01,8.96460e-01
4.676580746e+00,3.35086e-04,9.99907e-01,3.65320e-04,9.99975e-01,9.17286e-01
4.699963650e+00,1.74038e-03,9.99950e-01,1.86353e-03,9.99976e-01,9.33959e-01
4.723463468e+00,2.19172e-04,9.99939e-01,2.31444e-04,9.99976e-01,9.47016e-01
4.747080785e+00,3.92343e-03,9.99968e-01,4.10097e-03,9.99977e-01,9.56747e-01
4.770816189e+00,4.50072e-04,9.99970e-01,4.66884e-04,9.99977e-01,9.64022e-01
4.794670270e+00,3.12496e-05,9.99969e-01,3.22370e-05,9.99978e-01,9.69403e-01
4.818643622e+00,1.57378e-05,9.99985e-01,1.61725e-05,9.99978e-01,9.73148e-01
4.842736840e+00,8.13776e-07,9.99983e-01,8.34438e-07,9.99978e-01,9.75263e-01
4.866950524e+00,9.30690e-05,9.99992e-01,9.53662e-05,9.99979e-01,9.75934e-01
4.891285276e+00,1.64312e-06,9.99991e-01,1.68496e-06,9.99979e-01,9.75190e-01
4.915741703e+00,7.17084e-06,9.99995e-01,7.36275e-06,9.99980e-01,9.73956e-01
4.940320411e+00,7.28435e-07,9.99995e-01,7.50181e-07,9.99980e-01,9.71031e-01
4.965022013e+00,6.56203e-09,9.99996e-01,6.78364e-09,9.99980e-01,9.67349e-01
4.989847123e+00,1.26584e-07,9.99997e-01,1.31357e-07,9.99981e-01,9.63678e-01
5.014796359e+00,1.46663e-09,9.99997e-01,1.53049e-09,9.99981e-01,9.58290e-01
5.039870341e+00,3.09567e-09,9.99998e-01,3.25228e-09,9.99981e-01,9.51863e-01
5.065069693e+00,4.53648e-09,9.99998e-01,4.81713e-09,9.99982e-01,9.41753e-01
5.090395041e+00,5.93438e-13,9.99999e-01,6.37275e-13,9.99982e-01,9.31227e-01
5.115847016e+00,1.76251e-13,9.99999e-01,1.92107e-13,9.99982e-01,9.17474e-01
5.141426251e+00,2.79573e-17,9.99998e-01,3.11046e-17,9.99983e-01,8.98829e-01
5.167133383e+00,1.29617e-19,9.99999e-01,1.47123e-19,9.99983e-01,8.81028e-01
5.192969049e+00,1.60047e-19,9.99999e-01,1.85948e-19,9.99983e-01,8.60720e-01
5.218933895e+00,1.36768e-30,9.99999e-01,1.63887e-30,9.99984e-01,8.34538e-01
5.245028564e+00,2.80193e-23,9.99999e-01,3.49615e-23,9.99984e-01,8.01444e-01
5.271253707e+00,2.19079e-24,9.99999e-01,2.88754e-24,9.99984e-01,7.58715e-01
5.297609976e+00,3.04152e-29,9.99999e-01,4.28168e-29,9.99985e-01,7.10366e-01
5.324098025e+00,1.09459e-29,9.99999e-01,1.66878e-29,9.99985e-01,6.55930e-01
5.350718516e+00,2.92471e-36,9.99999e-01,4.98046e-36,9.99985e-01,5.87245e-01
5.377472108e+00,9.66836e-38,9.99999e-01,1.83224e-37,9.99985e-01,5.27687e-01
5.404359469e+00,9.90616e-38,9.99999e-01,2.12529e-37,9.99986e-01,4.66114e-01
5.431381266e+00,2.57931e-69,9.99999e-01,6.20562e-69,9.99986e-01,4.15646e-01
5.458538172e+00,2.01906e-69,9.99999e-01,5.65095e-69,9.99986e-01,3.57300e-01
5.485830863e+00,2.34025e-74,9.99999e-01,8.02979e-74,9.99986e-01,2.91449e-01
5.513260018e+00,1.34370e-78,9.99999e-01,5.72939e-78,9.99987e-01,2.34530e-01
5.540826318e+00,1.80781e-82,9.99999e-01,1.00075e-81,9.99987e-01,1.80648e-01
5.568530449e+00,8.86864e-129,9.99999e-01,6.57142e-128,9.99987e-01,1.34959e-01
5.596373101e+00,4.02340e-123,9.99999e-01,4.07790e-122,9.99987e-01,9.86645e-02
5.624354967e+00,1.83764e-111,9.99999e-01,2.63540e-110,9.99988e-01,6.97297e-02
5.652476742e+00,1.40893e-121,9.99999e-01,2.98712e-120,9.99988e-01,4.71673e-02
5.680739126e+00,2.89268e-140,9.99999e-01,9.53780e-139,9.99988e-01,3.03289e-02
5.709142821e+00,6.02875e-153,9.99999e-01,3.18092e-151,9.99988e-01,1.89530e-02
5.737688535e+00,1.18662e-148,9.99999e-01,1.12906e-146,9.99989e-01,1.05099e-02
5.766376978e+00,1.12364e-113,9.99999e-01,2.13069e-111,9.99989e-01,5.27363e-03
5.795208863e+00,2.42994e-104,9.99999e-01,1.02281e-101,9.99989e-01,2.37576e-03
5.824184907e+00,9.99424e-127,9.99999e-01,9.69741e-124,9.99989e-01,1.03062e-03
5.853305832e+00,3.98875e-125,9.99999e-01,8.40421e-122,9.99989e-01,4.74618e-04
5.882572361e+00,2.54033e-153,9.99999e-01,1.03717e-149,9.99990e-01,2.44931e-04
5.911985223e+00,9.85501e-148,9.99999e-01,7.33001e-144,9.99990e-01,1.34449e-04
5.941545149e+00,4.11548e-152,9.99999e-01,5.26458e-148,9.99990e-01,7.81735e-05
5.971252874e+00,6.43682e-132,9.99999e-01,1.14272e-127,9.99990e-01,5.63296e-05
6.001109139e+00,2.15008e-90,9.99999e-01,4.22627e-86,9.99990e-01,5.08745e-05
6.031114685e+00,6.31180e-99,9.99999e-01,1.10436e-94,9.99990e-01,5.71538e-05
6.061270258e+00,2.98520e-98,9.99999e-01,3.81151e-94,9.99991e-01,7.83213e-05
6.091576609e+00,8.42613e-84,9.99999e-01,7.08619e-80,9.99991e-01,1.18910e-04
6.122034492e+00,3.59713e-54,9.99999e-01,1.78735e-50,9.99991e-01,2.01256e-04
6.152644665e+00,9.56262e-55,9.99999e-01,2.64670e-51,9.99991e-01,3.61306e-04
6.183407888e+00,1.95116e-37,9.99999e-01,3.25514e-34,9.99991e-01,5.99413e-04
6.214324928e+00,2.43688e-26,9.99999e-01,3.01364e-23,9.99991e-01,8.08622e-04
6.245396552e+00,2.92469e-19,9.99999e-01,3.62927e-16,9.99992e-01,8.05866e-04
6.276623535e+00,6.53721e-20,9.99999e-01,1.09228e-16,9.99992e-01,5.98495e-04
6.308006653e+00,5.72280e-20,9.99999e-01,1.58394e-16,9.99992e-01,3.61304e-04
6.339546686e+00,6.51976e-39,9.99999e-01,3.33956e-35,9.99992e-01,1.95230e-04
6.371244419e+00,5.31052e-80,9.99999e-01,5.15288e-76,9.99992e-01,1.03060e-04
6.403100641e+00,1.19800e-111,9.99999e-01,2.10231e-107,9.99992e-01,5.69853e-05
6.435116145e+00,3.70184e-241,9.99999e-01,9.51266e-237,9.99992e-01,3.89151e-05
6.467291725e+00,1.26713e-242,9.99999e-01,3.88141e-238,9.99993e-01,3.26463e-05
6.499628184e+00,1.69428e-276,9.99999e-01,5.03337e-272,9.99993e-01,3.36612e-05
6.532126325e+00,1.56906e-244,9.99999e-01,3.67872e-240,9.99993e-01,4.26524e-05
6.564786956e+00,7.17592e-293,9.99999e-01,9.97792e-289,9.99993e-01,7.19183e-05
6.597610891e+00,0.00000e+00,9.99999e-01,0.00000e+00,9.99993e-01,1.36559e-04
6.630598946e+00,2.37860e-259,9.99999e-01,8.66012e-256,9.99993e-01,2.74662e-04
6.663751940e+00,2.22917e-241,9.99999e-01,4.04514e-238,9.99993e-01,5.51076e-04
6.697070700e+00,4.33710e-191,9.99999e-01,3.95682e-188,9.99993e-01,1.09611e-03
6.730556054e+00,2.51019e-131,9.99999e-01,1.18744e-128,9.99993e-01,2.11396e-03
6.764208834e+00,4.65312e-131,9.99999e-01,1.15097e-128,9.99994e-01,4.04281e-03
6.798029878e+00,4.46200e-160,9.99999e-01,5.66448e-158,9.99994e-01,7.87719e-03
6.832020027e+00,7.65697e-160,9.99999e-01,5.57555e-158,9.99994e-01,1.37332e-02
6.866180128e+00,2.34868e-183,9.99999e-01,1.03549e-181,9.99994e-01,2.26819e-02
6.900511028e+00,3.66154e-105,9.99999e-01,1.01925e-103,9.99994e-01,3.59241e-02
6.935013583e+00,6.48115e-105,9.99999e-01,1.17116e-103,9.99994e-01,5.53399e-02
6.969688651e+00,1.57417e-131,9.99999e-01,1.89750e-130,9.99994e-01,8.29601e-02
7.004537095e+00,1.07579e-129,9.99999e-01,8.89753e-129,9.99994e-01,1.20909e-01
7.039559780e+00,1.97796e-140,9.99999e-01,1.15868e-139,9.99994e-01,1.70708e-01
7.074757579e+00,2.46202e-110,9.99999e-01,1.09549e-109,9.99994e-01,2.24742e-01
7.110131367e+00,2.69885e-109,9.99999e-01,9.38069e-109,9.99995e-01,2.87704e-01
7.145682024e+00,2.44002e-122,9.99999e-01,6.80465e-122,9.99995e-01,3.58583e-01
7.181410434e+00,1.48265e-155,9.99999e-01,3.44266e-155,9.99995e-01,4.30670e-01
7.217317486e+00,9.18522e-115,9.99999e-01,1.83280e-114,9.99995e-01,5.01158e-01
7.253404073e+00,9.19205e-115,9.99999e-01,1.61031e-114,9.99995e-01,5.70826e-01
7.289671094e+00,1.91793e-100,9.99999e-01,3.02416e-100,9.99995e-01,6.34205e-01
7.326119449e+00,3.89082e-100,9.99999e-01,5.61091e-100,9.99995e-01,6.93440e-01
7.362750046e+00,5.60259e-73,9.99999e-01,7.48416e-73,9.99995e-01,7.48596e-01
7.399563797e+00,8.38940e-60,9.99999e-01,1.05639e-59,9.99995e-01,7.94159e-01
7.436561616e+00,5.39620e-65,9.99999e-01,6.49531e-65,9.99995e-01,8.30787e-01
7.473744424e+00,3.33281e-61,9.99999e-01,3.85764e-61,9.99995e-01,8.63952e-01
7.511113146e+00,5.17322e-53,9.99999e-01,5.79506e-53,9.99995e-01,8.92698e-01
7.548668712e+00,2.17929e-55,9.99999e-01,2.38824e-55,9.99996e-01,9.12513e-01
7.586412055e+00,7.32095e-100,9.99999e-01,7.87706e-100,9.99996e-01,9.29404e-01
7.624344115e+00,4.39123e-49,9.99999e-01,4.65623e-49,9.99996e-01,9.43090e-01
7.662465836e+00,2.14312e-30,9.99999e-01,2.24802e-30,9.99996e-01,9.53341e-01
7.700778165e+00,1.06079e-30,9.99999e-01,1.10275e-30,9.99996e-01,9.61955e-01
7.739282056e+00,3.79874e-50,9.99999e-01,3.92362e-50,9.99996e-01,9.68174e-01
7.777978466e+00,1.89834e-34,9.99999e-01,1.94934e-34,9.99996e-01,9.73840e-01
7.816868359e+00,2.70894e-28,9.99999e-01,2.76726e-28,9.99996e-01,9.78926e-01
7.855952700e+00,9.77085e-29,9.99999e-01,9.94770e-29,9.99996e-01,9.82225e-01
7.895232464e+00,1.45377e-28,9.99999e-01,1.47610e-28,9.99996e-01,9.84879e-01
7.934708626e+00,1.67107e-17,9.99999e-01,1.69289e-17,9.99996e-01,9.87113e-01
7.974382169e+00,3.26604e-13,9.99999e-01,3.30350e-13,9.99996e-01,9.88661e-01
8.014254080e+00,6.79442e-14,9.99999e-01,6.86186e-14,9.99996e-01,9.90174e-01
8.054325351e+00,3.53893e-13,9.99999e-01,3.56878e-13,9.99996e-01,9.91639e-01
8.094596977e+00,1.30646e-10,9.99999e-01,1.31567e-10,9.99996e-01,9.92999e-01
8.135069962e+00,2.33625e-10,9.99999e-01,2.34979e-10,9.99996e-01,9.94243e-01
8.175745312e+00,3.84117e-11,9.99999e-01,3.86010e-11,9.99996e-01,9.95098e-01
8.216624039e+00,9.38987e-09,9.99999e-01,9.42954e-09,9.99997e-01,9.95794e-01
8.257707159e+00,1.79279e-06,9.99999e-01,1.79932e-06,9.99997e-01,9.96369e-01
8.298995695e+00,2.74893e-05,9.99999e-01,2.75798e-05,9.99997e-01,9.96722e-01
8.340490673e+00,2.51013e-06,9.99999e-01,2.51753e-06,9.99997e-01,9.97060e-01
8.382193126e+00,1.26214e-04,9.99999e-01,1.26542e-04,9.99997e-01,9.97412e-01
8.424104092e+00,2.45563e-05,9.99999e-01,2.46121e-05,9.99997e-01,9.97733e-01
8.466224613e+00,7.30298e-05,9.99999e-01,7.31741e-05,9.99997e-01,9.98029e-01
8.508555736e+00,5.36925e-05,9.99999e-01,5.37880e-05,9.99997e-01,9.98225e-01
8.551098514e+00,3.02291e-03,9.99999e-01,3.02777e-03,9.99997e-01,9.98397e-01
8.593854007e+00,2.41478e-02,9.99999e-01,2.41838e-02,9.99997e-01,9.98514e-01
8.636823277e+00,3.36799e-02,9.99999e-01,3.37259e-02,9.99997e-01,9.98636e-01
8.680007393e+00,4.68923e-03,9.99999e-01,4.69504e-03,9.99997e-01,9.98763e-01
8.723407430e+00,1.26400e-02,9.99999e-01,1.26541e-02,9.99997e-01,9.98892e-01
8.767024467e+00,6.04473e-03,9.99999e-01,6.05066e-03,9.99997e-01,9.99021e-01
8.810859590e+00,1.15751e-02,9.99999e-01,1.15856e-02,9.99997e-01,9.99092e-01
8.854913888e+00,1.15778e-01,9.99999e-01,1.15876e-01,9.99997e-01,9.99158e-01
8.899188457e+00,8.70395e-02,9.99999e-01,8.71085e-02,9.99997e-01,9.99208e-01
8.943684399e+00,3.96342e-02,9.99999e-01,3.96639e-02,9.99997e-01,9.99252e-01
8.988402821e+00,3.17325e-02,9.99999e-01,3.17551e-02,9.99997e-01,9.99288e-01
9.033344836e+00,1.72737e-02,9.99999e-01,1.72854e-02,9.99997e-01,9.99326e-01
9.078511560e+00,4.34611e-02,9.99999e-01,4.34887e-02,9.99997e-01,9.99366e-01
9.123904118e+00,1.07611e-01,9.99999e-01,1.07677e-01,9.99997e-01,9.99386e-01
9.169523638e+00,7.21848e-02,9.99999e-01,7.22281e-02,9.99997e-01,9.99400e-01
9.215371256e+00,2.30867e-01,9.99999e-01,2.31002e-01,9.99997e-01,9.99413e-01
9.261448113e+00,2.02690e-01,9.99999e-01,2.02806e-01,9.99997e-01,9.99424e-01
9.307755353e+00,9.73859e-02,9.99999e-01,9.74413e-02,9.99997e-01,9.99432e-01
9.354294130e+00,6.57081e-02,9.99999e-01,6.57452e-02,9.99998e-01,9.99437e-01
9.401065601e+00,1.48803e-02,9.99999e-01,1.48887e-02,9.99998e-01,9.99433e-01
9.448070929e+00,3.96222e-02,9.99999e-01,3.96449e-02,9.99998e-01,9.99426e-01
9.495311283e+00,1.69376e-01,9.99999e-01,1.69476e-01,9.99998e-01,9.99412e-01
9.542787840e+00,2.80205e-01,9.99999e-01,2.80374e-01,9.99998e-01,9.99397e-01
9.590501779e+00,1.39677e-01,9.99999e-01,1.39764e-01,9.99998e-01,9.99379e-01
9.638454288e+00,1.31431e-01,9.99999e-01,1.31515e-01,9.99998e-01,9.99361e-01
9.686646559e+00,1.50913e-01,9.99999e-01,1.51012e-01,9.99998e-01,9.99344e-01
9.735079792e+00,2.42744e-01,9.99999e-01,2.42909e-01,9.99998e-01,9.99322e-01
9.783755191e+00,1.78863e-01,9.99999e-01,1.78988e-01,9.99998e-01,9.99297e-01
9.832673967e+00,2.50365e-02,9.99999e-01,2.50549e-02,9.99998e-01,9.99268e-01
9.881837337e+00,2.60465e-03,9.99999e-01,2.60664e-03,9.99998e-01,9.99237e-01
9.931246523e+00,8.23544e-02,9.99999e-01,8.24201e-02,9.99998e-01,9.99202e-01
9.980902756e+00,1.84344e-01,9.99999e-01,1.84498e-01,9.99998e-01,9.99165e-01
1.003080727e+01,1.85117e-01,9.99999e-01,1.85279e-01,9.99998e-01,9.99125e-01
1.008096131e+01,2.31079e-01,9.99999e-01,2.31290e-01,9.99998e-01,9.99084e-01
1.013136611e+01,3.26377e-01,9.99999e-01,3.26691e-01,9.99998e-01,9.99040e-01
1.018202294e+01,3.67244e-01,9.99999e-01,3.67613e-01,9.99998e-01,9.98994e-01
1.023293306e+01,1.79228e-01,9.99999e-01,1.79417e-01,9.99998e-01,9.98944e-01
1.028409772e+01,4.56588e-02,9.99999e-01,4.57095e-02,9.99998e-01,9.98891e-01
1.033551821e+01,3.28363e-02,9.99999e-01,3.28746e-02,9.99998e-01,9.98835e-01
1.038719580e+01,6.28672e-03,9.99999e-01,6.29442e-03,9.99998e-01,9.98777e-01
1.043913178e+01,6.80678e-03,9.99999e-01,6.81555e-03,9.99998e-01,9.98713e-01
1.049132744e+01,4.90436e-02,9.99999e-01,4.91101e-02,9.99998e-01,9.98645e-01
1.054378408e+01,9.46355e-02,9.99999e-01,9.47705e-02,9.99998e-01,9.98575e-01
1.059650300e+01,8.29773e-02,9.99999e-01,8.31019e-02,9.99998e-01,9.98500e-01
1.064948551e+01,6.46687e-02,9.99999e-01,6.47709e-02,9.99998e-01,9.98423e-01
1.070273294e+01,2.20284e-02,9.99999e-01,2.20651e-02,9.99998e-01,9.98339e-01
1.075624661e+01,2.57406e-02,9.99999e-01,2.57856e-02,9.99998e-01,9.98254e-01
1.081002784e+01,2.94071e-02,9.99999e-01,2.94612e-02,9.99998e-01,9.98163e-01
1.086407798e+01,3.03761e-03,9.99999e-01,3.04347e-03,9.99998e-01,9.98073e-01
1.091839837e+01,3.46207e-04,9.99999e-01,3.46912e-04,9.99998e-01,9.97968e-01
1.097299036e+01,2.90474e-06,9.99999e-01,2.91096e-06,9.99998e-01,9.97863e-01
1.102785531e+01,6.19898e-07,9.99999e-01,6.21295e-07,9.99998e-01,9.97750e-01
1.108299459e+01,1.40005e-03,9.99999e-01,1.40337e-03,9.99998e-01,9.97635e-01
1.113840956e+01,1.97297e-02,9.99999e-01,1.97789e-02,9.99998e-01,9.97512e-01
1.119410161e+01,4.43280e-02,9.99999e-01,4.44442e-02,9.99998e-01,9.97384e-01
1.125007212e+01,1.44761e-02,9.99999e-01,1.45160e-02,9.99998e-01,9.97250e-01
1.130632248e+01,9.92324e-03,9.99999e-01,9.95207e-03,9.99998e-01,9.97103e-01
1.136285409e+01,2.87154e-02,9.99999e-01,2.88031e-02,9.99998e-01,9.96955e-01
1.141966836e+01,3.87170e-02,9.99999e-01,3.88413e-02,9.99998e-01,9.96799e-01
1.147676670e+01,1.90457e-02,9.99999e-01,1.91099e-02,9.99998e-01,9.96641e-01
1.153415054e+01,2.07579e-03,9.99999e-01,2.08314e-03,9.99998e-01,9.96472e-01
1.159182129e+01,1.78619e-04,9.99999e-01,1.79283e-04,9.99998e-01,9.96297e-01
1.164978039e+01,2.67933e-06,9.99999e-01,2.68978e-06,9.99998e-01,9.96113e-01
1.170802930e+01,8.78380e-08,9.99999e-01,8.81980e-08,9.99998e-01,9.95917e-01
1.176656944e+01,4.31640e-05,9.99999e-01,4.33496e-05,9.99998e-01,9.95717e-01
1.182540229e+01,1.07514e-03,9.99999e-01,1.08001e-03,9.99998e-01,9.95491e-01
1.188452930e+01,1.16276e-03,9.99999e-01,1.16829e-03,9.99998e-01,9.95264e-01
1.194395195e+01,2.62355e-03,9.99999e-01,2.63671e-03,9.99998e-01,9.95009e-01
1.200367171e+01,8.94772e-03,9.99999e-01,8.99499e-03,9.99998e-01,9.94743e-01
1.206369007e+01,1.92751e-03,9.99999e-01,1.93824e-03,9.99998e-01,9.94466e-01
1.212400852e+01,8.22977e-03,9.99999e-01,8.27804e-03,9.99998e-01,9.94168e-01
1.218462856e+01,7.66179e-03,9.99999e-01,7.70905e-03,9.99998e-01,9.93869e-01
1.224555170e+01,2.19062e-04,9.99999e-01,2.20481e-04,9.99998e-01,9.93567e-01
1.230677946e+01,5.58701e-06,9.99999e-01,5.62490e-06,9.99999e-01,9.93263e-01
1.236831336e+01,1.46633e-07,9.99999e-01,1.47674e-07,9.99999e-01,9.92945e-01
1.243015492e+01,7.85790e-12,9.99999e-01,7.91640e-12,9.99999e-01,9.92610e-01
1.249230570e+01,3.40469e-11,9.99999e-01,3.43120e-11,9.99999e-01,9.92274e-01
1.255476723e+01,7.94876e-10,9.99999e-01,8.01357e-10,9.99999e-01,9.91912e-01
1.261754106e+01,2.04851e-05,9.99999e-01,2.06597e-05,9.99999e-01,9.91547e-01
1.268062877e+01,2.39740e-04,9.99999e-01,2.41879e-04,9.99999e-01,9.91157e-01
1.274403191e+01,1.20390e-04,9.99999e-01,1.21516e-04,9.99999e-01,9.90733e-01
1.280775207e+01,6.65897e-04,9.99999e-01,6.72414e-04,9.99999e-01,9.90307e-01
1.287179083e+01,7.83144e-05,9.99999e-01,7.91180e-05,9.99999e-01,9.89842e-01
1.293614979e+01,1.90141e-04,9.99999e-01,1.92184e-04,9.99999e-01,9.89370e-01
1.300083054e+01,3.47104e-06,9.99999e-01,3.51004e-06,9.99999e-01,9.88888e-01
1.306583469e+01,7.82870e-07,9.99999e-01,7.92066e-07,9.99999e-01,9.88389e-01
1.313116386e+01,3.36353e-07,9.99999e-01,3.40477e-07,9.99999e-01,9.87887e-01
1.319681968e+01,1.03495e-07,9.99999e-01,1.04821e-07,9.99999e-01,9.87344e-01
1.326280378e+01,1.17878e-11,9.99999e-01,1.19458e-11,9.99999e-01,9.86779e-01
1.332911780e+01,3.45637e-12,9.99999e-01,3.50470e-12,9.99999e-01,9.86209e-01
1.339576339e+01,8.37882e-13,9.99999e-01,8.50182e-13,9.99999e-01,9.85531e-01
1.346274221e+01,9.96378e-19,9.99999e-01,1.01170e-18,9.99999e-01,9.84850e-01
1.353005592e+01,4.02751e-10,9.99999e-01,4.09250e-10,9.99999e-01,9.84118e-01
1.359770620e+01,2.92967e-09,9.99999e-01,2.97948e-09,9.99999e-01,9.83283e-01
1.366569473e+01,2.61073e-09,9.99999e-01,2.65738e-09,9.99999e-01,9.82444e-01
1.373402320e+01,6.56231e-07,9.99999e-01,6.68543e-07,9.99999e-01,9.81583e-01
1.380269332e+01,2.05545e-06,9.99999e-01,2.09589e-06,9.99999e-01,9.80705e-01
1.387170678e+01,3.04925e-08,9.99999e-01,3.11204e-08,9.99999e-01,9.79823e-01
1.394106532e+01,1.67963e-09,9.99999e-01,1.71576e-09,9.99999e-01,9.78938e-01
1.401077064e+01,3.05390e-11,9.99999e-01,3.12244e-11,9.99999e-01,9.78050e-01
1.408082450e+01,2.69649e-11,9.99999e-01,2.75952e-11,9.99999e-01,9.77157e-01
1.415122862e+01,6.71656e-16,9.99999e-01,6.88026e-16,9.99999e-01,9.76207e-01
1.422198476e+01,3.00437e-21,9.99999e-01,3.08060e-21,9.99999e-01,9.75253e-01
1.429309469e+01,1.82108e-20,9.99999e-01,1.86918e-20,9.99999e-01,9.74266e-01
1.436456016e+01,2.34245e-25,9.99999e-01,2.40708e-25,9.99999e-01,9.73148e-01
1.443638296e+01,4.40358e-29,9.99999e-01,4.53031e-29,9.99999e-01,9.72025e-01
1.450856487e+01,7.31698e-20,9.99999e-01,7.53651e-20,9.99999e-01,9.70870e-01
1.458110770e+01,2.04427e-14,9.99999e-01,2.10826e-14,9.99999e-01,9.69649e-01
1.465401324e+01,4.80259e-13,9.99999e-01,4.95918e-13,9.99999e-01,9.68423e-01
1.472728330e+01,6.74394e-13,9.99999e-01,6.97298e-13,9.99999e-01,9.67153e-01
1.480091972e+01,1.64989e-14,9.99999e-01,1.70829e-14,9.99999e-01,9.65810e-01
1.487492432e+01,3.40638e-24,9.99999e-01,3.53189e-24,9.99999e-01,9.64463e-01
1.494929894e+01,3.11197e-19,9.99999e-01,3.23144e-19,9.99999e-01,9.63029e-01
1.502404544e+01,4.16843e-16,9.99999e-01,4.33549e-16,9.99999e-01,9.61468e-01
1.509916566e+01,1.77489e-15,9.99999e-01,1.84903e-15,9.99999e-01,9.59901e-01
1.517466149e+01,5.83914e-17,9.99999e-01,6.09338e-17,9.99999e-01,9.58276e-01
1.525053480e+01,2.40673e-15,9.99999e-01,2.51602e-15,9.99999e-01,9.56561e-01
1.532678747e+01,3.80493e-18,9.99999e-01,3.98488e-18,9.99999e-01,9.54841e-01
1.540342141e+01,1.01713e-22,9.99999e-01,1.07804e-22,9.99999e-01,9.43492e-01
1.548043852e+01,2.88425e-25,9.99999e-01,3.06524e-25,9.99999e-01,9.40954e-01
1.555784071e+01,8.55240e-32,9.99999e-01,9.11043e-32,9.99999e-01,9.38748e-01
1.563562991e+01,4.63037e-47,9.99999e-01,4.94427e-47,9.99999e-01,9.36511e-01
1.571380806e+01,1.05022e-47,9.99999e-01,1.12422e-47,9.99999e-01,9.34181e-01
1.579237710e+01,1.25300e-34,9.99999e-01,1.34466e-34,9.99999e-01,9.31838e-01
1.587133899e+01,4.71460e-30,9.99999e-01,5.07246e-30,9.99999e-01,9.29450e-01
1.595069568e+01,6.79460e-33,9.99999e-01,7.33301e-33,9.99999e-01,9.26577e-01
1.603044916e+01,4.68680e-45,9.99999e-01,5.07402e-45,9.99999e-01,9.23684e-01
1.611060141e+01,1.39007e-43,9.99999e-01,1.50967e-43,9.99999e-01,9.20781e-01
1.619115441e+01,3.05830e-42,9.99999e-01,3.33229e-42,9.99999e-01,9.17777e-01
1.627211019e+01,1.72336e-47,9.99999e-01,1.88398e-47,9.99999e-01,9.14743e-01
1.635347074e+01,1.87007e-43,9.99999e-01,2.05120e-43,9.99999e-01,9.11697e-01
1.643523809e+01,2.51294e-44,9.99999e-01,2.76586e-44,9.99999e-01,9.08557e-01
1.651741428e+01,5.09557e-47,9.99999e-01,5.62829e-47,9.99999e-01,9.05349e-01
1.660000135e+01,2.67842e-59,9.99999e-01,2.96898e-59,9.99999e-01,9.02133e-01
1.668300136e+01,1.01507e-60,9.99999e-01,1.12920e-60,9.99999e-01,8.98933e-01
1.676641637e+01,8.03453e-54,9.99999e-01,8.96917e-54,9.99999e-01,8.95793e-01
1.685024845e+01,2.20292e-55,9.99999e-01,2.46784e-55,9.99999e-01,8.92650e-01
1.693449969e+01,1.36785e-68,9.99999e-01,1.53778e-68,9.99999e-01,8.89493e-01
1.701917219e+01,1.66924e-73,9.99999e-01,1.88369e-73,9.99999e-01,8.86151e-01
1.710426805e+01,2.55300e-94,9.99999e-01,2.89199e-94,9.99999e-01,8.82784e-01
1.718978939e+01,5.28873e-103,9.99999e-01,6.01398e-103,9.99999e-01,8.79405e-01
1.727573834e+01,1.24607e-105,9.99999e-01,1.42290e-105,9.99999e-01,8.75727e-01
1.736211703e+01,6.95555e-113,9.99999e-01,7.97909e-113,9.99999e-01,8.71721e-01
1.744892761e+01,4.99989e-97,9.99999e-01,5.76212e-97,9.99999e-01,8.67716e-01
1.753617225e+01,1.29482e-77,9.99999e-01,1.49915e-77,9.99999e-01,8.63700e-01
1.762385311e+01,2.34651e-76,9.99999e-01,2.72972e-76,9.99999e-01,8.59615e-01
1.771197238e+01,2.52883e-81,9.99999e-01,2.95587e-81,9.99999e-01,8.55527e-01
1.780053224e+01,2.36945e-88,9.99999e-01,2.78291e-88,9.99999e-01,8.51431e-01
1.788953490e+01,1.43263e-95,9.99999e-01,1.69162e-95,9.99999e-01,8.46895e-01
1.797898258e+01,2.13292e-109,9.99999e-01,2.53374e-109,9.99999e-01,8.41807e-01
1.806887749e+01,1.33238e-111,9.99999e-01,1.59238e-111,9.99999e-01,8.36723e-01
1.815922188e+01,1.33387e-148,9.99999e-01,1.60391e-148,9.99999e-01,8.31637e-01
1.825001799e+01,3.13332e-111,9.99999e-01,3.79111e-111,9.99999e-01,8.26492e-01
1.834126808e+01,2.50648e-107,9.99999e-01,3.05169e-107,9.99999e-01,8.21341e-01
1.843297442e+01,3.09769e-108,9.99999e-01,3.79532e-108,9.99999e-01,8.16187e-01
1.852513929e+01,3.89361e-120,9.99999e-01,4.80092e-120,9.99999e-01,8.11014e-01
1.861776499e+01,1.61994e-176,9.99999e-01,2.01054e-176,9.99999e-01,8.05724e-01
1.871085381e+01,3.05081e-138,9.99999e-01,3.81146e-138,9.99999e-01,8.00430e-01
1.880440808e+01,6.02504e-118,9.99999e-01,7.57725e-118,9.99999e-01,7.95149e-01
1.889843012e+01,1.40931e-118,9.99999e-01,1.78419e-118,9.99999e-01,7.89888e-01
1.899292227e+01,1.64502e-165,9.99999e-01,2.09648e-165,9.99999e-01,7.84660e-01
1.908788688e+01,1.72663e-158,9.99999e-01,2.21521e-158,9.99999e-01,7.79441e-01
1.918332632e+01,3.75410e-159,9.99999e-01,4.84886e-159,9.99999e-01,7.74223e-01
1.927924295e+01,1.76047e-196,9.99999e-01,2.29031e-196,9.99999e-01,7.68659e-01
1.937563916e+01,7.79090e-306,9.99999e-01,1.02127e-305,9.99999e-01,7.62864e-01
1.947251736e+01,8.91036e-312,9.99999e-01,1.17694e-311,9.99999e-01,7.57078e-01
1.956987994e+01,2.14950e-298,9.99999e-01,2.86111e-298,9.99999e-01,7.51283e-01
1.966772934e+01,3.13075e-245,9.99999e-01,4.20277e-245,9.99999e-01,7.44923e-01
1.976606799e+01,6.92330e-241,9.99999e-01,9.37698e-241,9.99999e-01,7.38329e-01
1.986489833e+01,3.95514e-256,9.99999e-01,5.40503e-256,9.99999e-01,7.31751e-01
1.996422282e+01,2.60945e-239,9.99999e-01,3.59827e-239,9.99999e-01,7.25194e-01
