#,Wave/freq,Total,N2,H2O,Rayleigh,CIA
4.000000000e-01,9.14415e-01,9.99999e-01,9.99989e-01,9.14424e-01,9.99999e-01
4.020000000e-01,9.16038e-01,9.99999e-01,9.99993e-01,9.16043e-01,9.99999e-01
4.040100000e-01,9.17629e-01,9.99999e-01,9.99996e-01,9.17631e-01,9.99999e-01
4.060300500e-01,9.19190e-01,9.99999e-01,9.99998e-01,9.19191e-01,9.99999e-01
4.080602003e-01,9.20722e-01,9.99999e-01,9.99999e-01,9.20722e-01,9.99999e-01
4.101005013e-01,9.22225e-01,9.99999e-01,9.99999e-01,9.22225e-01,9.99999e-01
4.121510038e-01,9.23701e-01,9.99999e-01,9.99999e-01,9.23701e-01,9.99999e-01
4.142117588e-01,9.25148e-01,9.99999e-01,9.99996e-01,9.25151e-01,9.99999e-01
4.162828176e-01,9.26562e-01,9.99999e-01,9.99987e-01,9.26573e-01,9.99999e-01
4.183642317e-01,9.27963e-01,9.99999e-01,9.99992e-01,9.27970e-01,9.99999e-01
4.204560528e-01,9.29337e-01,9.99999e-01,9.99994e-01,9.29341e-01,9.99999e-01
4.225583331e-01,9.30686e-01,9.99999e-01,9.99997e-01,9.30687e-01,9.99999e-01
4.246711247e-01,9.32008e-01,9.99999e-01,9.99998e-01,9.32009e-01,9.99999e-01
4.267944804e-01,9.33304e-01,9.99999e-01,9.99997e-01,9.33306e-01,9.99999e-01
4.289284528e-01,9.34578e-01,9.99999e-01,9.99997e-01,9.34579e-01,9.99999e-01
4.310730950e-01,9.35829e-01,9.99999e-01,9.99998e-01,9.35829e-01,9.99999e-01
4.332284605e-01,9.37056e-01,9.99999e-01,9.99999e-01,9.37056e-01,9.99999e-01
4.353946028e-01,9.38260e-01,9.99999e-01,9.99999e-01,9.38260e-01,9.99999e-01
4.375715758e-01,9.39441e-01,9.99999e-01,9.99998e-01,9.39442e-01,9.99999e-01
4.397594337e-01,9.40591e-01,9.99999e-01,9.99988e-01,9.40602e-01,9.99999e-01
4.419582309e-01,9.41687e-01,9.99999e-01,9.99943e-01,9.41740e-01,9.99999e-01
4.441680220e-01,9.42817e-01,9.99999e-01,9.99956e-01,9.42857e-01,9.99999e-01
4.463888621e-01,9.43911e-01,9.99999e-01,9.99954e-01,9.43954e-01,9.99999e-01
4.486208064e-01,9.45003e-01,9.99999e-01,9.99971e-01,9.45030e-01,9.99999e-01
4.508639105e-01,9.46073e-01,9.99999e-01,9.99986e-01,9.46086e-01,9.99999e-01
4.531182300e-01,9.47117e-01,9.99999e-01,9.99994e-01,9.47122e-01,9.99999e-01
4.553838212e-01,9.48136e-01,9.99999e-01,9.99995e-01,9.48139e-01,9.99999e-01
4.576607403e-01,9.49135e-01,9.99999e-01,9.99997e-01,9.49137e-01,9.99999e-01
4.599490440e-01,9.50115e-01,9.99999e-01,9.99998e-01,9.50116e-01,9.99999e-01
4.622487892e-01,9.51076e-01,9.99999e-01,9.99999e-01,9.51077e-01,9.99999e-01
4.645600332e-01,9.52019e-01,9.99999e-01,9.99998e-01,9.52019e-01,9.99999e-01
4.668828333e-01,9.52932e-01,9.99999e-01,9.99986e-01,9.52945e-01,9.99999e-01
4.692172475e-01,9.53825e-01,9.99999e-01,9.99971e-01,9.53852e-01,9.99999e-01
4.715633337e-01,9.54725e-01,9.99999e-01,9.99980e-01,9.54743e-01,9.99999e-01
4.739211504e-01,9.55600e-01,9.99999e-01,9.99981e-01,9.55617e-01,9.99999e-01
4.762907561e-01,9.56465e-01,9.99999e-01,9.99990e-01,9.56474e-01,9.99999e-01
4.786722099e-01,9.57311e-01,9.99999e-01,9.99995e-01,9.57315e-01,9.99999e-01
4.810655710e-01,9.58139e-01,9.99999e-01,9.99998e-01,9.58140e-01,9.99999e-01
4.834708988e-01,9.58939e-01,9.99999e-01,9.99988e-01,9.58950e-01,9.99999e-01
4.858882533e-01,9.59725e-01,9.99999e-01,9.99979e-01,9.59744e-01,9.99999e-01
4.883176946e-01,9.60507e-01,9.99999e-01,9.99982e-01,9.60523e-01,9.99999e-01
4.907592831e-01,9.61273e-01,9.99999e-01,9.99984e-01,9.61288e-01,9.99999e-01
4.932130795e-01,9.62027e-01,9.99999e-01,9.99988e-01,9.62038e-01,9.99999e-01
4.956791449e-01,9.62768e-01,9.99999e-01,9.99993e-01,9.62773e-01,9.99999e-01
4.981575406e-01,9.63467e-01,9.99999e-01,9.99970e-01,9.63495e-01,9.99999e-01
5.006483283e-01,9.64131e-01,9.99999e-01,9.99924e-01,9.64203e-01,9.99999e-01
5.031515699e-01,9.64531e-01,9.99999e-01,9.99623e-01,9.64898e-01,9.99995e-01
5.056673278e-01,9.65383e-01,9.99999e-01,9.99801e-01,9.65579e-01,9.99994e-01
5.081956644e-01,9.66003e-01,9.99999e-01,9.99750e-01,9.66247e-01,9.99996e-01
5.107366428e-01,9.66739e-01,9.99999e-01,9.99831e-01,9.66903e-01,9.99999e-01
5.132903260e-01,9.67453e-01,9.99999e-01,9.99903e-01,9.67546e-01,9.99999e-01
5.158567776e-01,9.68137e-01,9.99999e-01,9.99959e-01,9.68176e-01,9.99999e-01
5.184360615e-01,9.68779e-01,9.99999e-01,9.99983e-01,9.68795e-01,9.99999e-01
5.210282418e-01,9.69396e-01,9.99999e-01,9.99993e-01,9.69402e-01,9.99999e-01
5.236333830e-01,9.69973e-01,9.99999e-01,9.99975e-01,9.69997e-01,9.99999e-01
5.262515499e-01,9.70566e-01,9.99999e-01,9.99984e-01,9.70581e-01,9.99999e-01
5.288828077e-01,9.71140e-01,9.99999e-01,9.99985e-01,9.71153e-01,9.99999e-01
5.315272217e-01,9.71703e-01,9.99999e-01,9.99987e-01,9.71715e-01,9.99999e-01
5.341848578e-01,9.72258e-01,9.99999e-01,9.99991e-01,9.72266e-01,9.99999e-01
5.368557821e-01,9.72778e-01,9.99999e-01,9.99970e-01,9.72806e-01,9.99999e-01
5.395400610e-01,9.73234e-01,9.99999e-01,9.99895e-01,9.73336e-01,9.99998e-01
5.422377613e-01,9.73724e-01,9.99999e-01,9.99867e-01,9.73856e-01,9.99997e-01
5.449489501e-01,9.74242e-01,9.99999e-01,9.99875e-01,9.74366e-01,9.99997e-01
5.476736949e-01,9.74758e-01,9.99999e-01,9.99890e-01,9.74865e-01,9.99998e-01
5.504120634e-01,9.75278e-01,9.99999e-01,9.99920e-01,9.75356e-01,9.99999e-01
5.531641237e-01,9.75798e-01,9.99999e-01,9.99959e-01,9.75837e-01,9.99999e-01
5.559299443e-01,9.76289e-01,9.99999e-01,9.99980e-01,9.76308e-01,9.99999e-01
5.587095940e-01,9.76759e-01,9.99999e-01,9.99987e-01,9.76771e-01,9.99999e-01
5.615031420e-01,9.77211e-01,9.99999e-01,9.99986e-01,9.77224e-01,9.99999e-01
5.643106577e-01,9.77654e-01,9.99999e-01,9.99984e-01,9.77669e-01,9.99999e-01
5.671322110e-01,9.77919e-01,9.99999e-01,9.99810e-01,9.78105e-01,9.99997e-01
5.699678720e-01,9.78336e-01,9.99999e-01,9.99803e-01,9.78533e-01,9.99994e-01
5.728177114e-01,9.78747e-01,9.99999e-01,9.99793e-01,9.78952e-01,9.99995e-01
5.756818000e-01,9.79177e-01,9.99999e-01,9.99810e-01,9.79364e-01,9.99997e-01
5.785602090e-01,9.79606e-01,9.99999e-01,9.99835e-01,9.79767e-01,9.99998e-01
5.814530100e-01,9.80001e-01,9.99999e-01,9.99834e-01,9.80163e-01,9.99999e-01
5.843602750e-01,9.80356e-01,9.99999e-01,9.99801e-01,9.80551e-01,9.99998e-01
5.872820764e-01,9.79244e-01,9.99999e-01,9.98290e-01,9.80931e-01,9.99987e-01
5.902184868e-01,9.79258e-01,9.99999e-01,9.97946e-01,9.81304e-01,9.99967e-01
5.931695792e-01,9.80212e-01,9.99999e-01,9.98544e-01,9.81670e-01,9.99968e-01
5.961354271e-01,9.80449e-01,9.99999e-01,9.98408e-01,9.82029e-01,9.99981e-01
5.991161043e-01,9.81237e-01,9.99999e-01,9.98840e-01,9.82381e-01,9.99993e-01
6.021116848e-01,9.82080e-01,9.99999e-01,9.99342e-01,9.82726e-01,9.99998e-01
6.051222432e-01,9.82738e-01,9.99999e-01,9.99667e-01,9.83064e-01,9.99999e-01
6.081478544e-01,9.83255e-01,9.99999e-01,9.99856e-01,9.83396e-01,9.99999e-01
6.111885937e-01,9.83662e-01,9.99999e-01,9.99939e-01,9.83721e-01,9.99999e-01
6.142445367e-01,9.84013e-01,9.99999e-01,9.99972e-01,9.84040e-01,9.99999e-01
6.173157594e-01,9.84338e-01,9.99999e-01,9.99984e-01,9.84353e-01,9.99999e-01
6.204023382e-01,9.84647e-01,9.99999e-01,9.99986e-01,9.84660e-01,9.99999e-01
6.235043498e-01,9.84904e-01,9.99999e-01,9.99942e-01,9.84960e-01,9.99999e-01
6.266218716e-01,9.84961e-01,9.99999e-01,9.99703e-01,9.85255e-01,9.99997e-01
6.297549810e-01,9.85433e-01,9.99999e-01,9.99890e-01,9.85544e-01,9.99995e-01
6.329037559e-01,9.85614e-01,9.99999e-01,9.99785e-01,9.85828e-01,9.99996e-01
6.360682746e-01,9.85923e-01,9.99999e-01,9.99816e-01,9.86106e-01,9.99997e-01
6.392486160e-01,9.86144e-01,9.99999e-01,9.99762e-01,9.86378e-01,9.99998e-01
6.424448591e-01,9.86329e-01,9.99999e-01,9.99680e-01,9.86645e-01,9.99997e-01
6.456570834e-01,9.85437e-01,9.99999e-01,9.98518e-01,9.86907e-01,9.99990e-01
6.488853688e-01,9.86082e-01,9.99999e-01,9.98925e-01,9.87164e-01,9.99976e-01
6.521297956e-01,9.86317e-01,9.99999e-01,9.98904e-01,9.87416e-01,9.99980e-01
6.553904446e-01,9.86569e-01,9.99999e-01,9.98905e-01,9.87663e-01,9.99985e-01
6.586673968e-01,9.86979e-01,9.99999e-01,9.99066e-01,9.87905e-01,9.99994e-01
6.619607338e-01,9.87628e-01,9.99999e-01,9.99479e-01,9.88143e-01,9.99998e-01
6.652705375e-01,9.88067e-01,9.99999e-01,9.99687e-01,9.88376e-01,9.99998e-01
6.685968902e-01,9.88473e-01,9.99999e-01,9.99867e-01,9.88604e-01,9.99999e-01
6.719398746e-01,9.88762e-01,9.99999e-01,9.99932e-01,9.88828e-01,9.99999e-01
6.752995740e-01,9.89012e-01,9.99999e-01,9.99964e-01,9.89047e-01,9.99999e-01
6.786760719e-01,9.89210e-01,9.99999e-01,9.99946e-01,9.89262e-01,9.99999e-01
6.820694522e-01,9.89384e-01,9.99999e-01,9.99909e-01,9.89473e-01,9.99999e-01
6.854797995e-01,9.89564e-01,9.99999e-01,9.99882e-01,9.89680e-01,9.99998e-01
6.889071985e-01,9.89598e-01,9.99999e-01,9.99713e-01,9.89883e-01,9.99996e-01
6.923517345e-01,9.85478e-01,9.99999e-01,9.95371e-01,9.90082e-01,9.99977e-01
6.958134932e-01,9.87886e-01,9.99999e-01,9.97633e-01,9.90277e-01,9.99950e-01
6.992925606e-01,9.88160e-01,9.99999e-01,9.97712e-01,9.90468e-01,9.99955e-01
7.027890234e-01,9.87845e-01,9.99999e-01,9.97196e-01,9.90655e-01,9.99965e-01
7.063029686e-01,9.88486e-01,9.99999e-01,9.97641e-01,9.90839e-01,9.99982e-01
7.098344834e-01,9.88767e-01,9.99999e-01,9.97737e-01,9.91019e-01,9.99989e-01
7.133836558e-01,9.88154e-01,9.99999e-01,9.96950e-01,9.91196e-01,9.99979e-01
7.169505741e-01,9.67165e-01,9.99999e-01,9.75735e-01,9.91369e-01,9.99845e-01
7.205353270e-01,9.79632e-01,9.99999e-01,9.88260e-01,9.91539e-01,9.99726e-01
7.241380036e-01,9.76513e-01,9.99999e-01,9.84912e-01,9.91705e-01,9.99764e-01
7.277586936e-01,9.78177e-01,9.99999e-01,9.86385e-01,9.91868e-01,9.99807e-01
7.313974871e-01,9.77681e-01,9.99999e-01,9.85626e-01,9.92028e-01,9.99909e-01
7.350544745e-01,9.84336e-01,9.99999e-01,9.92119e-01,9.92185e-01,9.99968e-01
7.387297469e-01,9.86573e-01,9.99999e-01,9.94203e-01,9.92339e-01,9.99985e-01
7.424233956e-01,9.89676e-01,9.99999e-01,9.97167e-01,9.92489e-01,9.99997e-01
7.461355126e-01,9.90931e-01,9.99999e-01,9.98280e-01,9.92637e-01,9.99999e-01
7.498661902e-01,9.91989e-01,9.99999e-01,9.99201e-01,9.92782e-01,9.99999e-01
7.536155211e-01,9.92534e-01,9.99999e-01,9.99606e-01,9.92924e-01,9.99999e-01
7.573835987e-01,9.92863e-01,9.99999e-01,9.99797e-01,9.93063e-01,9.99999e-01
7.611705167e-01,9.93075e-01,9.99999e-01,9.99873e-01,9.93200e-01,9.99999e-01
7.649763693e-01,9.93256e-01,9.99999e-01,9.99920e-01,9.93334e-01,9.99999e-01
7.688012511e-01,9.93410e-01,9.99999e-01,9.99944e-01,9.93465e-01,9.99999e-01
7.726452574e-01,9.93549e-01,9.99999e-01,9.99954e-01,9.93594e-01,9.99999e-01
7.765084837e-01,9.93656e-01,9.99999e-01,9.99934e-01,9.93720e-01,9.99999e-01
7.803910261e-01,9.93565e-01,9.99999e-01,9.99719e-01,9.93843e-01,9.99999e-01
7.842929812e-01,9.92991e-01,9.99999e-01,9.99022e-01,9.93965e-01,9.99997e-01
7.882144461e-01,9.92083e-01,9.99999e-01,9.98000e-01,9.94084e-01,9.99985e-01
7.921555184e-01,9.93091e-01,9.99999e-01,9.98908e-01,9.94200e-01,9.99975e-01
7.961162960e-01,9.92355e-01,9.99999e-01,9.98051e-01,9.94314e-01,9.99976e-01
8.000968774e-01,9.92177e-01,9.99999e-01,9.97761e-01,9.94426e-01,9.99975e-01
8.040973618e-01,9.92288e-01,9.99999e-01,9.97757e-01,9.94536e-01,9.99981e-01
8.081178486e-01,9.89572e-01,9.99999e-01,9.94919e-01,9.94644e-01,9.99980e-01
8.121584379e-01,9.73758e-01,9.99999e-01,9.78966e-01,9.94749e-01,9.99928e-01
8.162192301e-01,9.69988e-01,9.99999e-01,9.75265e-01,9.94853e-01,9.99734e-01
8.203003262e-01,9.82055e-01,9.99999e-01,9.87341e-01,9.94954e-01,9.99688e-01
8.244018279e-01,9.77592e-01,9.99999e-01,9.82694e-01,9.95053e-01,9.99752e-01
8.285238370e-01,9.80147e-01,9.99999e-01,9.85113e-01,9.95151e-01,9.99805e-01
8.326664562e-01,9.80238e-01,9.99999e-01,9.84998e-01,9.95246e-01,9.99919e-01
8.368297885e-01,9.84672e-01,9.99999e-01,9.89299e-01,9.95340e-01,9.99981e-01
8.410139374e-01,9.89087e-01,9.99999e-01,9.93636e-01,9.95432e-01,9.99988e-01
8.452190071e-01,9.92410e-01,9.99999e-01,9.96880e-01,9.95522e-01,9.99993e-01
8.494451021e-01,9.93797e-01,9.99999e-01,9.98183e-01,9.95610e-01,9.99994e-01
8.536923276e-01,9.94627e-01,9.99999e-01,9.98928e-01,9.95697e-01,9.99996e-01
8.579607893e-01,9.95122e-01,9.99999e-01,9.99338e-01,9.95781e-01,9.99998e-01
8.622505932e-01,9.95447e-01,9.99999e-01,9.99580e-01,9.95864e-01,9.99999e-01
8.665618462e-01,9.95687e-01,9.99999e-01,9.99739e-01,9.95946e-01,9.99999e-01
8.708946554e-01,9.95729e-01,9.99999e-01,9.99701e-01,9.96026e-01,9.99999e-01
8.752491287e-01,9.95707e-01,9.99999e-01,9.99600e-01,9.96104e-01,9.99999e-01
8.796253743e-01,9.95628e-01,9.99999e-01,9.99445e-01,9.96181e-01,9.99998e-01
8.840235012e-01,9.95623e-01,9.99999e-01,9.99367e-01,9.96256e-01,9.99995e-01
8.884436187e-01,9.93983e-01,9.99999e-01,9.97654e-01,9.96330e-01,9.99988e-01
8.928858368e-01,9.72156e-01,9.99999e-01,9.75726e-01,9.96402e-01,9.99936e-01
8.973502660e-01,9.54035e-01,9.99999e-01,9.57720e-01,9.96473e-01,9.99676e-01
9.018370173e-01,9.74462e-01,9.99999e-01,9.78338e-01,9.96543e-01,9.99492e-01
9.063462024e-01,9.76907e-01,9.99999e-01,9.80665e-01,9.96611e-01,9.99553e-01
9.108779334e-01,9.66462e-01,9.99999e-01,9.70131e-01,9.96678e-01,9.99536e-01
9.154323231e-01,9.62715e-01,9.99999e-01,9.66229e-01,9.96743e-01,9.99616e-01
9.200094847e-01,9.70173e-01,9.99999e-01,9.73488e-01,9.96808e-01,9.99785e-01
9.246095321e-01,9.54387e-01,9.99999e-01,9.57618e-01,9.96870e-01,9.99752e-01
9.292325798e-01,7.45774e-01,9.99999e-01,7.48960e-01,9.96932e-01,9.98808e-01
9.338787427e-01,6.84714e-01,9.99999e-01,6.89743e-01,9.96993e-01,9.95700e-01
9.385481364e-01,8.54968e-01,9.99999e-01,8.61564e-01,9.97052e-01,9.95277e-01
9.432408771e-01,8.03581e-01,9.99999e-01,8.09207e-01,9.97110e-01,9.95924e-01
9.479570815e-01,7.39338e-01,9.99999e-01,7.43906e-01,9.97167e-01,9.96681e-01
9.526968669e-01,8.01142e-01,9.99999e-01,8.05002e-01,9.97223e-01,9.97974e-01
9.574603512e-01,8.18735e-01,9.99999e-01,8.21815e-01,9.97278e-01,9.98970e-01
9.622476530e-01,8.50474e-01,9.99999e-01,8.53356e-01,9.97331e-01,9.99287e-01
9.670588912e-01,9.09894e-01,9.99999e-01,9.12724e-01,9.97384e-01,9.99512e-01
9.718941857e-01,9.41976e-01,9.99999e-01,9.44735e-01,9.97436e-01,9.99641e-01
9.767536566e-01,9.51254e-01,9.99999e-01,9.53912e-01,9.97486e-01,9.99725e-01
9.816374249e-01,9.63283e-01,9.99999e-01,9.65753e-01,9.97536e-01,9.99904e-01
9.865456120e-01,9.76106e-01,9.99999e-01,9.78488e-01,9.97584e-01,9.99979e-01
9.914783401e-01,9.84311e-01,9.99999e-01,9.86651e-01,9.97632e-01,9.99994e-01
9.964357318e-01,9.90405e-01,9.99999e-01,9.92712e-01,9.97679e-01,9.99996e-01
1.001417910e+00,9.93359e-01,9.99999e-01,9.95629e-01,9.97724e-01,9.99994e-01
1.006425000e+00,9.95271e-01,9.99999e-01,9.97502e-01,9.97769e-01,9.99992e-01
1.011457125e+00,9.96263e-01,9.99999e-01,9.98452e-01,9.97813e-01,9.99993e-01
1.016514411e+00,9.96803e-01,9.99999e-01,9.98947e-01,9.97856e-01,9.99994e-01
1.021596983e+00,9.97057e-01,9.99999e-01,9.99160e-01,9.97899e-01,9.99995e-01
1.026704968e+00,9.97285e-01,9.99999e-01,9.99345e-01,9.97940e-01,9.99996e-01
1.031838492e+00,9.97506e-01,9.99999e-01,9.99524e-01,9.97981e-01,9.99998e-01
1.036997685e+00,9.97739e-01,9.99999e-01,9.99717e-01,9.98021e-01,9.99999e-01
1.042182673e+00,9.97722e-01,9.99999e-01,9.99661e-01,9.98060e-01,9.99999e-01
1.047393587e+00,9.97651e-01,9.99999e-01,9.99552e-01,9.98098e-01,9.99999e-01
1.052630555e+00,9.97522e-01,9.99999e-01,9.99385e-01,9.98135e-01,9.99999e-01
1.057893707e+00,9.97146e-01,9.99999e-01,9.98972e-01,9.98172e-01,9.99999e-01
1.063183176e+00,9.96521e-01,9.99999e-01,9.98310e-01,9.98208e-01,9.99998e-01
1.068499092e+00,9.95422e-01,9.99999e-01,9.97175e-01,9.98244e-01,9.99997e-01
1.073841587e+00,9.94968e-01,9.99999e-01,9.96687e-01,9.98278e-01,9.99995e-01
1.079210795e+00,9.94079e-01,9.99999e-01,9.95769e-01,9.98312e-01,9.99988e-01
1.084606849e+00,9.91920e-01,9.99999e-01,9.93590e-01,9.98345e-01,9.99972e-01
1.090029883e+00,9.89089e-01,9.99999e-01,9.90750e-01,9.98378e-01,9.99943e-01
1.095480033e+00,9.73382e-01,9.99999e-01,9.75030e-01,9.98410e-01,9.99897e-01
1.100957433e+00,9.36001e-01,9.99999e-01,9.37637e-01,9.98441e-01,9.99812e-01
1.106462220e+00,8.46170e-01,9.99999e-01,8.47733e-01,9.98472e-01,9.99682e-01
1.111994531e+00,7.04711e-01,9.99999e-01,7.06362e-01,9.98502e-01,9.99157e-01
1.117554504e+00,5.65869e-01,9.99999e-01,5.68427e-01,9.98532e-01,9.96961e-01
1.123142276e+00,6.50794e-01,9.99999e-01,6.56451e-01,9.98561e-01,9.92809e-01
1.128757988e+00,7.58085e-01,9.99999e-01,7.65519e-01,9.98589e-01,9.91686e-01
1.134401778e+00,5.27449e-01,9.99999e-01,5.31941e-01,9.98617e-01,9.92926e-01
1.140073787e+00,8.48202e-01,9.99999e-01,8.54183e-01,9.98644e-01,9.94344e-01
1.145774156e+00,7.13469e-01,9.99999e-01,7.18136e-01,9.98671e-01,9.94821e-01
1.151503026e+00,6.86865e-01,9.99999e-01,6.89752e-01,9.98697e-01,9.97111e-01
1.157260541e+00,7.35929e-01,9.99999e-01,7.37507e-01,9.98723e-01,9.99135e-01
1.163046844e+00,7.98129e-01,9.99999e-01,7.99324e-01,9.98748e-01,9.99754e-01
1.168862078e+00,8.55525e-01,9.99999e-01,8.56684e-01,9.98773e-01,9.99873e-01
1.174706389e+00,9.07723e-01,9.99999e-01,9.08967e-01,9.98797e-01,9.99832e-01
1.180579921e+00,9.42264e-01,9.99999e-01,9.43614e-01,9.98821e-01,9.99746e-01
1.186482820e+00,9.66394e-01,9.99999e-01,9.67762e-01,9.98844e-01,9.99739e-01
1.192415234e+00,9.79757e-01,9.99999e-01,9.81059e-01,9.98867e-01,9.99805e-01
1.198377311e+00,9.82713e-01,9.99999e-01,9.83986e-01,9.98889e-01,9.99815e-01
1.204369197e+00,9.83607e-01,9.99999e-01,9.84842e-01,9.98911e-01,9.99833e-01
1.210391043e+00,9.84358e-01,9.99999e-01,9.85508e-01,9.98933e-01,9.99898e-01
1.216442998e+00,9.86588e-01,9.99999e-01,9.87682e-01,9.98954e-01,9.99937e-01
1.222525213e+00,9.89342e-01,9.99999e-01,9.90395e-01,9.98974e-01,9.99961e-01
1.228637839e+00,9.92303e-01,9.99999e-01,9.93318e-01,9.98995e-01,9.99981e-01
1.234781029e+00,9.94055e-01,9.99999e-01,9.95040e-01,9.99014e-01,9.99994e-01
1.240954934e+00,9.95895e-01,9.99999e-01,9.96859e-01,9.99034e-01,9.99998e-01
1.247159708e+00,9.96610e-01,9.99999e-01,9.97555e-01,9.99053e-01,9.99998e-01
1.253395507e+00,9.96900e-01,9.99999e-01,9.97827e-01,9.99072e-01,9.99998e-01
1.259662485e+00,9.97022e-01,9.99999e-01,9.97931e-01,9.99090e-01,9.99997e-01
1.265960797e+00,9.95811e-01,9.99999e-01,9.96702e-01,9.99108e-01,9.99996e-01
1.272290601e+00,9.93933e-01,9.99999e-01,9.94808e-01,9.99125e-01,9.99993e-01
1.278652054e+00,9.88841e-01,9.99999e-01,9.89698e-01,9.99143e-01,9.99989e-01
1.285045314e+00,9.80514e-01,9.99999e-01,9.81356e-01,9.99160e-01,9.99980e-01
1.291470541e+00,9.66896e-01,9.99999e-01,9.67724e-01,9.99176e-01,9.99966e-01
1.297927893e+00,9.53529e-01,9.99999e-01,9.54357e-01,9.99192e-01,9.99938e-01
1.304417533e+00,9.45571e-01,9.99999e-01,9.46442e-01,9.99208e-01,9.99870e-01
1.310939621e+00,9.31778e-01,9.99999e-01,9.32749e-01,9.99224e-01,9.99733e-01
1.317494319e+00,9.32813e-01,9.99999e-01,9.33981e-01,9.99239e-01,9.99508e-01
1.324081790e+00,9.02673e-01,9.99999e-01,9.04071e-01,9.99254e-01,9.99197e-01
1.330702199e+00,6.36877e-01,9.99999e-01,6.38224e-01,9.99269e-01,9.98617e-01
1.337355710e+00,3.34676e-01,9.99999e-01,3.35809e-01,9.99283e-01,9.97339e-01
1.344042489e+00,5.12993e-02,9.99999e-01,5.17489e-02,9.99297e-01,9.92008e-01
1.350762701e+00,2.95931e-03,9.99999e-01,3.04382e-03,9.99311e-01,9.72904e-01
1.357516515e+00,4.21854e-04,9.99999e-01,4.57579e-04,9.99325e-01,9.22547e-01
1.364304097e+00,4.85610e-03,9.99999e-01,5.59673e-03,9.99338e-01,8.68240e-01
1.371125618e+00,2.73521e-02,9.99999e-01,3.12696e-02,9.99351e-01,8.75285e-01
1.377981246e+00,4.55028e-02,9.99999e-01,5.10390e-02,9.99364e-01,8.92095e-01
1.384871152e+00,4.19816e-03,9.99999e-01,4.67237e-03,9.99377e-01,8.99067e-01
1.391795508e+00,6.83423e-03,9.99999e-01,7.56833e-03,9.99389e-01,9.03553e-01
1.398754485e+00,1.35573e-02,9.99999e-01,1.47509e-02,9.99401e-01,9.19636e-01
1.405748258e+00,1.28721e-02,9.99999e-01,1.35261e-02,9.99413e-01,9.52204e-01
1.412776999e+00,1.52581e-02,9.99999e-01,1.56121e-02,9.99424e-01,9.77886e-01
1.419840884e+00,1.96794e-02,9.99999e-01,1.98845e-02,9.99436e-01,9.90242e-01
1.426940089e+00,4.74626e-02,9.99999e-01,4.78439e-02,9.99447e-01,9.92578e-01
1.434074789e+00,9.60940e-02,9.99999e-01,9.69949e-02,9.99458e-01,9.91248e-01
1.441245163e+00,1.75218e-01,9.99999e-01,1.76989e-01,9.99468e-01,9.90524e-01
1.448451389e+00,2.85898e-01,9.99999e-01,2.88441e-01,9.99479e-01,9.91698e-01
1.455693646e+00,4.47390e-01,9.99999e-01,4.50531e-01,9.99489e-01,9.93534e-01
1.462972114e+00,5.01631e-01,9.99999e-01,5.04996e-01,9.99499e-01,9.93832e-01
1.470286975e+00,4.46537e-01,9.99999e-01,4.49481e-01,9.99509e-01,9.93937e-01
1.477638409e+00,4.88202e-01,9.99999e-01,4.90445e-01,9.99519e-01,9.95902e-01
1.485026601e+00,5.62435e-01,9.99999e-01,5.63764e-01,9.99528e-01,9.98111e-01
1.492451734e+00,6.48338e-01,9.99999e-01,6.49173e-01,9.99538e-01,9.99174e-01
1.499913993e+00,7.50526e-01,9.99999e-01,7.51133e-01,9.99547e-01,9.99643e-01
1.507413563e+00,8.13256e-01,9.99999e-01,8.13753e-01,9.99556e-01,9.99832e-01
1.514950631e+00,8.78337e-01,9.99999e-01,8.78788e-01,9.99564e-01,9.99921e-01
1.522525384e+00,9.19562e-01,9.99999e-01,9.19980e-01,9.99573e-01,9.99970e-01
1.530138011e+00,9.40443e-01,9.99999e-01,9.40845e-01,9.99581e-01,9.99989e-01
1.537788701e+00,9.65798e-01,9.99999e-01,9.66198e-01,9.99590e-01,9.99995e-01
1.545477645e+00,9.77838e-01,9.99999e-01,9.78233e-01,9.99598e-01,9.99997e-01
1.553205033e+00,9.81799e-01,9.99999e-01,9.82187e-01,9.99606e-01,9.99998e-01
1.560971058e+00,9.88621e-01,9.99999e-01,9.89003e-01,9.99613e-01,9.99998e-01
1.568775913e+00,9.92329e-01,9.99999e-01,9.92705e-01,9.99621e-01,9.99998e-01
1.576619793e+00,9.93969e-01,9.99999e-01,9.94339e-01,9.99628e-01,9.99998e-01
1.584502892e+00,9.96189e-01,9.99999e-01,9.96552e-01,9.99636e-01,9.99998e-01
1.592425406e+00,9.96448e-01,9.99999e-01,9.96805e-01,9.99643e-01,9.99997e-01
1.600387533e+00,9.97443e-01,9.99999e-01,9.97793e-01,9.99650e-01,9.99997e-01
1.608389471e+00,9.97375e-01,9.99999e-01,9.97718e-01,9.99657e-01,9.99998e-01
1.616431418e+00,9.97325e-01,9.99999e-01,9.97661e-01,9.99664e-01,9.99998e-01
1.624513575e+00,9.97168e-01,9.99999e-01,9.97498e-01,9.99670e-01,9.99998e-01
1.632636143e+00,9.95757e-01,9.99999e-01,9.96080e-01,9.99677e-01,9.99997e-01
1.640799324e+00,9.94456e-01,9.99999e-01,9.94773e-01,9.99683e-01,9.99996e-01
1.649003321e+00,9.93036e-01,9.99999e-01,9.93348e-01,9.99689e-01,9.99994e-01
1.657248337e+00,9.90877e-01,9.99999e-01,9.91183e-01,9.99695e-01,9.99994e-01
1.665534579e+00,9.87705e-01,9.99999e-01,9.88004e-01,9.99701e-01,9.99994e-01
1.673862252e+00,9.83449e-01,9.99999e-01,9.83742e-01,9.99707e-01,9.99993e-01
1.682231563e+00,9.85446e-01,9.99999e-01,9.85737e-01,9.99713e-01,9.99989e-01
1.690642721e+00,9.74792e-01,9.99999e-01,9.75080e-01,9.99719e-01,9.99984e-01
1.699095934e+00,9.71116e-01,9.99999e-01,9.71405e-01,9.99724e-01,9.99976e-01
1.707591414e+00,9.68902e-01,9.99999e-01,9.69197e-01,9.99730e-01,9.99964e-01
1.716129371e+00,9.61691e-01,9.99999e-01,9.61998e-01,9.99735e-01,9.99943e-01
1.724710018e+00,9.42769e-01,9.99999e-01,9.43089e-01,9.99740e-01,9.99918e-01
1.733333568e+00,9.25863e-01,9.99999e-01,9.26207e-01,9.99745e-01,9.99881e-01
1.742000236e+00,8.90250e-01,9.99999e-01,8.90638e-01,9.99750e-01,9.99812e-01
1.750710237e+00,8.02841e-01,9.99999e-01,8.03277e-01,9.99755e-01,9.99699e-01
1.759463788e+00,6.61445e-01,9.99999e-01,6.61939e-01,9.99760e-01,9.99491e-01
1.768261107e+00,4.56973e-01,9.99999e-01,4.57480e-01,9.99765e-01,9.99123e-01
1.777102413e+00,2.69852e-01,9.99999e-01,2.70285e-01,9.99769e-01,9.98628e-01
1.785987925e+00,9.79440e-02,9.99999e-01,9.81829e-02,9.99774e-01,9.97791e-01
1.794917864e+00,3.96422e-02,9.99999e-01,3.98237e-02,9.99778e-01,9.95661e-01
1.803892454e+00,4.92376e-03,9.99999e-01,4.96997e-03,9.99783e-01,9.90915e-01
1.812911916e+00,1.75586e-03,9.99999e-01,1.79583e-03,9.99787e-01,9.77950e-01
1.821976476e+00,1.98341e-03,9.99999e-01,2.07978e-03,9.99791e-01,9.53861e-01
1.831086358e+00,6.87197e-04,9.99999e-01,7.56371e-04,9.99795e-01,9.08729e-01
1.840241790e+00,1.74009e-03,9.99999e-01,2.04548e-03,9.99799e-01,8.50869e-01
1.849442999e+00,4.54138e-03,9.99999e-01,5.51597e-03,9.99803e-01,8.23475e-01
1.858690214e+00,3.76996e-04,9.99999e-01,4.57816e-04,9.99807e-01,8.23624e-01
1.867983665e+00,7.14583e-05,9.99999e-01,8.54429e-05,9.99811e-01,8.36484e-01
1.877323583e+00,2.42483e-02,9.99999e-01,2.83944e-02,9.99815e-01,8.54139e-01
1.886710201e+00,3.58955e-02,9.99999e-01,4.12036e-02,9.99818e-01,8.71330e-01
1.896143752e+00,4.85443e-02,9.99999e-01,5.55651e-02,9.99822e-01,8.73800e-01
1.905624471e+00,6.97317e-03,9.99999e-01,7.88598e-03,9.99825e-01,8.84402e-01
1.915152593e+00,2.03044e-03,9.99999e-01,2.21711e-03,9.99829e-01,9.15959e-01
1.924728356e+00,1.00918e-03,9.99999e-01,1.06071e-03,9.99832e-01,9.51572e-01
1.934351998e+00,8.99740e-04,9.99999e-01,9.21520e-04,9.99835e-01,9.76524e-01
1.944023758e+00,7.40999e-03,9.99999e-01,7.47309e-03,9.99839e-01,9.91715e-01
1.953743877e+00,1.68481e-02,9.99999e-01,1.69094e-02,9.99842e-01,9.96525e-01
1.963512596e+00,7.54527e-02,9.99999e-01,7.55972e-02,9.99845e-01,9.98242e-01
1.973330159e+00,1.36456e-01,9.99999e-01,1.36602e-01,9.99848e-01,9.99080e-01
1.983196810e+00,3.68582e-01,9.99999e-01,3.68823e-01,9.99851e-01,9.99495e-01
1.993112794e+00,4.64091e-01,9.99999e-01,4.64286e-01,9.99854e-01,9.99724e-01
2.003078358e+00,6.36707e-01,9.99999e-01,6.36896e-01,9.99857e-01,9.99844e-01
2.013093750e+00,7.46033e-01,9.99999e-01,7.46206e-01,9.99860e-01,9.99907e-01
2.023159218e+00,8.45481e-01,9.99999e-01,8.45651e-01,9.99862e-01,9.99934e-01
2.033275015e+00,8.78259e-01,9.99999e-01,8.78423e-01,9.99865e-01,9.99947e-01
2.043441390e+00,9.22761e-01,9.99999e-01,9.22933e-01,9.99868e-01,9.99944e-01
2.053658597e+00,9.37391e-01,9.99999e-01,9.37584e-01,9.99870e-01,9.99923e-01
2.063926890e+00,9.57413e-01,9.99999e-01,9.57646e-01,9.99873e-01,9.99882e-01
2.074246524e+00,9.62984e-01,9.99998e-01,9.63284e-01,9.99875e-01,9.99812e-01
2.084617757e+00,9.75488e-01,9.99997e-01,9.75897e-01,9.99878e-01,9.99703e-01
2.095040845e+00,9.80368e-01,9.99997e-01,9.80920e-01,9.99880e-01,9.99557e-01
2.105516050e+00,9.82904e-01,9.99996e-01,9.83628e-01,9.99882e-01,9.99382e-01
2.116043630e+00,9.83490e-01,9.99996e-01,9.84354e-01,9.99885e-01,9.99238e-01
2.126623848e+00,9.89492e-01,9.99997e-01,9.90450e-01,9.99887e-01,9.99146e-01
2.137256967e+00,9.89856e-01,9.99997e-01,9.90907e-01,9.99889e-01,9.99050e-01
2.147943252e+00,9.90008e-01,9.99998e-01,9.91251e-01,9.99891e-01,9.98853e-01
2.158682968e+00,9.90568e-01,9.99992e-01,9.91996e-01,9.99894e-01,9.98671e-01
2.169476383e+00,9.90373e-01,9.99997e-01,9.91479e-01,9.99896e-01,9.98989e-01
2.180323765e+00,9.89390e-01,9.99998e-01,9.90234e-01,9.99898e-01,9.99249e-01
2.191225384e+00,9.87365e-01,9.99998e-01,9.88085e-01,9.99900e-01,9.99371e-01
2.202181511e+00,9.84675e-01,9.99998e-01,9.85250e-01,9.99902e-01,9.99514e-01
2.213192418e+00,9.84652e-01,9.99998e-01,9.85079e-01,9.99904e-01,9.99662e-01
2.224258381e+00,9.82118e-01,9.99998e-01,9.82422e-01,9.99905e-01,9.99784e-01
2.235379672e+00,9.84781e-01,9.99998e-01,9.84999e-01,9.99907e-01,9.99870e-01
2.246556571e+00,9.73454e-01,9.99999e-01,9.73621e-01,9.99909e-01,9.99917e-01
2.257789354e+00,9.79440e-01,9.99999e-01,9.79584e-01,9.99911e-01,9.99940e-01
2.269078300e+00,9.50291e-01,9.99999e-01,9.50419e-01,9.99913e-01,9.99950e-01
2.280423692e+00,9.58690e-01,9.99999e-01,9.58819e-01,9.99914e-01,9.99948e-01
2.291825810e+00,9.20244e-01,9.99999e-01,9.20375e-01,9.99916e-01,9.99940e-01
2.303284939e+00,9.28292e-01,9.99999e-01,9.28443e-01,9.99918e-01,9.99918e-01
2.314801364e+00,8.79812e-01,9.99999e-01,8.79982e-01,9.99919e-01,9.99885e-01
2.326375371e+00,8.75403e-01,9.99999e-01,8.75604e-01,9.99921e-01,9.99847e-01
2.338007248e+00,8.54661e-01,9.99999e-01,8.54903e-01,9.99922e-01,9.99792e-01
2.349697284e+00,7.68625e-01,9.99999e-01,7.68898e-01,9.99924e-01,9.99718e-01
2.361445770e+00,8.08131e-01,9.99999e-01,8.08504e-01,9.99925e-01,9.99611e-01
2.373252999e+00,7.48228e-01,9.99999e-01,7.48682e-01,9.99927e-01,9.99465e-01
2.385119264e+00,6.12018e-01,9.99999e-01,6.12501e-01,9.99928e-01,9.99281e-01
2.397044861e+00,7.30048e-01,9.99999e-01,7.30886e-01,9.99930e-01,9.98923e-01
2.409030085e+00,5.63608e-01,9.99999e-01,5.64530e-01,9.99931e-01,9.98434e-01
2.421075235e+00,5.64519e-01,9.99999e-01,5.65799e-01,9.99932e-01,9.97802e-01
2.433180612e+00,4.20171e-01,9.99999e-01,4.21480e-01,9.99934e-01,9.96959e-01
2.445346515e+00,2.46400e-01,9.99999e-01,2.47464e-01,9.99935e-01,9.95764e-01
2.457573247e+00,1.89332e-01,9.99999e-01,1.90526e-01,9.99936e-01,9.93795e-01
2.469861113e+00,3.51839e-02,9.99999e-01,3.55075e-02,9.99937e-01,9.90946e-01
2.482210419e+00,4.07779e-03,9.99999e-01,4.13219e-03,9.99939e-01,9.86895e-01
2.494621471e+00,1.35766e-04,9.99999e-01,1.38421e-04,9.99940e-01,9.80878e-01
2.507094578e+00,1.89325e-07,9.99999e-01,1.95174e-07,9.99941e-01,9.70087e-01
2.519630051e+00,6.31057e-11,9.99999e-01,6.64893e-11,9.99942e-01,9.49163e-01
2.532228202e+00,6.12123e-14,9.99999e-01,6.73362e-14,9.99943e-01,9.09104e-01
2.544889343e+00,3.83157e-18,9.99999e-01,4.63571e-18,9.99944e-01,8.26579e-01
2.557613789e+00,4.37801e-18,9.99999e-01,6.34955e-18,9.99945e-01,6.89535e-01
2.570401858e+00,4.09247e-25,9.99999e-01,8.20988e-25,9.99947e-01,4.98507e-01
2.583253867e+00,3.80222e-25,9.99999e-01,1.14580e-24,9.99948e-01,3.31858e-01
2.596170137e+00,1.05640e-21,9.99999e-01,4.24385e-21,9.99949e-01,2.48936e-01
2.609150988e+00,7.94547e-16,9.99999e-01,3.90730e-15,9.99950e-01,2.03359e-01
2.622196742e+00,1.48188e-13,9.99999e-01,7.53776e-13,9.99951e-01,1.96604e-01
2.635307726e+00,5.06227e-07,9.99999e-01,2.31555e-06,9.99952e-01,2.18631e-01
2.648484265e+00,3.57321e-08,9.99999e-01,1.58062e-07,9.99952e-01,2.26074e-01
2.661726686e+00,1.41902e-13,9.99999e-01,6.42315e-13,9.99953e-01,2.20932e-01
2.675035320e+00,3.41669e-43,9.99999e-01,1.52629e-42,9.99954e-01,2.23866e-01
2.688410496e+00,3.60631e-22,9.99999e-01,1.48802e-21,9.99955e-01,2.42366e-01
2.701852549e+00,2.52846e-19,9.99999e-01,9.97661e-19,9.99956e-01,2.53450e-01
2.715361811e+00,3.20536e-19,9.99999e-01,1.20755e-18,9.99957e-01,2.65454e-01
2.728938620e+00,5.97786e-14,9.99999e-01,1.97649e-13,9.99958e-01,3.02460e-01
2.742583314e+00,8.80850e-15,9.99999e-01,2.28903e-14,9.99959e-01,3.84829e-01
2.756296230e+00,1.40250e-15,9.99999e-01,2.74426e-15,9.99959e-01,5.11087e-01
2.770077711e+00,2.57997e-20,9.99999e-01,3.97849e-20,9.99960e-01,6.48503e-01
2.783928100e+00,2.21667e-20,9.99999e-01,2.99760e-20,9.99961e-01,7.39509e-01
2.797847740e+00,1.27570e-15,9.99999e-01,1.56215e-15,9.99962e-01,8.16659e-01
2.811836979e+00,1.85939e-16,9.99999e-01,2.10570e-16,9.99962e-01,8.83058e-01
2.825896164e+00,2.64383e-14,9.99999e-01,2.86481e-14,9.99963e-01,9.22895e-01
2.840025645e+00,2.34956e-11,9.99999e-01,2.48934e-11,9.99964e-01,9.43878e-01
2.854225773e+00,2.38924e-10,9.99999e-01,2.49609e-10,9.99964e-01,9.57226e-01
2.868496902e+00,1.14002e-09,9.99999e-01,1.17398e-09,9.99965e-01,9.71100e-01
2.882839386e+00,8.91676e-08,9.99999e-01,9.09514e-08,9.99966e-01,9.80419e-01
2.897253583e+00,1.14970e-06,9.99999e-01,1.16670e-06,9.99966e-01,9.85463e-01
2.911739851e+00,9.14940e-05,9.99999e-01,9.25401e-05,9.99967e-01,9.88726e-01
2.926298550e+00,4.93509e-04,9.99999e-01,4.97667e-04,9.99968e-01,9.91675e-01
2.940930043e+00,7.02465e-04,9.99999e-01,7.07205e-04,9.99968e-01,9.93326e-01
2.955634693e+00,1.87877e-03,9.99999e-01,1.89012e-03,9.99969e-01,9.94024e-01
2.970412867e+00,2.08417e-03,9.99999e-01,2.09519e-03,9.99970e-01,9.94769e-01
2.985264931e+00,1.43605e-02,9.99999e-01,1.44317e-02,9.99970e-01,9.95097e-01
3.000191256e+00,1.51822e-02,9.99999e-01,1.52594e-02,9.99971e-01,9.94972e-01
3.015192212e+00,4.24108e-02,9.99999e-01,4.26575e-02,9.99971e-01,9.94245e-01
3.030268173e+00,7.78115e-02,9.99999e-01,7.83635e-02,9.99972e-01,9.92982e-01
3.045419514e+00,3.05032e-02,9.99999e-01,3.07527e-02,9.99972e-01,9.91913e-01
3.060646612e+00,1.44070e-01,9.99999e-01,1.45487e-01,9.99973e-01,9.90286e-01
3.075949845e+00,1.52954e-01,9.99999e-01,1.54628e-01,9.99973e-01,9.89194e-01
3.091329594e+00,1.05315e-01,9.99999e-01,1.06536e-01,9.99974e-01,9.88561e-01
3.106786242e+00,2.14774e-01,9.99999e-01,2.17256e-01,9.99974e-01,9.88596e-01
3.122320173e+00,2.59551e-01,9.99999e-01,2.62369e-01,9.99975e-01,9.89281e-01
3.137931774e+00,2.80862e-01,9.99999e-01,2.83533e-01,9.99975e-01,9.90600e-01
3.153621433e+00,4.23223e-01,9.99999e-01,4.26850e-01,9.99976e-01,9.91526e-01
3.169389540e+00,4.57676e-01,9.99999e-01,4.61745e-01,9.99976e-01,9.91209e-01
3.185236488e+00,3.73238e-01,9.99999e-01,3.77077e-01,9.99977e-01,9.89838e-01
3.201162670e+00,1.39596e-01,9.99999e-01,1.41208e-01,9.99977e-01,9.88600e-01
3.217168483e+00,2.54616e-01,9.99999e-01,2.57817e-01,9.99978e-01,9.87604e-01
3.233254326e+00,3.83020e-01,9.99999e-01,3.87741e-01,9.99978e-01,9.87844e-01
3.249420598e+00,4.97589e-01,9.99999e-01,5.03082e-01,9.99978e-01,9.89102e-01
3.265667701e+00,3.87971e-01,9.99999e-01,3.91732e-01,9.99979e-01,9.90419e-01
3.281996039e+00,4.70929e-01,9.99999e-01,4.74763e-01,9.99979e-01,9.91945e-01
3.298406019e+00,2.60008e-01,9.99999e-01,2.61709e-01,9.99980e-01,9.93516e-01
3.314898049e+00,2.32612e-01,9.99999e-01,2.33751e-01,9.99980e-01,9.95146e-01
3.331472540e+00,3.55756e-01,9.99999e-01,3.57001e-01,9.99980e-01,9.96530e-01
3.348129902e+00,3.44376e-01,9.99999e-01,3.45246e-01,9.99981e-01,9.97498e-01
3.364870552e+00,4.22429e-01,9.99999e-01,4.23916e-01,9.99981e-01,9.96507e-01
3.381694905e+00,4.57782e-01,9.99999e-01,4.58875e-01,9.99981e-01,9.97635e-01
3.398603379e+00,5.75124e-01,9.99999e-01,5.76459e-01,9.99982e-01,9.97701e-01
3.415596396e+00,6.62408e-01,9.99999e-01,6.63848e-01,9.99982e-01,9.97846e-01
3.432674378e+00,6.85963e-01,9.99999e-01,6.86792e-01,9.99983e-01,9.98809e-01
3.449837750e+00,7.73839e-01,9.99999e-01,7.74477e-01,9.99983e-01,9.99191e-01
3.467086939e+00,8.37731e-01,9.99999e-01,8.38516e-01,9.99983e-01,9.99079e-01
3.484422373e+00,8.47912e-01,9.99999e-01,8.48797e-01,9.99983e-01,9.98971e-01
3.501844485e+00,9.09343e-01,9.99999e-01,9.09978e-01,9.99984e-01,9.99317e-01
3.519353708e+00,9.23970e-01,9.99999e-01,9.24216e-01,9.99984e-01,9.99748e-01
3.536950476e+00,9.31058e-01,9.99999e-01,9.31202e-01,9.99984e-01,9.99859e-01
3.554635228e+00,9.57072e-01,9.99999e-01,9.57300e-01,9.99985e-01,9.99775e-01
3.572408405e+00,9.58462e-01,9.99999e-01,9.58744e-01,9.99985e-01,9.99719e-01
3.590270447e+00,9.70834e-01,9.99999e-01,9.71152e-01,9.99985e-01,9.99685e-01
3.608221799e+00,9.77114e-01,9.99999e-01,9.77539e-01,9.99985e-01,9.99578e-01
3.626262908e+00,9.80283e-01,9.99999e-01,9.80802e-01,9.99986e-01,9.99483e-01
3.644394222e+00,9.87750e-01,9.99999e-01,9.88443e-01,9.99986e-01,9.99311e-01
3.662616193e+00,9.79910e-01,9.99999e-01,9.80775e-01,9.99986e-01,9.99130e-01
3.680929274e+00,9.68156e-01,9.99999e-01,9.69252e-01,9.99987e-01,9.98881e-01
3.699333921e+00,9.84096e-01,9.99999e-01,9.85498e-01,9.99987e-01,9.98589e-01
3.717830590e+00,9.86836e-01,9.99999e-01,9.88618e-01,9.99987e-01,9.98208e-01
3.736419743e+00,9.84422e-01,9.99999e-01,9.86731e-01,9.99987e-01,9.97670e-01
3.755101842e+00,9.82878e-01,9.99999e-01,9.85736e-01,9.99987e-01,9.97111e-01
3.773877351e+00,9.84597e-01,9.99998e-01,9.88224e-01,9.99988e-01,9.96340e-01
3.792746738e+00,9.81152e-01,9.99998e-01,9.85829e-01,9.99988e-01,9.95267e-01
3.811710472e+00,9.76692e-01,9.99997e-01,9.82593e-01,9.99988e-01,9.94006e-01
3.830769024e+00,9.73802e-01,9.99996e-01,9.81212e-01,9.99988e-01,9.92460e-01
3.849922869e+00,9.63100e-01,9.99994e-01,9.72371e-01,9.99989e-01,9.90480e-01
3.869172484e+00,9.56487e-01,9.99992e-01,9.68139e-01,9.99989e-01,9.87981e-01
3.888518346e+00,9.67056e-01,9.99986e-01,9.82180e-01,9.99989e-01,9.84624e-01
3.907960938e+00,9.60625e-01,9.99983e-01,9.80037e-01,9.99989e-01,9.80216e-01
3.927500742e+00,8.53891e-01,9.99971e-01,8.76248e-01,9.99989e-01,9.74520e-01
3.947138246e+00,8.93455e-01,9.99960e-01,9.23920e-01,9.99990e-01,9.67070e-01
3.966873937e+00,7.76839e-01,9.99955e-01,8.11406e-01,9.99990e-01,9.57445e-01
3.986708307e+00,9.13026e-01,9.99928e-01,9.65620e-01,9.99990e-01,9.45607e-01
4.006641849e+00,9.19756e-01,9.99905e-01,9.87603e-01,9.99990e-01,9.31396e-01
4.026675058e+00,9.02017e-01,9.99921e-01,9.85667e-01,9.99990e-01,9.15212e-01
4.046808433e+00,8.82318e-01,9.99918e-01,9.82584e-01,9.99990e-01,8.98036e-01
4.067042475e+00,8.63383e-01,9.99884e-01,9.80022e-01,9.99991e-01,8.81092e-01
4.087377688e+00,8.46828e-01,9.99863e-01,9.78553e-01,9.99991e-01,8.65511e-01
4.107814576e+00,8.27685e-01,9.99840e-01,9.70504e-01,9.99991e-01,8.52981e-01
4.128353649e+00,8.05774e-01,9.99839e-01,9.53962e-01,9.99991e-01,8.44801e-01
4.148995417e+00,7.92776e-01,9.99888e-01,9.42752e-01,9.99991e-01,8.41015e-01
4.169740394e+00,7.66259e-01,9.99897e-01,9.10436e-01,9.99991e-01,8.41730e-01
4.190589096e+00,7.54044e-01,9.99904e-01,8.92196e-01,9.99992e-01,8.45238e-01
4.211542042e+00,7.06671e-01,9.99911e-01,8.35212e-01,9.99992e-01,8.46176e-01
4.232599752e+00,6.88246e-01,9.99945e-01,8.18996e-01,9.99992e-01,8.40402e-01
4.253762751e+00,6.39655e-01,9.99962e-01,7.77520e-01,9.99992e-01,8.22721e-01
4.275031564e+00,5.58467e-01,9.99937e-01,7.06392e-01,9.99992e-01,7.90643e-01
4.296406722e+00,4.93347e-01,9.99399e-01,6.32275e-01,9.99992e-01,7.80723e-01
4.317888756e+00,5.42907e-01,9.99882e-01,6.71852e-01,9.99992e-01,8.08170e-01
4.339478200e+00,5.13437e-01,9.99930e-01,6.06658e-01,9.99993e-01,8.46398e-01
4.361175591e+00,4.81766e-01,9.99942e-01,5.53898e-01,9.99993e-01,8.69823e-01
4.382981469e+00,4.90212e-01,9.99940e-01,5.55973e-01,9.99993e-01,8.81771e-01
4.404896376e+00,4.80977e-01,9.99916e-01,5.41322e-01,9.99993e-01,8.88590e-01
4.426920858e+00,3.80825e-01,9.99915e-01,4.25798e-01,9.99993e-01,8.94448e-01
4.449055462e+00,4.98426e-01,9.99941e-01,5.53156e-01,9.99993e-01,9.01112e-01
4.471300739e+00,4.23267e-01,9.99938e-01,4.65563e-01,9.99993e-01,9.09205e-01
4.493657243e+00,5.04448e-01,9.99946e-01,5.49202e-01,9.99993e-01,9.18561e-01
4.516125529e+00,3.51184e-01,9.99949e-01,3.78248e-01,9.99993e-01,9.28492e-01
4.538706157e+00,4.40251e-01,9.99939e-01,4.69005e-01,9.99994e-01,9.38736e-01
4.561399688e+00,4.07279e-01,9.99957e-01,4.29365e-01,9.99994e-01,9.48595e-01
4.584206686e+00,5.15203e-01,9.99966e-01,5.38017e-01,9.99994e-01,9.57625e-01
4.607127720e+00,4.13773e-01,9.99967e-01,4.28517e-01,9.99994e-01,9.65621e-01
4.630163358e+00,2.55041e-01,9.99979e-01,2.62250e-01,9.99994e-01,9.72527e-01
4.653314175e+00,2.65804e-01,9.99980e-01,2.71733e-01,9.99994e-01,9.78199e-01
4.676580746e+00,9.38418e-02,9.99980e-01,9.54911e-02,9.99994e-01,9.82741e-01
4.699963650e+00,2.42552e-01,9.99989e-01,2.45916e-01,9.99994e-01,9.86332e-01
4.723463468e+00,1.01415e-01,9.99987e-01,1.02534e-01,9.99994e-01,9.89095e-01
4.747080785e+00,3.09895e-01,9.99993e-01,3.12670e-01,9.99994e-01,9.91133e-01
4.770816189e+00,1.18846e-01,9.99993e-01,1.19728e-01,9.99995e-01,9.92638e-01
4.794670270e+00,9.08787e-02,9.99993e-01,9.14516e-02,9.99995e-01,9.93742e-01
4.818643622e+00,9.19298e-02,9.99996e-01,9.24371e-02,9.99995e-01,9.94517e-01
4.842736840e+00,2.70533e-02,9.99996e-01,2.71907e-02,9.99995e-01,9.94951e-01
4.866950524e+00,1.35698e-01,9.99998e-01,1.36369e-01,9.99995e-01,9.95086e-01
4.891285276e+00,1.76802e-02,9.99998e-01,1.77704e-02,9.99995e-01,9.94930e-01
4.915741703e+00,7.53136e-02,9.99998e-01,7.57172e-02,9.99995e-01,9.94674e-01
4.940320411e+00,1.12092e-02,9.99998e-01,1.12761e-02,9.99995e-01,9.94064e-01
4.965022013e+00,1.06882e-02,9.99998e-01,1.07603e-02,9.99995e-01,9.93301e-01
4.989847123e+00,2.65644e-02,9.99999e-01,2.67642e-02,9.99995e-01,9.92537e-01
5.014796359e+00,7.13083e-04,9.99999e-01,7.19265e-04,9.99995e-01,9.91408e-01
5.039870341e+00,1.09272e-02,9.99999e-01,1.10370e-02,9.99995e-01,9.90056e-01
5.065069693e+00,1.22174e-02,9.99999e-01,1.23670e-02,9.99996e-01,9.87909e-01
5.090395041e+00,1.70511e-03,9.99999e-01,1.72990e-03,9.99996e-01,9.85672e-01
5.115847016e+00,1.16432e-03,9.99999e-01,1.18483e-03,9.99996e-01,9.82691e-01
5.141426251e+00,6.00790e-05,9.99999e-01,6.13922e-05,9.99996e-01,9.78611e-01
5.167133383e+00,5.90038e-05,9.99999e-01,6.05373e-05,9.99996e-01,9.74671e-01
5.192969049e+00,3.31700e-05,9.99999e-01,3.41937e-05,9.99996e-01,9.70063e-01
5.218933895e+00,1.88481e-07,9.99999e-01,1.95519e-07,9.99996e-01,9.64009e-01
5.245028564e+00,1.08112e-05,9.99999e-01,1.13074e-05,9.99996e-01,9.56120e-01
5.271253707e+00,1.27264e-06,9.99999e-01,1.34593e-06,9.99996e-01,9.45551e-01
5.297609976e+00,4.89565e-07,9.99999e-01,5.24702e-07,9.99996e-01,9.33037e-01
5.324098025e+00,2.47476e-07,9.99999e-01,2.69575e-07,9.99996e-01,9.18022e-01
5.350718516e+00,4.43211e-09,9.99999e-01,4.93701e-09,9.99996e-01,8.97732e-01
5.377472108e+00,8.35373e-09,9.99999e-01,9.50922e-09,9.99996e-01,8.78489e-01
5.404359469e+00,5.33400e-09,9.99999e-01,6.22589e-09,9.99996e-01,8.56746e-01
5.431381266e+00,2.95093e-15,9.99999e-01,3.52510e-15,9.99996e-01,8.37122e-01
5.458538172e+00,1.38074e-15,9.99999e-01,1.70077e-15,9.99996e-01,8.11832e-01
5.485830863e+00,3.66904e-16,9.99999e-01,4.71017e-16,9.99996e-01,7.78962e-01
5.513260018e+00,4.97292e-17,9.99999e-01,6.67087e-17,9.99997e-01,7.45469e-01
5.540826318e+00,3.30555e-18,9.99999e-01,4.67523e-18,9.99997e-01,7.07036e-01
5.568530449e+00,1.29092e-27,9.99999e-01,1.93678e-27,9.99997e-01,6.66533e-01
5.596373101e+00,1.40276e-26,9.99999e-01,2.24234e-26,9.99997e-01,6.25576e-01
5.624354967e+00,7.63517e-24,9.99999e-01,1.30939e-23,9.99997e-01,5.83112e-01
5.652476742e+00,2.24247e-26,9.99999e-01,4.16261e-26,9.99997e-01,5.38719e-01
5.680739126e+00,6.31033e-30,9.99999e-01,1.28085e-29,9.99997e-01,4.92668e-01
5.709142821e+00,1.03632e-32,9.99999e-01,2.31326e-32,9.99997e-01,4.47991e-01
5.737688535e+00,1.99157e-31,9.99999e-01,5.01007e-31,9.99997e-01,3.97514e-01
5.766376978e+00,8.86533e-25,9.99999e-01,2.56458e-24,9.99997e-01,3.45683e-01
5.795208863e+00,2.68014e-22,9.99999e-01,9.11251e-22,9.99997e-01,2.94117e-01
5.824184907e+00,2.04078e-27,9.99999e-01,8.21433e-27,9.99997e-01,2.48442e-01
5.853305832e+00,1.36649e-26,9.99999e-01,6.43152e-26,9.99997e-01,2.12468e-01
5.882572361e+00,8.56097e-33,9.99999e-01,4.60517e-32,9.99997e-01,1.85899e-01
5.911985223e+00,4.15308e-31,9.99999e-01,2.52211e-30,9.99997e-01,1.64667e-01
5.941545149e+00,1.51305e-32,9.99999e-01,1.02517e-31,9.99997e-01,1.47591e-01
5.971252874e+00,3.63993e-28,9.99999e-01,2.63329e-27,9.99997e-01,1.38227e-01
6.001109139e+00,1.76978e-19,9.99999e-01,1.30610e-18,9.99997e-01,1.35501e-01
6.031114685e+00,1.52773e-21,9.99999e-01,1.10052e-20,9.99997e-01,1.38819e-01
6.061270258e+00,1.16872e-21,9.99999e-01,7.89724e-21,9.99997e-01,1.47991e-01
6.091576609e+00,4.02360e-18,9.99999e-01,2.49869e-17,9.99997e-01,1.61028e-01
6.122034492e+00,3.47396e-12,9.99999e-01,1.93904e-11,9.99997e-01,1.79159e-01
6.152644665e+00,8.88700e-13,9.99999e-01,4.40621e-12,9.99997e-01,2.01693e-01
6.183407888e+00,2.37377e-09,9.99999e-01,1.06305e-08,9.99997e-01,2.23298e-01
6.214324928e+00,1.76210e-06,9.99999e-01,7.43444e-06,9.99997e-01,2.37018e-01
6.245396552e+00,9.27381e-05,9.99999e-01,3.91540e-04,9.99997e-01,2.36855e-01
6.276623535e+00,5.63519e-05,9.99999e-01,2.52863e-04,9.99998e-01,2.22856e-01
6.308006653e+00,4.12328e-05,9.99999e-01,2.05034e-04,9.99998e-01,2.01102e-01
6.339546686e+00,1.64307e-09,9.99999e-01,9.25432e-09,9.99998e-01,1.77547e-01
6.371244419e+00,8.23261e-18,9.99999e-01,5.27553e-17,9.99998e-01,1.56053e-01
6.403100641e+00,2.35466e-24,9.99999e-01,1.70094e-23,9.99998e-01,1.38433e-01
6.435116145e+00,1.75202e-50,9.99999e-01,1.36625e-49,9.99998e-01,1.28236e-01
6.467291725e+00,1.06616e-50,9.99999e-01,8.60828e-50,9.99998e-01,1.23853e-01
6.499628184e+00,1.09681e-57,9.99999e-01,8.79503e-57,9.99998e-01,1.24707e-01
6.532126325e+00,8.26907e-51,9.99999e-01,6.32085e-50,9.99998e-01,1.30822e-01
6.564786956e+00,5.25257e-61,9.99999e-01,3.60994e-60,9.99998e-01,1.45503e-01
6.597610891e+00,3.23623e-81,9.99999e-01,1.95294e-80,9.99998e-01,1.65711e-01
6.630598946e+00,3.13702e-54,9.99999e-01,1.64366e-53,9.99998e-01,1.90856e-01
6.663751940e+00,1.55829e-50,9.99999e-01,7.09252e-50,9.99998e-01,2.19709e-01
6.697070700e+00,2.21523e-40,9.99999e-01,8.77390e-40,9.99998e-01,2.52479e-01
6.730556054e+00,5.31997e-28,9.99999e-01,1.84528e-27,9.99998e-01,2.88301e-01
6.764208834e+00,2.93373e-28,9.99999e-01,8.92513e-28,9.99998e-01,3.28705e-01
6.798029878e+00,7.63538e-34,9.99999e-01,2.02979e-33,9.99998e-01,3.76167e-01
6.832020027e+00,4.14327e-34,9.99999e-01,9.84646e-34,9.99998e-01,4.20788e-01
6.866180128e+00,7.30336e-39,9.99999e-01,1.56852e-38,9.99998e-01,4.65621e-01
6.900511028e+00,4.68518e-23,9.99999e-01,9.16965e-23,9.99998e-01,5.10944e-01
6.935013583e+00,1.42377e-22,9.99999e-01,2.55342e-22,9.99998e-01,5.57592e-01
6.969688651e+00,2.24398e-28,9.99999e-01,3.70840e-28,9.99998e-01,6.05105e-01
7.004537095e+00,1.97981e-27,9.99999e-01,3.03231e-27,9.99998e-01,6.52904e-01
7.039559780e+00,3.46351e-30,9.99999e-01,4.94828e-30,9.99998e-01,6.99942e-01
7.074757579e+00,1.04245e-23,9.99999e-01,1.40879e-23,9.99998e-01,7.39963e-01
7.110131367e+00,1.84425e-23,9.99999e-01,2.37123e-23,9.99998e-01,7.77760e-01
7.145682024e+00,2.68194e-26,9.99999e-01,3.29847e-26,9.99998e-01,8.13087e-01
7.181410434e+00,1.18738e-32,9.99999e-01,1.40724e-32,9.99998e-01,8.43768e-01
7.217317486e+00,1.55734e-24,9.99999e-01,1.79019e-24,9.99998e-01,8.69933e-01
7.253404073e+00,6.56291e-25,9.99999e-01,7.34882e-25,9.99998e-01,8.93057e-01
7.289671094e+00,5.25422e-22,9.99999e-01,5.75948e-22,9.99998e-01,9.12273e-01
7.326119449e+00,7.84943e-22,9.99999e-01,8.45072e-22,9.99998e-01,9.28848e-01
7.362750046e+00,1.62800e-16,9.99999e-01,1.72591e-16,9.99998e-01,9.43271e-01
7.399563797e+00,4.21612e-13,9.99999e-01,4.41660e-13,9.99998e-01,9.54608e-01
7.436561616e+00,1.01787e-14,9.99999e-01,1.05664e-14,9.99998e-01,9.63312e-01
7.473744424e+00,3.60886e-14,9.99999e-01,3.71686e-14,9.99998e-01,9.70942e-01
7.511113146e+00,1.05286e-11,9.99999e-01,1.07722e-11,9.99998e-01,9.77389e-01
7.548668712e+00,8.00629e-13,9.99999e-01,8.15547e-13,9.99998e-01,9.81708e-01
7.586412055e+00,6.17225e-22,9.99999e-01,6.26407e-22,9.99998e-01,9.85341e-01
7.624344115e+00,1.29600e-11,9.99999e-01,1.31140e-11,9.99998e-01,9.88257e-01
7.662465836e+00,3.14785e-07,9.99999e-01,3.17833e-07,9.99998e-01,9.90409e-01
7.700778165e+00,1.65943e-07,9.99999e-01,1.67247e-07,9.99998e-01,9.92203e-01
7.739282056e+00,2.07456e-11,9.99999e-01,2.08814e-11,9.99998e-01,9.93497e-01
7.777978466e+00,6.65032e-08,9.99999e-01,6.68597e-08,9.99998e-01,9.94668e-01
7.816868359e+00,1.24374e-06,9.99999e-01,1.24910e-06,9.99998e-01,9.95710e-01
7.855952700e+00,3.36714e-07,9.99999e-01,3.37934e-07,9.99998e-01,9.96388e-01
7.895232464e+00,2.98933e-07,9.99999e-01,2.99853e-07,9.99998e-01,9.96929e-01
7.934708626e+00,3.16767e-05,9.99999e-01,3.17597e-05,9.99998e-01,9.97384e-01
7.974382169e+00,2.02133e-03,9.99999e-01,2.02599e-03,9.99998e-01,9.97700e-01
8.014254080e+00,5.46112e-04,9.99999e-01,5.47202e-04,9.99998e-01,9.98008e-01
8.054325351e+00,6.56260e-04,9.99999e-01,6.57373e-04,9.99998e-01,9.98307e-01
8.094596977e+00,8.31971e-03,9.99999e-01,8.33151e-03,9.99998e-01,9.98583e-01
8.135069962e+00,6.32619e-03,9.99999e-01,6.33357e-03,9.99998e-01,9.98835e-01
8.175745312e+00,2.02819e-03,9.99999e-01,2.03021e-03,9.99998e-01,9.99008e-01
8.216624039e+00,1.83020e-02,9.99999e-01,1.83175e-02,9.99998e-01,9.99149e-01
8.257707159e+00,3.07591e-02,9.99999e-01,3.07817e-02,9.99999e-01,9.99265e-01
8.298995695e+00,1.09371e-01,9.99999e-01,1.09443e-01,9.99999e-01,9.99336e-01
8.340490673e+00,6.47114e-02,9.99999e-01,6.47499e-02,9.99999e-01,9.99405e-01
8.382193126e+00,1.47051e-01,9.99999e-01,1.47128e-01,9.99999e-01,9.99476e-01
8.424104092e+00,7.61836e-02,9.99999e-01,7.62185e-02,9.99999e-01,9.99541e-01
8.466224613e+00,1.36620e-01,9.99999e-01,1.36674e-01,9.99999e-01,9.99601e-01
8.508555736e+00,6.85936e-02,9.99999e-01,6.86182e-02,9.99999e-01,9.99641e-01
8.551098514e+00,2.87388e-01,9.99999e-01,2.87481e-01,9.99999e-01,9.99675e-01
8.593854007e+00,4.58509e-01,9.99999e-01,4.58647e-01,9.99999e-01,9.99699e-01
8.636823277e+00,4.96843e-01,9.99999e-01,4.96980e-01,9.99999e-01,9.99724e-01
8.680007393e+00,3.20855e-01,9.99999e-01,3.20935e-01,9.99999e-01,9.99749e-01
8.723407430e+00,4.10717e-01,9.99999e-01,4.10809e-01,9.99999e-01,9.99775e-01
8.767024467e+00,3.44402e-01,9.99999e-01,3.44470e-01,9.99999e-01,9.99802e-01
8.810859590e+00,3.39455e-01,9.99999e-01,3.39517e-01,9.99999e-01,9.99816e-01
8.854913888e+00,6.41852e-01,9.99999e-01,6.41962e-01,9.99999e-01,9.99829e-01
8.899188457e+00,5.92031e-01,9.99999e-01,5.92126e-01,9.99999e-01,9.99839e-01
8.943684399e+00,5.17129e-01,9.99999e-01,5.17207e-01,9.99999e-01,9.99848e-01
8.988402821e+00,4.93961e-01,9.99999e-01,4.94032e-01,9.99999e-01,9.99855e-01
9.033344836e+00,4.07969e-01,9.99999e-01,4.08025e-01,9.99999e-01,9.99863e-01
9.078511560e+00,5.19528e-01,9.99999e-01,5.19594e-01,9.99999e-01,9.99871e-01
9.123904118e+00,6.31271e-01,9.99999e-01,6.31350e-01,9.99999e-01,9.99875e-01
9.169523638e+00,5.53183e-01,9.99999e-01,5.53251e-01,9.99999e-01,9.99878e-01
9.215371256e+00,7.42905e-01,9.99999e-01,7.42993e-01,9.99999e-01,9.99880e-01
9.261448113e+00,7.22267e-01,9.99999e-01,7.22351e-01,9.99999e-01,9.99883e-01
9.307755353e+00,6.19761e-01,9.99999e-01,6.19832e-01,9.99999e-01,9.99884e-01
9.354294130e+00,5.49035e-01,9.99999e-01,5.49098e-01,9.99999e-01,9.99885e-01
9.401065601e+00,4.20150e-01,9.99999e-01,4.20199e-01,9.99999e-01,9.99885e-01
9.448070929e+00,4.89361e-01,9.99999e-01,4.89418e-01,9.99999e-01,9.99883e-01
9.495311283e+00,7.03928e-01,9.99999e-01,7.04012e-01,9.99999e-01,9.99880e-01
9.542787840e+00,7.71744e-01,9.99999e-01,7.71839e-01,9.99999e-01,9.99877e-01
9.590501779e+00,6.51297e-01,9.99999e-01,6.51379e-01,9.99999e-01,9.99874e-01
9.638454288e+00,6.59681e-01,9.99999e-01,6.59766e-01,9.99999e-01,9.99870e-01
9.686646559e+00,6.75768e-01,9.99999e-01,6.75858e-01,9.99999e-01,9.99866e-01
9.735079792e+00,7.49870e-01,9.99999e-01,7.49973e-01,9.99999e-01,9.99862e-01
9.783755191e+00,6.71426e-01,9.99999e-01,6.71521e-01,9.99999e-01,9.99857e-01
9.832673967e+00,4.44373e-01,9.99999e-01,4.44439e-01,9.99999e-01,9.99851e-01
9.881837337e+00,2.80584e-01,9.99999e-01,2.80627e-01,9.99999e-01,9.99845e-01
9.931246523e+00,5.79940e-01,9.99999e-01,5.80034e-01,9.99999e-01,9.99838e-01
9.980902756e+00,7.08793e-01,9.99999e-01,7.08913e-01,9.99999e-01,9.99830e-01
1.003080727e+01,7.10762e-01,9.99999e-01,7.10888e-01,9.99999e-01,9.99822e-01
1.008096131e+01,7.42391e-01,9.99999e-01,7.42528e-01,9.99999e-01,9.99814e-01
1.013136611e+01,7.95692e-01,9.99999e-01,7.95847e-01,9.99999e-01,9.99805e-01
1.018202294e+01,8.16414e-01,9.99999e-01,8.16580e-01,9.99999e-01,9.99796e-01
1.023293306e+01,6.92757e-01,9.99999e-01,6.92905e-01,9.99999e-01,9.99785e-01
1.028409772e+01,5.25840e-01,9.99999e-01,5.25958e-01,9.99999e-01,9.99775e-01
1.033551821e+01,4.96818e-01,9.99999e-01,4.96936e-01,9.99999e-01,9.99763e-01
1.038719580e+01,3.11232e-01,9.99999e-01,3.11309e-01,9.99999e-01,9.99752e-01
1.043913178e+01,3.31597e-01,9.99999e-01,3.31684e-01,9.99999e-01,9.99739e-01
1.049132744e+01,5.22480e-01,9.99999e-01,5.22624e-01,9.99999e-01,9.99725e-01
1.054378408e+01,6.17629e-01,9.99999e-01,6.17807e-01,9.99999e-01,9.99711e-01
1.059650300e+01,6.02861e-01,9.99999e-01,6.03044e-01,9.99999e-01,9.99696e-01
1.064948551e+01,5.69650e-01,9.99999e-01,5.69832e-01,9.99999e-01,9.99680e-01
1.070273294e+01,4.47058e-01,9.99999e-01,4.47208e-01,9.99999e-01,9.99663e-01
1.075624661e+01,4.72244e-01,9.99999e-01,4.72411e-01,9.99999e-01,9.99646e-01
1.081002784e+01,4.74249e-01,9.99999e-01,4.74425e-01,9.99999e-01,9.99627e-01
1.086407798e+01,2.90355e-01,9.99999e-01,2.90469e-01,9.99999e-01,9.99609e-01
1.091839837e+01,1.53944e-01,9.99999e-01,1.54007e-01,9.99999e-01,9.99588e-01
1.097299036e+01,6.30843e-02,9.99999e-01,6.31116e-02,9.99999e-01,9.99567e-01
1.102785531e+01,4.90691e-02,9.99999e-01,4.90915e-02,9.99999e-01,9.99544e-01
1.108299459e+01,2.03249e-01,9.99999e-01,2.03346e-01,9.99999e-01,9.99520e-01
1.113840956e+01,4.39318e-01,9.99999e-01,4.39539e-01,9.99999e-01,9.99495e-01
1.119410161e+01,5.28436e-01,9.99999e-01,5.28716e-01,9.99999e-01,9.99470e-01
1.125007212e+01,4.17297e-01,9.99999e-01,4.17530e-01,9.99999e-01,9.99442e-01
1.130632248e+01,3.70830e-01,9.99999e-01,3.71047e-01,9.99999e-01,9.99412e-01
1.136285409e+01,4.79599e-01,9.99999e-01,4.79895e-01,9.99999e-01,9.99382e-01
1.141966836e+01,5.14285e-01,9.99999e-01,5.14619e-01,9.99999e-01,9.99351e-01
1.147676670e+01,4.44158e-01,9.99999e-01,4.44461e-01,9.99999e-01,9.99319e-01
1.153415054e+01,2.17252e-01,9.99999e-01,2.17407e-01,9.99999e-01,9.99284e-01
1.159182129e+01,1.56379e-01,9.99999e-01,1.56497e-01,9.99999e-01,9.99249e-01
1.164978039e+01,5.26445e-02,9.99999e-01,5.26860e-02,9.99999e-01,9.99212e-01
1.170802930e+01,1.78646e-02,9.99999e-01,1.78794e-02,9.99999e-01,9.99172e-01
1.176656944e+01,8.85976e-02,9.99999e-01,8.86745e-02,9.99999e-01,9.99131e-01
1.182540229e+01,2.33615e-01,9.99999e-01,2.33828e-01,9.99999e-01,9.99085e-01
1.188452930e+01,2.36089e-01,9.99999e-01,2.36315e-01,9.99999e-01,9.99039e-01
1.194395195e+01,2.92694e-01,9.99999e-01,2.92990e-01,9.99999e-01,9.98987e-01
1.200367171e+01,3.80680e-01,9.99999e-01,3.81087e-01,9.99999e-01,9.98933e-01
1.206369007e+01,2.45262e-01,9.99999e-01,2.45538e-01,9.99999e-01,9.98877e-01
1.212400852e+01,3.66477e-01,9.99999e-01,3.66911e-01,9.99999e-01,9.98817e-01
1.218462856e+01,3.60467e-01,9.99999e-01,3.60916e-01,9.99999e-01,9.98756e-01
1.224555170e+01,1.06946e-01,9.99999e-01,1.07086e-01,9.99999e-01,9.98694e-01
1.230677946e+01,7.80547e-02,9.99999e-01,7.81615e-02,9.99999e-01,9.98633e-01
1.236831336e+01,9.90335e-03,9.99999e-01,9.91754e-03,9.99999e-01,9.98568e-01
1.243015492e+01,4.36384e-03,9.99999e-01,4.37039e-03,9.99999e-01,9.98500e-01
1.249230570e+01,4.74482e-03,9.99999e-01,4.75227e-03,9.99999e-01,9.98431e-01
1.255476723e+01,1.09513e-02,9.99999e-01,1.09693e-02,9.99999e-01,9.98358e-01
1.261754106e+01,7.79430e-02,9.99999e-01,7.80769e-02,9.99999e-01,9.98283e-01
1.268062877e+01,1.82452e-01,9.99999e-01,1.82781e-01,9.99999e-01,9.98204e-01
1.274403191e+01,1.41467e-01,9.99999e-01,1.41733e-01,9.99999e-01,9.98117e-01
1.280775207e+01,2.20597e-01,9.99999e-01,2.21032e-01,9.99999e-01,9.98031e-01
1.287179083e+01,1.30254e-01,9.99999e-01,1.30523e-01,9.99999e-01,9.97936e-01
1.293614979e+01,1.65922e-01,9.99999e-01,1.66281e-01,9.99999e-01,9.97840e-01
1.300083054e+01,3.92904e-02,9.99999e-01,3.93793e-02,9.99999e-01,9.97741e-01
1.306583469e+01,4.96387e-02,9.99999e-01,4.97561e-02,9.99999e-01,9.97639e-01
1.313116386e+01,4.33925e-02,9.99999e-01,4.34996e-02,9.99999e-01,9.97537e-01
1.319681968e+01,2.72203e-02,9.99999e-01,2.72905e-02,9.99999e-01,9.97426e-01
1.326280378e+01,1.81513e-03,9.99999e-01,1.82003e-03,9.99999e-01,9.97310e-01
1.332911780e+01,3.66603e-03,9.99999e-01,3.67634e-03,9.99999e-01,9.97194e-01
1.339576339e+01,1.27738e-03,9.99999e-01,1.28115e-03,9.99999e-01,9.97055e-01
1.346274221e+01,7.97078e-05,9.99999e-01,7.99543e-05,9.99999e-01,9.96916e-01
1.353005592e+01,8.52082e-03,9.99999e-01,8.54846e-03,9.99999e-01,9.96765e-01
1.359770620e+01,1.64676e-02,9.99999e-01,1.65239e-02,9.99999e-01,9.96594e-01
1.366569473e+01,1.27805e-02,9.99999e-01,1.28264e-02,9.99999e-01,9.96423e-01
1.373402320e+01,4.52819e-02,9.99999e-01,4.54525e-02,9.99999e-01,9.96246e-01
1.380269332e+01,6.64652e-02,9.99999e-01,6.67277e-02,9.99999e-01,9.96065e-01
1.387170678e+01,2.37487e-02,9.99999e-01,2.38469e-02,9.99999e-01,9.95884e-01
1.394106532e+01,1.48417e-02,9.99999e-01,1.49057e-02,9.99999e-01,9.95702e-01
1.401077064e+01,4.00531e-03,9.99999e-01,4.02333e-03,9.99999e-01,9.95520e-01
1.408082450e+01,5.37265e-03,9.99999e-01,5.39782e-03,9.99999e-01,9.95336e-01
1.415122862e+01,2.31446e-04,9.99999e-01,2.32576e-04,9.99999e-01,9.95140e-01
1.422198476e+01,2.24874e-05,9.99999e-01,2.26017e-05,9.99999e-01,9.94943e-01
1.429309469e+01,6.28547e-05,9.99999e-01,6.31870e-05,9.99999e-01,9.94739e-01
1.436456016e+01,5.22920e-06,9.99999e-01,5.25807e-06,9.99999e-01,9.94508e-01
1.443638296e+01,1.02922e-06,9.99999e-01,1.03515e-06,9.99999e-01,9.94276e-01
1.450856487e+01,9.23337e-06,9.99999e-01,9.28875e-06,9.99999e-01,9.94037e-01
1.458110770e+01,9.07929e-04,9.99999e-01,9.13607e-04,9.99999e-01,9.93784e-01
1.465401324e+01,3.00826e-03,9.99999e-01,3.02785e-03,9.99999e-01,9.93530e-01
1.472728330e+01,2.97949e-03,9.99999e-01,2.99969e-03,9.99999e-01,9.93266e-01
1.480091972e+01,4.44869e-04,9.99999e-01,4.48010e-04,9.99999e-01,9.92987e-01
1.487492432e+01,3.16420e-06,9.99999e-01,3.18745e-06,9.99999e-01,9.92707e-01
1.494929894e+01,3.38903e-05,9.99999e-01,3.41496e-05,9.99999e-01,9.92408e-01
1.502404544e+01,5.52436e-04,9.99999e-01,5.56845e-04,9.99999e-01,9.92082e-01
1.509916566e+01,8.46711e-04,9.99999e-01,8.53749e-04,9.99999e-01,9.91755e-01
1.517466149e+01,1.75995e-04,9.99999e-01,1.77519e-04,9.99999e-01,9.91415e-01
1.525053480e+01,9.91560e-04,9.99999e-01,1.00051e-03,9.99999e-01,9.91056e-01
1.532678747e+01,8.10448e-05,9.99999e-01,8.18059e-05,9.99999e-01,9.90695e-01
1.540342141e+01,2.49520e-05,9.99999e-01,2.52474e-05,9.99999e-01,9.88299e-01
1.548043852e+01,5.77637e-06,9.99999e-01,5.84792e-06,9.99999e-01,9.87763e-01
1.555784071e+01,4.61788e-08,9.99999e-01,4.67730e-08,9.99999e-01,9.87296e-01
1.563562991e+01,1.61114e-10,9.99999e-01,1.63266e-10,9.99999e-01,9.86819e-01
1.571380806e+01,5.97683e-11,9.99999e-01,6.05971e-11,9.99999e-01,9.86321e-01
1.579237710e+01,1.84158e-08,9.99999e-01,1.86807e-08,9.99999e-01,9.85821e-01
1.587133899e+01,9.44930e-07,9.99999e-01,9.59019e-07,9.99999e-01,9.85308e-01
1.595069568e+01,5.93680e-08,9.99999e-01,6.02910e-08,9.99999e-01,9.84690e-01
1.603044916e+01,6.87938e-10,9.99999e-01,6.99075e-10,9.99999e-01,9.84069e-01
1.611060141e+01,4.07653e-10,9.99999e-01,4.14515e-10,9.99999e-01,9.83444e-01
1.619115441e+01,1.97730e-09,9.99999e-01,2.01192e-09,9.99999e-01,9.82793e-01
1.627211019e+01,1.71680e-10,9.99999e-01,1.74802e-10,9.99999e-01,9.82135e-01
1.635347074e+01,1.53436e-09,9.99999e-01,1.56332e-09,9.99999e-01,9.81473e-01
1.643523809e+01,1.13484e-09,9.99999e-01,1.15707e-09,9.99999e-01,9.80788e-01
1.651741428e+01,8.11051e-11,9.99999e-01,8.27528e-11,9.99999e-01,9.80088e-01
1.660000135e+01,2.09875e-13,9.99999e-01,2.14293e-13,9.99999e-01,9.79383e-01
1.668300136e+01,4.52947e-14,9.99999e-01,4.62813e-14,9.99999e-01,9.78680e-01
1.676641637e+01,8.87933e-12,9.99999e-01,9.07917e-12,9.99999e-01,9.77988e-01
1.685024845e+01,2.31390e-12,9.99999e-01,2.36766e-12,9.99999e-01,9.77291e-01
1.693449969e+01,6.39376e-15,9.99999e-01,6.54701e-15,9.99999e-01,9.76592e-01
1.701917219e+01,3.48454e-16,9.99999e-01,3.57077e-16,9.99999e-01,9.75850e-01
1.710426805e+01,1.13575e-20,9.99999e-01,1.16475e-20,9.99999e-01,9.75099e-01
1.718978939e+01,3.97182e-22,9.99999e-01,4.07641e-22,9.99999e-01,9.74343e-01
1.727573834e+01,2.62777e-22,9.99999e-01,2.69925e-22,9.99999e-01,9.73516e-01
1.736211703e+01,1.28624e-24,9.99999e-01,1.32246e-24,9.99999e-01,9.72614e-01
1.744892761e+01,4.30830e-21,9.99999e-01,4.43374e-21,9.99999e-01,9.71707e-01
1.753617225e+01,3.12378e-17,9.99999e-01,3.21775e-17,9.99999e-01,9.70796e-01
1.762385311e+01,2.33733e-16,9.99999e-01,2.40995e-16,9.99999e-01,9.69867e-01
1.771197238e+01,3.68898e-18,9.99999e-01,3.80726e-18,9.99999e-01,9.68933e-01
1.780053224e+01,7.15232e-19,9.99999e-01,7.38880e-19,9.99999e-01,9.67993e-01
1.788953490e+01,7.96666e-21,9.99999e-01,8.23899e-21,9.99999e-01,9.66946e-01
1.797898258e+01,4.88647e-23,9.99999e-01,5.05967e-23,9.99999e-01,9.65768e-01
1.806887749e+01,6.18155e-24,9.99999e-01,6.40851e-24,9.99999e-01,9.64584e-01
1.815922188e+01,8.45695e-32,9.99999e-01,8.77827e-32,9.99999e-01,9.63395e-01
1.825001799e+01,3.51723e-24,9.99999e-01,3.65544e-24,9.99999e-01,9.62189e-01
1.834126808e+01,5.85141e-23,9.99999e-01,6.08906e-23,9.99999e-01,9.60971e-01
1.843297442e+01,3.11768e-23,9.99999e-01,3.24844e-23,9.99999e-01,9.59746e-01
1.852513929e+01,4.25574e-31,9.99999e-01,4.43994e-31,9.99999e-01,9.58513e-01
1.861776499e+01,9.20910e-37,9.99999e-01,9.62039e-37,9.99999e-01,9.57248e-01
1.871085381e+01,9.73684e-30,9.99999e-01,1.01852e-29,9.99999e-01,9.55975e-01
1.880440808e+01,1.29209e-24,9.99999e-01,1.35340e-24,9.99999e-01,9.54697e-01
1.889843012e+01,1.08527e-25,9.99999e-01,1.13829e-25,9.99999e-01,9.53416e-01
1.899292227e+01,9.63750e-35,9.99999e-01,1.01220e-34,9.99999e-01,9.52137e-01
1.908788688e+01,4.78262e-33,9.99999e-01,5.02981e-33,9.99999e-01,9.50853e-01
1.918332632e+01,1.44659e-33,9.99999e-01,1.52342e-33,9.99999e-01,9.49562e-01
1.927924295e+01,1.60849e-41,9.99999e-01,1.69640e-41,9.99999e-01,9.48177e-01
1.937563916e+01,1.26485e-63,9.99999e-01,1.33603e-63,9.99999e-01,9.46724e-01
1.947251736e+01,1.54714e-64,9.99999e-01,1.63672e-64,9.99999e-01,9.45268e-01
1.956987994e+01,5.44699e-62,9.99999e-01,5.77131e-62,9.99999e-01,9.43803e-01
1.966772934e+01,2.42704e-51,9.99999e-01,2.57598e-51,9.99999e-01,9.42180e-01
1.976606799e+01,8.76557e-50,9.99999e-01,9.32023e-50,9.99999e-01,9.40487e-01
1.986489833e+01,1.40006e-53,9.99999e-01,1.49135e-53,9.99999e-01,9.38784e-01
1.996422282e+01,3.77314e-50,9.99999e-01,4.02651e-50,9.99999e-01,9.37073e-01
