#,Wave/freq,Total,O2,CO2,H2O,Rayleigh,CIA
4.000000000e-01,1.58308e-14,9.99999e-01,9.99999e-01,9.99937e-01,1.58318e-14,9.99999e-01
4.020000000e-01,2.96752e-14,9.99999e-01,9.99999e-01,9.99960e-01,2.96763e-14,9.99999e-01
4.040100000e-01,5.49043e-14,9.99999e-01,9.99999e-01,9.99983e-01,5.49052e-14,9.99999e-01
4.060300500e-01,1.00355e-13,9.99999e-01,9.99999e-01,9.99995e-01,1.00355e-13,9.99999e-01
4.080602003e-01,1.81255e-13,9.99999e-01,9.99999e-01,9.99998e-01,1.81255e-13,9.99999e-01
4.101005013e-01,3.23572e-13,9.99999e-01,9.99999e-01,9.99999e-01,3.23572e-13,9.99999e-01
4.121510038e-01,5.71056e-13,9.99999e-01,9.99999e-01,9.99997e-01,5.71058e-13,9.99999e-01
4.142117588e-01,9.96571e-13,9.99999e-01,9.99999e-01,9.99982e-01,9.96588e-13,9.99999e-01
4.162828176e-01,1.72005e-12,9.99999e-01,9.99999e-01,9.99922e-01,1.72018e-12,9.99999e-01
4.183642317e-01,2.93719e-12,9.99999e-01,9.99999e-01,9.99953e-01,2.93732e-12,9.99999e-01
4.204560528e-01,4.96279e-12,9.99999e-01,9.99999e-01,9.99971e-01,4.96293e-12,9.99999e-01
4.225583331e-01,8.29890e-12,9.99999e-01,9.99999e-01,9.99988e-01,8.29899e-12,9.99999e-01
4.246711247e-01,1.37372e-11,9.99999e-01,9.99999e-01,9.99991e-01,1.37373e-11,9.99999e-01
4.267944804e-01,2.25138e-11,9.99999e-01,9.99999e-01,9.99987e-01,2.25141e-11,9.99999e-01
4.289284528e-01,3.65398e-11,9.99999e-01,9.99999e-01,9.99989e-01,3.65402e-11,9.99999e-01
4.310730950e-01,5.87395e-11,9.99999e-01,9.99999e-01,9.99995e-01,5.87397e-11,9.99999e-01
4.332284605e-01,9.35449e-11,9.99999e-01,9.99999e-01,9.99998e-01,9.35450e-11,9.99999e-01
4.353946028e-01,1.47611e-10,9.99999e-01,9.99999e-01,9.99999e-01,1.47611e-10,9.99999e-01
4.375715758e-01,2.30834e-10,9.99999e-01,9.99999e-01,9.99992e-01,2.30835e-10,9.99999e-01
4.397594337e-01,3.57785e-10,9.99999e-01,9.99999e-01,9.99932e-01,3.57809e-10,9.99999e-01
4.419582309e-01,5.49658e-10,9.99999e-01,9.99999e-01,9.99660e-01,5.49844e-10,9.99999e-01
4.441680220e-01,8.37579e-10,9.99999e-01,9.99999e-01,9.99729e-01,8.37805e-10,9.99999e-01
4.463888621e-01,1.26565e-09,9.99999e-01,9.99999e-01,9.99720e-01,1.26600e-09,9.99999e-01
4.486208064e-01,1.89717e-09,9.99999e-01,9.99999e-01,9.99825e-01,1.89750e-09,9.99999e-01
4.508639105e-01,2.82114e-09,9.99999e-01,9.99999e-01,9.99918e-01,2.82137e-09,9.99999e-01
4.531182300e-01,4.16217e-09,9.99999e-01,9.99999e-01,9.99967e-01,4.16231e-09,9.99999e-01
4.553838212e-01,6.09346e-09,9.99999e-01,9.99999e-01,9.99977e-01,6.09359e-09,9.99999e-01
4.576607403e-01,8.85397e-09,9.99999e-01,9.99999e-01,9.99989e-01,8.85406e-09,9.99999e-01
4.599490440e-01,1.27704e-08,9.99999e-01,9.99999e-01,9.99992e-01,1.27704e-08,9.99999e-01
4.622487892e-01,1.82864e-08,9.99999e-01,9.99999e-01,9.99998e-01,1.82864e-08,9.99999e-01
4.645600332e-01,2.59997e-08,9.99999e-01,9.99999e-01,9.99994e-01,2.59998e-08,9.99999e-01
4.668828333e-01,3.67078e-08,9.99999e-01,9.99999e-01,9.99918e-01,3.67108e-08,9.99999e-01
4.692172475e-01,5.14732e-08,9.99999e-01,9.99999e-01,9.99824e-01,5.14822e-08,9.99999e-01
4.715633337e-01,7.17085e-08,9.99999e-01,9.99999e-01,9.99885e-01,7.17166e-08,9.99999e-01
4.739211504e-01,9.92411e-08,9.99999e-01,9.99999e-01,9.99889e-01,9.92520e-08,9.99999e-01
4.762907561e-01,1.36473e-07,9.99999e-01,9.99999e-01,9.99942e-01,1.36481e-07,9.99999e-01
4.786722099e-01,1.86492e-07,9.99999e-01,9.99999e-01,9.99976e-01,1.86496e-07,9.99999e-01
4.810655710e-01,2.53273e-07,9.99999e-01,9.99999e-01,9.99992e-01,2.53274e-07,9.99999e-01
4.834708988e-01,3.41868e-07,9.99999e-01,9.99999e-01,9.99933e-01,3.41890e-07,9.99999e-01
4.858882533e-01,4.58727e-07,9.99999e-01,9.99999e-01,9.99875e-01,4.58784e-07,9.99999e-01
4.883176946e-01,6.12016e-07,9.99999e-01,9.99999e-01,9.99896e-01,6.12079e-07,9.99999e-01
4.907592831e-01,8.11881e-07,9.99999e-01,9.99999e-01,9.99905e-01,8.11957e-07,9.99999e-01
4.932130795e-01,1.07104e-06,9.99999e-01,9.99999e-01,9.99932e-01,1.07111e-06,9.99999e-01
4.956791449e-01,1.40522e-06,9.99999e-01,9.99999e-01,9.99964e-01,1.40527e-06,9.99999e-01
4.981575406e-01,1.83350e-06,9.99999e-01,9.99999e-01,9.99824e-01,1.83382e-06,9.99999e-01
5.006483283e-01,2.37943e-06,9.99999e-01,9.99999e-01,9.99547e-01,2.38051e-06,9.99999e-01
5.031515699e-01,3.06720e-06,9.99999e-01,9.99999e-01,9.97694e-01,3.07429e-06,9.99999e-01
5.056673278e-01,3.94543e-06,9.99999e-01,9.99999e-01,9.98778e-01,3.95026e-06,9.99999e-01
5.081956644e-01,5.04296e-06,9.99999e-01,9.99999e-01,9.98458e-01,5.05074e-06,9.99999e-01
5.107366428e-01,6.41985e-06,9.99999e-01,9.99999e-01,9.98958e-01,6.42654e-06,9.99999e-01
5.132903260e-01,8.13342e-06,9.99999e-01,9.99999e-01,9.99403e-01,8.13827e-06,9.99999e-01
5.158567776e-01,1.02554e-05,9.99999e-01,9.99999e-01,9.99747e-01,1.02580e-05,9.99999e-01
5.184360615e-01,1.28695e-05,9.99999e-01,9.99999e-01,9.99898e-01,1.28708e-05,9.99999e-01
5.210282418e-01,1.60763e-05,9.99999e-01,9.99999e-01,9.99962e-01,1.60769e-05,9.99999e-01
5.236333830e-01,1.99907e-05,9.99999e-01,9.99999e-01,9.99849e-01,1.99937e-05,9.99999e-01
5.262515499e-01,2.47554e-05,9.99999e-01,9.99999e-01,9.99905e-01,2.47578e-05,9.99999e-01
5.288828077e-01,3.05253e-05,9.99999e-01,9.99999e-01,9.99913e-01,3.05279e-05,9.99999e-01
5.315272217e-01,3.74846e-05,9.99999e-01,9.99999e-01,9.99923e-01,3.74874e-05,9.99999e-01
5.341848578e-01,4.58449e-05,9.99999e-01,9.99999e-01,9.99950e-01,4.58471e-05,9.99999e-01
5.368557821e-01,5.58388e-05,9.99999e-01,9.99999e-01,9.99825e-01,5.58486e-05,9.99999e-01
5.395400610e-01,6.77247e-05,9.99999e-01,9.99999e-01,9.99372e-01,6.77671e-05,9.99999e-01
5.422377613e-01,8.18485e-05,9.99999e-01,9.99999e-01,9.99179e-01,8.19157e-05,9.99999e-01
5.449489501e-01,9.85732e-05,9.99999e-01,9.99999e-01,9.99241e-01,9.86479e-05,9.99999e-01
5.476736949e-01,1.18283e-04,9.99999e-01,9.99999e-01,9.99323e-01,1.18363e-04,9.99999e-01
5.504120634e-01,1.41438e-04,9.99999e-01,9.99999e-01,9.99509e-01,1.41507e-04,9.99999e-01
5.531641237e-01,1.68540e-04,9.99999e-01,9.99999e-01,9.99752e-01,1.68582e-04,9.99999e-01
5.559299443e-01,2.00119e-04,9.99999e-01,9.99999e-01,9.99880e-01,2.00143e-04,9.99999e-01
5.587095940e-01,2.36791e-04,9.99999e-01,9.99999e-01,9.99925e-01,2.36809e-04,9.99999e-01
5.615031420e-01,2.79239e-04,9.99999e-01,9.99999e-01,9.99916e-01,2.79262e-04,9.99999e-01
5.643106577e-01,3.28225e-04,9.99999e-01,9.99999e-01,9.99906e-01,3.28256e-04,9.99999e-01
5.671322110e-01,3.84183e-04,9.99999e-01,9.99999e-01,9.98876e-01,3.84615e-04,9.99999e-01
5.699678720e-01,4.48691e-04,9.99999e-01,9.99999e-01,9.98775e-01,4.49242e-04,9.99999e-01
5.728177114e-01,5.22460e-04,9.99999e-01,9.99999e-01,9.98736e-01,5.23120e-04,9.99999e-01
5.756818000e-01,6.06615e-04,9.99999e-01,9.99999e-01,9.98838e-01,6.07320e-04,9.99999e-01
5.785602090e-01,7.02283e-04,9.99999e-01,9.99999e-01,9.98985e-01,7.02996e-04,9.99999e-01
5.814530100e-01,8.10572e-04,9.99999e-01,9.99999e-01,9.98982e-01,8.11397e-04,9.99999e-01
5.843602750e-01,9.32741e-04,9.99999e-01,9.99999e-01,9.98796e-01,9.33864e-04,9.99999e-01
5.872820764e-01,1.06076e-03,9.99999e-01,9.99999e-01,9.89667e-01,1.07184e-03,9.99999e-01
5.902184868e-01,1.21136e-03,9.99999e-01,9.99999e-01,9.87379e-01,1.22685e-03,9.99999e-01
5.931695792e-01,1.38807e-03,9.99999e-01,9.99999e-01,9.91099e-01,1.40054e-03,9.99999e-01
5.961354271e-01,1.57905e-03,9.99999e-01,9.99999e-01,9.90223e-01,1.59464e-03,9.99999e-01
5.991161043e-01,1.79805e-03,9.99999e-01,9.99999e-01,9.92852e-01,1.81099e-03,9.99999e-01
6.021116848e-01,2.04319e-03,9.99999e-01,9.99999e-01,9.95933e-01,2.05154e-03,9.99999e-01
6.051222432e-01,2.31354e-03,9.99999e-01,9.99999e-01,9.97939e-01,2.31831e-03,9.99999e-01
6.081478544e-01,2.61114e-03,9.99999e-01,9.99999e-01,9.99111e-01,2.61346e-03,9.99999e-01
6.111885937e-01,2.93812e-03,9.99999e-01,9.99999e-01,9.99622e-01,2.93923e-03,9.99999e-01
6.142445367e-01,3.29738e-03,9.99999e-01,9.99999e-01,9.99831e-01,3.29793e-03,9.99999e-01
6.173157594e-01,3.69167e-03,9.99999e-01,9.99999e-01,9.99907e-01,3.69201e-03,9.99999e-01
6.204023382e-01,4.12364e-03,9.99999e-01,9.99999e-01,9.99921e-01,4.12397e-03,9.99999e-01
6.235043498e-01,4.59485e-03,9.99999e-01,9.99999e-01,9.99660e-01,4.59641e-03,9.99999e-01
6.266218716e-01,5.10271e-03,9.99999e-01,9.99999e-01,9.98180e-01,5.11201e-03,9.99999e-01
6.297549810e-01,5.66973e-03,9.99999e-01,9.99999e-01,9.99332e-01,5.67352e-03,9.99999e-01
6.329037559e-01,6.27545e-03,9.99999e-01,9.99999e-01,9.98677e-01,6.28376e-03,9.99999e-01
6.360682746e-01,6.93781e-03,9.99999e-01,9.99999e-01,9.98877e-01,6.94560e-03,9.99999e-01
6.392486160e-01,7.65083e-03,9.99999e-01,9.99999e-01,9.98543e-01,7.66199e-03,9.99999e-01
6.424448591e-01,8.41957e-03,9.99999e-01,9.99999e-01,9.98064e-01,8.43589e-03,9.99999e-01
6.456570834e-01,9.18729e-03,9.99999e-01,9.99999e-01,9.91042e-01,9.27033e-03,9.99999e-01
6.488853688e-01,1.00894e-02,9.99999e-01,9.99999e-01,9.92236e-01,1.01683e-02,9.99999e-01
6.521297956e-01,1.10579e-02,9.99999e-01,9.99999e-01,9.93250e-01,1.11330e-02,9.99999e-01
6.553904446e-01,1.20862e-02,9.99999e-01,9.99999e-01,9.93329e-01,1.21674e-02,9.99999e-01
6.586673968e-01,1.31980e-02,9.99999e-01,9.99999e-01,9.94236e-01,1.32745e-02,9.99999e-01
6.619607338e-01,1.44093e-02,9.99999e-01,9.99999e-01,9.96664e-01,1.44575e-02,9.99999e-01
6.652705375e-01,1.56890e-02,9.99999e-01,9.99999e-01,9.98063e-01,1.57194e-02,9.99999e-01
6.685968902e-01,1.70479e-02,9.99999e-01,9.99999e-01,9.99100e-01,1.70632e-02,9.99999e-01
6.719398746e-01,1.84842e-02,9.99999e-01,9.99999e-01,9.99582e-01,1.84919e-02,9.99999e-01
6.752995740e-01,2.00039e-02,9.99999e-01,9.99999e-01,9.99774e-01,2.00084e-02,9.99999e-01
6.786760719e-01,2.16087e-02,9.99999e-01,9.99999e-01,9.99676e-01,2.16157e-02,9.99999e-01
6.820694522e-01,2.33034e-02,9.99999e-01,9.99999e-01,9.99444e-01,2.33164e-02,9.99999e-01
6.854797995e-01,2.50953e-02,9.99999e-01,9.99999e-01,9.99284e-01,2.51133e-02,9.99999e-01
6.889071985e-01,2.69630e-02,9.99999e-01,9.99999e-01,9.98292e-01,2.70091e-02,9.99999e-01
6.923517345e-01,2.82004e-02,9.99999e-01,9.99999e-01,9.72217e-01,2.90062e-02,9.99999e-01
6.958134932e-01,3.06472e-02,9.99999e-01,9.99999e-01,9.85213e-01,3.11072e-02,9.99999e-01
6.992925606e-01,3.28535e-02,9.99999e-01,9.99999e-01,9.86167e-01,3.33143e-02,9.99999e-01
7.027890234e-01,3.50178e-02,9.99999e-01,9.99999e-01,9.82827e-01,3.56297e-02,9.99999e-01
7.063029686e-01,3.75055e-02,9.99999e-01,9.99999e-01,9.85548e-01,3.80555e-02,9.99999e-01
7.098344834e-01,4.00305e-02,9.99999e-01,9.99999e-01,9.86126e-01,4.05936e-02,9.99999e-01
7.133836558e-01,4.24579e-02,9.99999e-01,9.99999e-01,9.81780e-01,4.32458e-02,9.99998e-01
7.169505741e-01,3.97117e-02,9.99999e-01,9.99999e-01,8.63041e-01,4.60137e-02,9.99997e-01
7.205353270e-01,4.54357e-02,9.99999e-01,9.99999e-01,9.29178e-01,4.88989e-02,9.99997e-01
7.241380036e-01,4.73292e-02,9.99999e-01,9.99999e-01,9.11887e-01,5.19025e-02,9.99997e-01
7.277586936e-01,5.06287e-02,9.99999e-01,9.99999e-01,9.20089e-01,5.50258e-02,9.99997e-01
7.313974871e-01,5.32914e-02,9.99999e-01,9.99999e-01,9.14562e-01,5.82698e-02,9.99998e-01
7.350544745e-01,5.87011e-02,9.99999e-01,9.99999e-01,9.52395e-01,6.16352e-02,9.99998e-01
7.387297469e-01,6.28226e-02,9.99999e-01,9.99999e-01,9.64678e-01,6.51228e-02,9.99999e-01
7.424233956e-01,6.75311e-02,9.99999e-01,9.99999e-01,9.82514e-01,6.87329e-02,9.99999e-01
7.461355126e-01,7.16965e-02,9.99999e-01,9.99999e-01,9.89382e-01,7.24659e-02,9.99999e-01
7.498661902e-01,7.59427e-02,9.99999e-01,9.99999e-01,9.95031e-01,7.63218e-02,9.99999e-01
7.536155211e-01,8.01053e-02,9.99999e-01,9.99999e-01,9.97566e-01,8.03007e-02,9.99999e-01
7.573835987e-01,8.42964e-02,9.99999e-01,9.99999e-01,9.98745e-01,8.44022e-02,9.99999e-01
7.611705167e-01,8.85569e-02,9.99999e-01,9.99999e-01,9.99220e-01,8.86259e-02,9.99999e-01
7.649763693e-01,9.29260e-02,9.99999e-01,9.99999e-01,9.99512e-01,9.29714e-02,9.99999e-01
7.688012511e-01,9.74046e-02,9.99999e-01,9.99999e-01,9.99660e-01,9.74376e-02,9.99999e-01
7.726452574e-01,1.01995e-01,9.99999e-01,9.99999e-01,9.99720e-01,1.02024e-01,9.99999e-01
7.765084837e-01,1.06687e-01,9.99999e-01,9.99999e-01,9.99605e-01,1.06729e-01,9.99999e-01
7.803910261e-01,1.02162e-01,9.99999e-01,9.17267e-01,9.98301e-01,1.11552e-01,9.99999e-01
7.842929812e-01,7.46058e-02,9.99999e-01,6.43795e-01,9.94083e-01,1.16491e-01,9.99999e-01
7.882144461e-01,7.56841e-02,9.99999e-01,6.29636e-01,9.87754e-01,1.21544e-01,9.99999e-01
7.921555184e-01,9.47698e-02,9.99999e-01,7.52686e-01,9.93240e-01,1.26711e-01,9.99999e-01
7.961162960e-01,1.07521e-01,9.99999e-01,8.24086e-01,9.88195e-01,1.31988e-01,9.99999e-01
8.000968774e-01,1.22010e-01,9.99999e-01,9.00388e-01,9.86300e-01,1.37375e-01,9.99999e-01
8.040973618e-01,1.33429e-01,9.99999e-01,9.46814e-01,9.86315e-01,1.42868e-01,9.99999e-01
8.081178486e-01,1.40418e-01,9.99999e-01,9.75290e-01,9.69631e-01,1.48466e-01,9.99998e-01
8.121584379e-01,1.34601e-01,9.99999e-01,9.92247e-01,8.79711e-01,1.54166e-01,9.99997e-01
8.162192301e-01,1.37020e-01,9.99999e-01,9.98282e-01,8.57951e-01,1.59966e-01,9.99997e-01
8.203003262e-01,1.54010e-01,9.99999e-01,9.99971e-01,9.28557e-01,1.65863e-01,9.99997e-01
8.244018279e-01,1.54728e-01,9.99999e-01,9.99999e-01,9.00340e-01,1.71855e-01,9.99997e-01
8.285238370e-01,1.62418e-01,9.99999e-01,9.99999e-01,9.12774e-01,1.77939e-01,9.99997e-01
8.326664562e-01,1.67849e-01,9.99999e-01,9.99999e-01,9.11676e-01,1.84111e-01,9.99998e-01
8.368297885e-01,1.78136e-01,9.99999e-01,9.99999e-01,9.35740e-01,1.90369e-01,9.99998e-01
8.410139374e-01,1.89088e-01,9.99999e-01,9.99999e-01,9.61257e-01,1.96710e-01,9.99999e-01
8.452190071e-01,1.99226e-01,9.99999e-01,9.99999e-01,9.80782e-01,2.03130e-01,9.99999e-01
8.494451021e-01,2.07287e-01,9.99999e-01,9.99999e-01,9.88838e-01,2.09627e-01,9.99999e-01
8.536923276e-01,2.14763e-01,9.99999e-01,9.99999e-01,9.93366e-01,2.16197e-01,9.99999e-01
8.579607893e-01,2.21929e-01,9.99999e-01,9.99999e-01,9.95921e-01,2.22838e-01,9.99999e-01
8.622505932e-01,2.28948e-01,9.99999e-01,9.99999e-01,9.97401e-01,2.29545e-01,9.99999e-01
8.665618462e-01,2.06097e-01,9.99999e-01,8.73438e-01,9.98397e-01,2.36315e-01,9.99999e-01
8.708946554e-01,8.26407e-02,9.99999e-01,3.40452e-01,9.98168e-01,2.43146e-01,9.99999e-01
8.752491287e-01,1.01327e-01,9.99999e-01,4.06181e-01,9.97548e-01,2.50033e-01,9.99999e-01
8.796253743e-01,1.54134e-01,9.99999e-01,6.01682e-01,9.96616e-01,2.56974e-01,9.99999e-01
8.840235012e-01,2.01129e-01,9.99999e-01,7.64786e-01,9.96132e-01,2.63964e-01,9.99999e-01
8.884436187e-01,2.40292e-01,9.99999e-01,8.98728e-01,9.86209e-01,2.71001e-01,9.99998e-01
8.928858368e-01,2.30220e-01,9.99999e-01,9.57659e-01,8.63532e-01,2.78081e-01,9.99997e-01
8.973502660e-01,2.17583e-01,9.99999e-01,9.89486e-01,7.70539e-01,2.85200e-01,9.99996e-01
9.018370173e-01,2.55458e-01,9.99999e-01,9.98833e-01,8.74723e-01,2.92356e-01,9.99995e-01
9.063462024e-01,2.59751e-01,9.99999e-01,9.71828e-01,8.89960e-01,2.99545e-01,9.99995e-01
9.108779334e-01,2.39355e-01,9.99999e-01,9.34253e-01,8.33193e-01,3.06763e-01,9.99994e-01
9.154323231e-01,2.51137e-01,9.99999e-01,9.84023e-01,8.11963e-01,3.14007e-01,9.99994e-01
9.200094847e-01,2.28040e-01,9.99999e-01,8.18199e-01,8.49571e-01,3.21275e-01,9.99992e-01
9.246095321e-01,1.87546e-01,9.99999e-01,7.18552e-01,7.83756e-01,3.28562e-01,9.99987e-01
9.292325798e-01,5.83354e-02,9.99999e-01,7.76872e-01,2.12036e-01,3.35865e-01,9.99975e-01
9.338787427e-01,3.72741e-02,9.99999e-01,7.79769e-01,1.32413e-01,3.43182e-01,9.99967e-01
9.385481364e-01,1.31165e-01,9.99999e-01,8.31696e-01,4.38968e-01,3.50509e-01,9.99966e-01
9.432408771e-01,1.08401e-01,9.99999e-01,8.92456e-01,3.34759e-01,3.57843e-01,9.99962e-01
9.479570815e-01,7.62317e-02,9.99999e-01,9.43381e-01,2.19769e-01,3.65181e-01,9.99967e-01
9.526968669e-01,1.12297e-01,9.99999e-01,9.72271e-01,3.08448e-01,3.72520e-01,9.99975e-01
9.574603512e-01,1.22644e-01,9.99999e-01,9.88030e-01,3.26124e-01,3.79857e-01,9.99981e-01
9.622476530e-01,1.52421e-01,9.99999e-01,9.96247e-01,3.94909e-01,3.87190e-01,9.99987e-01
9.670588912e-01,2.29738e-01,9.99999e-01,9.98872e-01,5.82899e-01,3.94515e-01,9.99991e-01
9.718941857e-01,2.84539e-01,9.99999e-01,9.99918e-01,7.08156e-01,4.01830e-01,9.99994e-01
9.767536566e-01,3.07113e-01,9.99999e-01,9.99999e-01,7.50648e-01,4.09132e-01,9.99996e-01
9.816374249e-01,3.36205e-01,9.99999e-01,9.99999e-01,8.07375e-01,4.16418e-01,9.99997e-01
9.865456120e-01,3.70515e-01,9.99999e-01,9.99999e-01,8.74503e-01,4.23687e-01,9.99998e-01
9.914783401e-01,3.96607e-01,9.99999e-01,9.99999e-01,9.20340e-01,4.30935e-01,9.99999e-01
9.964357318e-01,4.18785e-01,9.99999e-01,9.99999e-01,9.55781e-01,4.38160e-01,9.99999e-01
1.001417910e+00,4.33444e-01,9.99999e-01,9.99999e-01,9.73241e-01,4.45360e-01,9.99999e-01
1.006425000e+00,4.45601e-01,9.99999e-01,9.99999e-01,9.84682e-01,4.52533e-01,9.99999e-01
1.011457125e+00,4.55284e-01,9.99999e-01,9.99999e-01,9.90444e-01,4.59676e-01,9.99999e-01
1.016514411e+00,4.63760e-01,9.99999e-01,9.99999e-01,9.93512e-01,4.66788e-01,9.99999e-01
1.021596983e+00,4.71350e-01,9.99999e-01,9.99858e-01,9.94830e-01,4.73866e-01,9.99999e-01
1.026704968e+00,4.73618e-01,9.99999e-01,9.88812e-01,9.95968e-01,4.80908e-01,9.99999e-01
1.031838492e+00,4.42917e-01,9.99999e-01,9.10315e-01,9.97063e-01,4.87913e-01,9.99999e-01
1.036997685e+00,2.62607e-02,9.99999e-01,5.31349e-02,9.98257e-01,4.94878e-01,9.99999e-01
1.042182673e+00,1.89223e-03,9.99999e-01,3.77687e-03,9.97929e-01,5.01802e-01,9.99999e-01
1.047393587e+00,4.95020e-03,9.99999e-01,9.75375e-03,9.97250e-01,5.08683e-01,9.99999e-01
1.052630555e+00,6.75949e-07,9.99999e-01,1.31433e-06,9.96232e-01,5.15521e-01,9.99999e-01
1.057893707e+00,2.49505e-06,9.99999e-01,4.79250e-06,9.93726e-01,5.22312e-01,9.99999e-01
1.063183176e+00,6.05851e-05,9.99999e-01,1.15204e-04,9.89688e-01,5.29056e-01,9.99999e-01
1.068499092e+00,5.89780e-04,9.99999e-01,1.11368e-03,9.82776e-01,5.35751e-01,9.99999e-01
1.073841587e+00,6.65795e-03,9.99999e-01,1.24558e-02,9.79921e-01,5.42396e-01,9.99999e-01
1.079210795e+00,3.42326e-02,9.99999e-01,6.36483e-02,9.74254e-01,5.48990e-01,9.99998e-01
1.084606849e+00,1.12149e-01,9.99999e-01,2.08995e-01,9.61369e-01,5.55532e-01,9.99998e-01
1.090029883e+00,2.35107e-01,9.99999e-01,4.40597e-01,9.45319e-01,5.62019e-01,9.99997e-01
1.095480033e+00,3.26519e-01,9.99999e-01,6.66346e-01,8.57817e-01,5.68453e-01,9.99995e-01
1.100957433e+00,3.22964e-01,9.99999e-01,8.21501e-01,6.79847e-01,5.74830e-01,9.99992e-01
1.106462220e+00,2.09303e-01,9.99999e-01,9.21707e-01,3.87795e-01,5.81152e-01,9.99984e-01
1.111994531e+00,8.12670e-02,9.99999e-01,9.70196e-01,1.41860e-01,5.87415e-01,9.99970e-01
1.117554504e+00,2.75544e-02,9.99999e-01,9.92612e-01,4.66267e-02,5.93621e-01,9.99958e-01
1.123142276e+00,7.20887e-02,9.99999e-01,9.99510e-01,1.20209e-01,5.99767e-01,9.99950e-01
1.128757988e+00,1.40843e-01,9.99999e-01,9.99999e-01,2.32483e-01,6.05854e-01,9.99946e-01
1.134401778e+00,6.22202e-02,9.99999e-01,9.99999e-01,1.01693e-01,6.11881e-01,9.99939e-01
1.140073787e+00,2.49547e-01,9.99999e-01,9.99999e-01,4.03916e-01,6.17847e-01,9.99951e-01
1.145774156e+00,1.04720e-01,9.99999e-01,9.99999e-01,1.67894e-01,6.23751e-01,9.99958e-01
1.151503026e+00,8.80057e-02,9.99999e-01,9.99999e-01,1.39786e-01,6.29594e-01,9.99964e-01
1.157260541e+00,1.10044e-01,9.99999e-01,9.99999e-01,1.73200e-01,6.35374e-01,9.99972e-01
1.163046844e+00,1.72871e-01,9.99999e-01,9.99999e-01,2.69655e-01,6.41092e-01,9.99982e-01
1.168862078e+00,2.53677e-01,9.99999e-01,9.99999e-01,3.92238e-01,6.46746e-01,9.99990e-01
1.174706389e+00,3.65624e-01,9.99999e-01,9.99999e-01,5.60484e-01,6.52338e-01,9.99995e-01
1.180579921e+00,4.61438e-01,9.99999e-01,9.99999e-01,7.01419e-01,6.57865e-01,9.99996e-01
1.186482820e+00,5.42261e-01,9.99999e-01,9.99984e-01,8.17495e-01,6.63330e-01,9.99997e-01
1.192415234e+00,5.72598e-01,9.99999e-01,9.62050e-01,8.88871e-01,6.68730e-01,9.99997e-01
1.198377311e+00,3.22750e-01,9.99999e-01,5.20009e-01,9.05669e-01,6.74066e-01,9.99997e-01
1.204369197e+00,8.02888e-30,9.99999e-01,1.24778e-29,9.10676e-01,6.79338e-01,9.99998e-01
1.210391043e+00,1.25862e-120,9.99999e-01,1.93267e-120,9.14249e-01,6.84546e-01,9.99998e-01
1.216442998e+00,2.17884e-104,9.99999e-01,3.31209e-104,9.26444e-01,6.89690e-01,9.99998e-01
1.222525213e+00,8.17112e-103,9.99999e-01,1.21267e-102,9.42211e-01,6.94770e-01,9.99999e-01
1.228637839e+00,2.57369e-79,9.99999e-01,3.78147e-79,9.59521e-01,6.99785e-01,9.99999e-01
1.234781029e+00,2.38279e-49,9.99999e-01,3.42617e-49,9.69756e-01,7.04737e-01,9.99999e-01
1.240954934e+00,9.53589e-33,9.99999e-01,1.35980e-32,9.80783e-01,7.09625e-01,9.99999e-01
1.247159708e+00,8.74364e-16,9.99999e-01,1.23477e-15,9.84991e-01,7.14449e-01,9.99999e-01
1.253395507e+00,9.64746e-11,9.99999e-01,1.35398e-10,9.86680e-01,7.19210e-01,9.99999e-01
1.259662485e+00,9.03625e-07,9.99999e-01,1.25966e-06,9.87467e-01,7.23908e-01,9.99999e-01
1.265960797e+00,5.98696e-04,9.99999e-01,8.31823e-04,9.79930e-01,7.28543e-01,9.99999e-01
1.272290601e+00,2.06922e-02,9.99999e-01,2.88796e-02,9.70594e-01,7.33114e-01,9.99998e-01
1.278652054e+00,2.39903e-02,9.99999e-01,3.38750e-02,9.38945e-01,7.37624e-01,9.99998e-01
1.285045314e+00,3.07843e-05,9.99999e-01,4.34902e-05,9.05915e-01,7.42071e-01,9.99997e-01
1.291470541e+00,2.68627e-14,9.99999e-01,4.00754e-14,8.19818e-01,7.46457e-01,9.99995e-01
1.297927893e+00,2.83433e-06,9.99999e-01,4.24739e-06,7.72340e-01,7.50781e-01,9.99992e-01
1.304417533e+00,1.31209e-03,9.99999e-01,2.24253e-03,7.17471e-01,7.55043e-01,9.99986e-01
1.310939621e+00,3.65206e-04,9.99999e-01,5.96700e-04,6.85081e-01,7.59246e-01,9.99977e-01
1.317494319e+00,4.13071e-41,9.99999e-01,6.77412e-41,6.62322e-01,7.63387e-01,9.99963e-01
1.324081790e+00,4.84142e-27,9.99999e-01,8.33764e-27,5.45591e-01,7.67469e-01,9.99940e-01
1.330702199e+00,2.33393e-16,9.99999e-01,6.60790e-16,1.60363e-01,7.71492e-01,9.99900e-01
1.337355710e+00,2.26052e-16,9.99999e-01,1.43518e-14,4.44206e-03,7.75456e-01,9.99808e-01
1.344042489e+00,1.76249e-17,9.99999e-01,7.65887e-15,8.91188e-05,7.79361e-01,9.99590e-01
1.350762701e+00,5.16491e-27,9.99999e-01,3.18904e-16,1.96184e-12,7.83208e-01,9.99346e-01
1.357516515e+00,3.87797e-26,9.99999e-01,6.70853e-10,3.22258e-18,7.86997e-01,9.99191e-01
1.364304097e+00,3.27951e-17,9.99999e-01,2.86614e-07,2.06889e-11,7.90729e-01,9.99133e-01
1.371125618e+00,2.77681e-10,9.99999e-01,4.64954e-04,2.33018e-07,7.94405e-01,9.99126e-01
1.377981246e+00,2.36475e-09,9.99999e-01,1.31438e-03,7.81950e-07,7.98025e-01,9.99061e-01
1.384871152e+00,2.98890e-11,9.99999e-01,2.08372e-02,9.25909e-10,8.01589e-01,9.99070e-01
1.391795508e+00,9.88388e-13,9.99999e-01,2.81231e-02,1.77480e-11,8.05098e-01,9.99204e-01
1.398754485e+00,4.55107e-10,9.99999e-01,1.05285e-01,3.91507e-09,8.08553e-01,9.99335e-01
1.405748258e+00,9.86780e-10,9.99999e-01,1.93869e-01,4.63604e-09,8.11954e-01,9.99403e-01
1.412776999e+00,2.14174e-09,9.99999e-01,3.51420e-01,5.40530e-09,8.15302e-01,9.99520e-01
1.419840884e+00,4.16357e-09,9.99999e-01,3.33758e-01,1.04793e-08,8.18597e-01,9.99642e-01
1.426940089e+00,6.03648e-07,9.99999e-01,1.22552e-02,2.38934e-06,8.21840e-01,9.99778e-01
1.434074789e+00,0.00000e+00,9.99999e-01,0.00000e+00,2.20936e-05,8.25032e-01,9.99861e-01
1.441245163e+00,0.00000e+00,9.99999e-01,0.00000e+00,1.55478e-04,8.28172e-01,9.99892e-01
1.448451389e+00,0.00000e+00,9.99999e-01,0.00000e+00,2.43392e-03,8.31262e-01,9.99910e-01
1.455693646e+00,0.00000e+00,9.99999e-01,0.00000e+00,1.62122e-02,8.34302e-01,9.99925e-01
1.462972114e+00,0.00000e+00,9.99999e-01,0.00000e+00,2.41898e-02,8.37292e-01,9.99936e-01
1.470286975e+00,4.40286e-201,9.99999e-01,7.63259e-200,1.36028e-02,8.40235e-01,9.99943e-01
1.477638409e+00,1.46190e-126,9.99999e-01,2.52556e-125,2.01505e-02,8.43129e-01,9.99951e-01
1.485026601e+00,1.44870e-70,9.99999e-01,1.82071e-69,3.62051e-02,8.45975e-01,9.99962e-01
1.492451734e+00,5.89571e-60,9.99999e-01,3.92985e-59,8.80740e-02,8.48775e-01,9.99974e-01
1.499913993e+00,9.47753e-26,9.99999e-01,2.97150e-25,1.84520e-01,8.51528e-01,9.99985e-01
1.507413563e+00,1.77671e-24,9.99999e-01,5.29247e-24,2.92145e-01,8.54236e-01,9.99992e-01
1.514950631e+00,7.36681e-26,9.99999e-01,1.43301e-25,4.58716e-01,8.56898e-01,9.99995e-01
1.522525384e+00,4.29787e-89,9.99999e-01,7.05783e-89,6.02550e-01,8.59516e-01,9.99997e-01
1.530138011e+00,1.75834e-213,9.99999e-01,2.50396e-213,6.87251e-01,8.62090e-01,9.99998e-01
1.537788701e+00,9.92569e-158,9.99999e-01,1.32337e-157,8.08836e-01,8.64621e-01,9.99998e-01
1.545477645e+00,8.87565e-33,9.99999e-01,1.12132e-32,8.73393e-01,8.67109e-01,9.99999e-01
1.553205033e+00,5.48463e-24,9.99999e-01,6.79882e-24,8.95704e-01,8.69554e-01,9.99999e-01
1.560971058e+00,3.60097e-24,9.99999e-01,4.29572e-24,9.33540e-01,8.71958e-01,9.99999e-01
1.568775913e+00,0.00000e+00,9.99999e-01,0.00000e+00,9.55823e-01,8.74321e-01,9.99999e-01
1.576619793e+00,0.00000e+00,9.99999e-01,0.00000e+00,9.65419e-01,8.76644e-01,9.99999e-01
1.584502892e+00,0.00000e+00,9.99999e-01,0.00000e+00,9.78883e-01,8.78926e-01,9.99999e-01
1.592425406e+00,0.00000e+00,9.99999e-01,0.00000e+00,9.80438e-01,8.81170e-01,9.99999e-01
1.600387533e+00,0.00000e+00,9.99999e-01,0.00000e+00,9.86484e-01,8.83374e-01,9.99999e-01
1.608389471e+00,0.00000e+00,9.99999e-01,0.00000e+00,9.86013e-01,8.85541e-01,9.99999e-01
1.616431418e+00,0.00000e+00,9.99999e-01,0.00000e+00,9.85738e-01,8.87670e-01,9.99999e-01
1.624513575e+00,0.00000e+00,9.99999e-01,0.00000e+00,9.84758e-01,8.89761e-01,9.99999e-01
1.632636143e+00,0.00000e+00,9.99999e-01,0.00000e+00,9.76190e-01,8.91816e-01,9.99999e-01
1.640799324e+00,3.59351e-185,9.99999e-01,4.08896e-185,9.68410e-01,8.93836e-01,9.99999e-01
1.649003321e+00,3.56034e-185,9.99999e-01,4.08654e-185,9.59682e-01,8.95819e-01,9.99999e-01
1.657248337e+00,6.14820e-143,9.99999e-01,7.04716e-143,9.47404e-01,8.97768e-01,9.99999e-01
1.665534579e+00,6.60588e-144,9.99999e-01,7.71337e-144,9.29146e-01,8.99683e-01,9.99999e-01
1.673862252e+00,1.67926e-91,9.99999e-01,1.93538e-91,9.03832e-01,9.01563e-01,9.99998e-01
1.682231563e+00,3.84887e-63,9.99999e-01,4.42662e-63,9.16247e-01,9.03410e-01,9.99998e-01
1.690642721e+00,8.87139e-35,9.99999e-01,1.05099e-34,8.57838e-01,9.05225e-01,9.99997e-01
1.699095934e+00,4.18832e-22,9.99999e-01,5.04118e-22,8.37106e-01,9.07007e-01,9.99997e-01
1.707591414e+00,3.43459e-11,9.99999e-01,4.12567e-11,8.27814e-01,9.08757e-01,9.99995e-01
1.716129371e+00,6.15465e-07,9.99999e-01,7.85311e-07,7.90288e-01,9.10476e-01,9.99993e-01
1.724710018e+00,2.05270e-04,9.99999e-01,2.83244e-04,7.04888e-01,9.12164e-01,9.99991e-01
1.733333568e+00,2.71171e-03,9.99999e-01,4.18245e-03,6.36089e-01,9.13822e-01,9.99986e-01
1.742000236e+00,2.07000e-02,9.99999e-01,4.15770e-02,5.00348e-01,9.15451e-01,9.99978e-01
1.750710237e+00,3.74094e-05,9.99999e-01,9.34794e-05,2.84061e-01,9.17049e-01,9.99966e-01
1.759463788e+00,7.67581e-88,9.99999e-01,2.68493e-87,9.76434e-02,9.18619e-01,9.99948e-01
1.768261107e+00,1.68598e-92,9.99999e-01,2.20779e-91,1.63563e-02,9.20161e-01,9.99916e-01
1.777102413e+00,6.22287e-91,9.99999e-01,4.32720e-89,1.23227e-03,9.21674e-01,9.99868e-01
1.785987925e+00,8.39703e-87,9.99999e-01,2.58019e-83,2.80184e-05,9.23160e-01,9.99789e-01
1.794917864e+00,7.85528e-84,9.99999e-01,1.55683e-79,1.68513e-06,9.24619e-01,9.99634e-01
1.803892454e+00,5.04930e-85,9.99999e-01,2.11296e-76,7.75549e-11,9.26052e-01,9.99447e-01
1.812911916e+00,2.36368e-85,9.99999e-01,2.11061e-73,4.64772e-14,9.27458e-01,9.99277e-01
1.821976476e+00,1.90596e-85,9.99999e-01,1.82026e-73,8.50358e-14,9.28839e-01,9.99136e-01
1.831086358e+00,6.98162e-72,9.99999e-01,7.79303e-59,2.90766e-15,9.30194e-01,9.99000e-01
1.840241790e+00,1.68776e-60,9.99999e-01,4.59841e-50,1.39679e-12,9.31525e-01,9.98895e-01
1.849442999e+00,9.39748e-45,9.99999e-01,1.01748e-34,9.36533e-12,9.32831e-01,9.98809e-01
1.858690214e+00,4.43435e-49,9.99999e-01,1.02449e-32,3.93755e-18,9.34113e-01,9.98623e-01
1.867983665e+00,7.22069e-50,9.99999e-01,3.00817e-33,7.88439e-19,9.35371e-01,9.98466e-01
1.877323583e+00,1.46116e-173,9.99999e-01,1.44775e-167,6.89411e-08,9.36606e-01,9.98541e-01
1.886710201e+00,2.99234e-225,9.99999e-01,1.84744e-220,5.72365e-07,9.37819e-01,9.98763e-01
1.896143752e+00,1.98951e-256,9.99999e-01,6.18216e-252,3.58856e-06,9.39009e-01,9.98884e-01
1.905624471e+00,5.49679e-302,9.99999e-01,2.27157e-292,2.79527e-11,9.40177e-01,9.98962e-01
1.915152593e+00,7.57809e-238,9.99999e-01,1.96906e-226,1.46697e-13,9.41323e-01,9.99031e-01
1.924728356e+00,6.71821e-284,9.99999e-01,4.39594e-271,4.90539e-15,9.42448e-01,9.99145e-01
1.934351998e+00,0.00000e+00,9.99999e-01,0.00000e+00,8.31219e-17,9.43552e-01,9.99295e-01
1.944023758e+00,0.00000e+00,9.99999e-01,0.00000e+00,1.31695e-09,9.44635e-01,9.99492e-01
1.953743877e+00,0.00000e+00,9.99999e-01,0.00000e+00,4.62722e-09,9.45699e-01,9.99667e-01
1.963512596e+00,0.00000e+00,9.99999e-01,0.00000e+00,2.11853e-06,9.46742e-01,9.99792e-01
1.973330159e+00,0.00000e+00,9.99999e-01,0.00000e+00,7.24177e-05,9.47766e-01,9.99874e-01
1.983196810e+00,0.00000e+00,9.99999e-01,0.00000e+00,6.37054e-03,9.48771e-01,9.99919e-01
1.993112794e+00,0.00000e+00,9.99999e-01,0.00000e+00,1.79996e-02,9.49757e-01,9.99947e-01
2.003078358e+00,0.00000e+00,9.99999e-01,0.00000e+00,7.40136e-02,9.50725e-01,9.99965e-01
2.013093750e+00,0.00000e+00,9.99999e-01,0.00000e+00,1.83453e-01,9.51674e-01,9.99977e-01
2.023159218e+00,0.00000e+00,9.99999e-01,0.00000e+00,3.68650e-01,9.52605e-01,9.99985e-01
2.033275015e+00,0.00000e+00,9.99999e-01,0.00000e+00,4.68486e-01,9.53520e-01,9.99990e-01
2.043441390e+00,0.00000e+00,9.99999e-01,0.00000e+00,6.22881e-01,9.54416e-01,9.99993e-01
2.053658597e+00,0.00000e+00,9.99999e-01,0.00000e+00,6.75117e-01,9.55296e-01,9.99995e-01
2.063926890e+00,0.00000e+00,9.99999e-01,0.00000e+00,7.67250e-01,9.56160e-01,9.99996e-01
2.074246524e+00,0.00000e+00,9.99999e-01,0.00000e+00,7.94829e-01,9.57007e-01,9.99997e-01
2.084617757e+00,0.00000e+00,9.99999e-01,0.00000e+00,8.60234e-01,9.57838e-01,9.99997e-01
2.095040845e+00,0.00000e+00,9.99999e-01,0.00000e+00,8.88395e-01,9.58653e-01,9.99998e-01
2.105516050e+00,0.00000e+00,9.99999e-01,0.00000e+00,9.03240e-01,9.59453e-01,9.99998e-01
2.116043630e+00,0.00000e+00,9.99999e-01,0.00000e+00,9.07162e-01,9.60238e-01,9.99998e-01
2.126623848e+00,0.00000e+00,9.99999e-01,0.00000e+00,9.42530e-01,9.61008e-01,9.99998e-01
2.137256967e+00,0.00000e+00,9.99999e-01,0.00000e+00,9.45417e-01,9.61763e-01,9.99998e-01
2.147943252e+00,0.00000e+00,9.99999e-01,0.00000e+00,9.47323e-01,9.62504e-01,9.99998e-01
2.158682968e+00,0.00000e+00,9.99999e-01,0.00000e+00,9.51809e-01,9.63231e-01,9.99998e-01
2.169476383e+00,1.82774e-180,9.99999e-01,1.97084e-180,9.48726e-01,9.63944e-01,9.99998e-01
2.180323765e+00,4.59049e-112,9.99999e-01,4.95158e-112,9.41811e-01,9.64643e-01,9.99998e-01
2.191225384e+00,3.31208e-56,9.99999e-01,3.56759e-56,9.29470e-01,9.65329e-01,9.99998e-01
2.202181511e+00,4.47411e-36,9.99999e-01,4.88932e-36,9.12476e-01,9.66002e-01,9.99997e-01
2.213192418e+00,1.82907e-18,9.99999e-01,1.98522e-18,9.12689e-01,9.66662e-01,9.99997e-01
2.224258381e+00,3.79862e-12,9.99999e-01,4.16495e-12,8.96179e-01,9.67310e-01,9.99997e-01
2.235379672e+00,1.46737e-08,9.99999e-01,1.61121e-08,9.12752e-01,9.67945e-01,9.99997e-01
2.246556571e+00,4.86926e-06,9.99999e-01,5.56904e-06,8.48177e-01,9.68568e-01,9.99996e-01
2.257789354e+00,3.11285e-04,9.99999e-01,3.57995e-04,8.82982e-01,9.69179e-01,9.99996e-01
2.269078300e+00,5.45800e-04,9.99999e-01,7.48358e-04,7.31982e-01,9.69779e-01,9.99995e-01
2.280423692e+00,9.95137e-04,9.99999e-01,1.27202e-03,7.73781e-01,9.70367e-01,9.99994e-01
2.291825810e+00,6.53183e-03,9.99999e-01,1.06340e-02,6.04680e-01,9.70944e-01,9.99992e-01
2.303284939e+00,1.73654e-02,9.99999e-01,2.72956e-02,6.38113e-01,9.71509e-01,9.99989e-01
2.314801364e+00,1.93119e-02,9.99999e-01,4.06535e-02,4.66960e-01,9.72064e-01,9.99985e-01
2.326375371e+00,5.43163e-02,9.99999e-01,1.18976e-01,4.50027e-01,9.72608e-01,9.99980e-01
2.338007248e+00,4.29987e-02,9.99999e-01,9.78263e-02,4.26624e-01,9.73142e-01,9.99973e-01
2.349697284e+00,3.33641e-02,9.99999e-01,1.33917e-01,2.30129e-01,9.73665e-01,9.99964e-01
2.361445770e+00,5.78329e-02,9.99999e-01,1.98626e-01,2.88545e-01,9.74179e-01,9.99950e-01
2.373252999e+00,5.02612e-02,9.99999e-01,2.33696e-01,1.96153e-01,9.74682e-01,9.99931e-01
2.385119264e+00,3.44365e-02,9.99999e-01,5.29737e-01,5.93211e-02,9.75176e-01,9.99906e-01
2.397044861e+00,1.31197e-01,9.99999e-01,7.67892e-01,1.71667e-01,9.75660e-01,9.99857e-01
2.409030085e+00,2.54748e-02,9.99999e-01,6.32020e-01,3.93192e-02,9.76135e-01,9.99791e-01
2.421075235e+00,3.04530e-02,9.99999e-01,4.68654e-01,5.38381e-02,9.76601e-01,9.99715e-01
2.433180612e+00,1.03213e-03,9.99999e-01,2.43273e-02,1.81466e-02,9.77058e-01,9.99614e-01
2.445346515e+00,6.05887e-04,9.99999e-01,1.59282e-01,2.32588e-03,9.77506e-01,9.99483e-01
2.457573247e+00,7.33603e-07,9.99999e-01,5.41864e-04,2.94743e-04,9.77945e-01,9.99304e-01
2.469861113e+00,6.23088e-27,9.99999e-01,1.94578e-22,1.82231e-06,9.78376e-01,9.99059e-01
2.482210419e+00,9.61318e-89,9.99999e-01,4.65201e-79,6.42107e-12,9.78799e-01,9.98677e-01
2.494621471e+00,2.46671e-183,9.99999e-01,2.02237e-166,3.89302e-19,9.79213e-01,9.98124e-01
2.507094578e+00,1.77993e-189,9.99999e-01,3.82014e-161,1.52140e-30,9.79619e-01,9.97263e-01
2.519630051e+00,9.87988e-268,9.99999e-01,3.96364e-214,7.66146e-56,9.80018e-01,9.96003e-01
2.532228202e+00,0.00000e+00,9.99999e-01,1.05074e-274,3.99656e-75,9.80409e-01,9.94653e-01
2.544889343e+00,0.00000e+00,9.99999e-01,4.66372e-285,2.60866e-102,9.80792e-01,9.93169e-01
2.557613789e+00,0.00000e+00,9.99999e-01,0.00000e+00,3.08826e-100,9.81168e-01,9.91963e-01
2.570401858e+00,0.00000e+00,9.99999e-01,0.00000e+00,5.24369e-167,9.81536e-01,9.91307e-01
2.583253867e+00,0.00000e+00,9.99999e-01,0.00000e+00,2.69093e-141,9.81898e-01,9.90499e-01
2.596170137e+00,0.00000e+00,9.99999e-01,0.00000e+00,7.34088e-120,9.82252e-01,9.90352e-01
2.609150988e+00,0.00000e+00,9.99999e-01,0.00000e+00,5.24858e-84,9.82599e-01,9.89703e-01
2.622196742e+00,0.00000e+00,9.99999e-01,0.00000e+00,1.47387e-70,9.82940e-01,9.89421e-01
2.635307726e+00,0.00000e+00,9.99999e-01,0.00000e+00,7.74889e-32,9.83274e-01,9.88945e-01
2.648484265e+00,0.00000e+00,9.99999e-01,0.00000e+00,1.97873e-38,9.83602e-01,9.87382e-01
2.661726686e+00,0.00000e+00,9.99999e-01,0.00000e+00,5.47773e-68,9.83923e-01,9.85955e-01
2.675035320e+00,0.00000e+00,9.99999e-01,0.00000e+00,8.41938e-251,9.84238e-01,9.86662e-01
2.688410496e+00,0.00000e+00,9.99999e-01,0.00000e+00,3.44153e-121,9.84547e-01,9.87416e-01
2.701852549e+00,0.00000e+00,9.99999e-01,0.00000e+00,8.60536e-106,9.84850e-01,9.88591e-01
2.715361811e+00,0.00000e+00,9.99999e-01,0.00000e+00,7.27439e-105,9.85147e-01,9.89395e-01
2.728938620e+00,0.00000e+00,9.99999e-01,0.00000e+00,1.06072e-74,9.85438e-01,9.90598e-01
2.742583314e+00,0.00000e+00,9.99999e-01,0.00000e+00,7.34164e-80,9.85724e-01,9.90945e-01
2.756296230e+00,0.00000e+00,9.99999e-01,0.00000e+00,1.35363e-82,9.86004e-01,9.91305e-01
2.770077711e+00,0.00000e+00,9.99999e-01,0.00000e+00,9.44281e-114,9.86278e-01,9.92524e-01
2.783928100e+00,0.00000e+00,9.99999e-01,0.00000e+00,1.36087e-113,9.86548e-01,9.93155e-01
2.797847740e+00,0.00000e+00,9.99999e-01,0.00000e+00,3.16746e-86,9.86811e-01,9.94123e-01
2.811836979e+00,0.00000e+00,9.99999e-01,0.00000e+00,4.47605e-92,9.87070e-01,9.95318e-01
2.825896164e+00,0.00000e+00,9.99999e-01,0.00000e+00,1.41718e-79,9.87324e-01,9.96387e-01
2.840025645e+00,0.00000e+00,9.99999e-01,0.00000e+00,1.51667e-60,9.87573e-01,9.97136e-01
2.854225773e+00,0.00000e+00,9.99999e-01,0.00000e+00,7.98208e-53,9.87817e-01,9.97736e-01
2.868496902e+00,0.00000e+00,9.99999e-01,0.00000e+00,8.08169e-50,9.88056e-01,9.98371e-01
2.882839386e+00,0.00000e+00,9.99999e-01,0.00000e+00,1.01776e-39,9.88290e-01,9.98805e-01
2.897253583e+00,0.00000e+00,9.99999e-01,0.00000e+00,7.32232e-34,9.88520e-01,9.99037e-01
2.911739851e+00,0.00000e+00,9.99999e-01,0.00000e+00,6.85195e-23,9.88746e-01,9.99233e-01
2.926298550e+00,0.00000e+00,9.99999e-01,0.00000e+00,3.62565e-16,9.88967e-01,9.99421e-01
2.940930043e+00,0.00000e+00,9.99999e-01,0.00000e+00,8.70108e-16,9.89184e-01,9.99537e-01
2.955634693e+00,0.00000e+00,9.99999e-01,0.00000e+00,8.53505e-16,9.89396e-01,9.99616e-01
2.970412867e+00,0.00000e+00,9.99999e-01,0.00000e+00,7.45014e-14,9.89604e-01,9.99699e-01
2.985264931e+00,0.00000e+00,9.99999e-01,0.00000e+00,7.16934e-11,9.89809e-01,9.99757e-01
3.000191256e+00,0.00000e+00,9.99999e-01,0.00000e+00,8.36464e-09,9.90009e-01,9.99791e-01
3.015192212e+00,0.00000e+00,9.99999e-01,0.00000e+00,4.11052e-08,9.90205e-01,9.99833e-01
3.030268173e+00,0.00000e+00,9.99999e-01,0.00000e+00,5.67036e-07,9.90398e-01,9.99856e-01
3.045419514e+00,0.00000e+00,9.99999e-01,0.00000e+00,5.45660e-08,9.90587e-01,9.99870e-01
3.060646612e+00,1.70192e-197,9.99999e-01,1.53919e-193,2.17969e-05,9.90772e-01,9.99884e-01
3.075949845e+00,7.59879e-159,9.99999e-01,2.20966e-153,3.31026e-05,9.90953e-01,2.15074e-02
3.091329594e+00,1.91990e-152,9.99999e-01,2.40948e-145,4.32624e-05,9.91131e-01,1.20420e-04
3.106786242e+00,3.24910e-158,9.99999e-01,3.05469e-144,1.77616e-04,9.91305e-01,1.49551e-11
3.122320173e+00,2.57556e-132,9.99999e-01,8.90170e-100,6.48216e-04,9.91476e-01,9.69854e-31
3.137931774e+00,1.26097e-115,9.99999e-01,1.52222e-98,7.87553e-04,9.91644e-01,3.16173e-15
3.153621433e+00,3.22478e-106,9.99999e-01,2.79776e-101,9.42816e-03,9.91808e-01,2.16974e-04
3.169389540e+00,2.10395e-152,9.99999e-01,2.51536e-136,1.50935e-02,9.91970e-01,1.57428e-15
3.185236488e+00,4.26199e-135,9.99999e-01,2.88476e-109,7.16968e-03,9.92127e-01,5.56953e-25
3.201162670e+00,4.91210e-133,9.99999e-01,4.05037e-87,5.87971e-05,9.92282e-01,2.19788e-43
3.217168483e+00,1.55383e-148,9.99999e-01,3.56474e-84,5.78306e-04,9.92434e-01,2.28515e-62
3.233254326e+00,1.92505e-165,9.99999e-01,1.84186e-70,7.11063e-03,9.92583e-01,4.72434e-94
3.249420598e+00,2.64808e-194,9.99999e-01,8.86332e-40,3.81455e-02,9.92729e-01,3.47766e-154
3.265667701e+00,2.46549e-283,9.99999e-01,1.37709e-34,6.43260e-03,9.92872e-01,5.17685e-248
3.281996039e+00,0.00000e+00,9.99999e-01,1.82398e-25,1.64587e-02,9.93012e-01,0.00000e+00
3.298406019e+00,0.00000e+00,9.99999e-01,3.16890e-22,1.86729e-03,9.93150e-01,0.00000e+00
3.314898049e+00,0.00000e+00,9.99999e-01,1.02547e-21,1.39733e-03,9.93285e-01,0.00000e+00
3.331472540e+00,0.00000e+00,9.99999e-01,1.42108e-20,4.27152e-03,9.93417e-01,0.00000e+00
3.348129902e+00,0.00000e+00,9.99999e-01,3.22339e-16,2.78253e-03,9.93547e-01,0.00000e+00
3.364870552e+00,0.00000e+00,9.99999e-01,1.12897e-15,8.18260e-03,9.93674e-01,8.96581e-320
3.381694905e+00,1.72576e-210,9.99999e-01,5.16708e-13,1.62178e-02,9.93798e-01,4.65107e-197
3.398603379e+00,1.04595e-128,9.99999e-01,3.01658e-10,4.24785e-02,9.93920e-01,5.47011e-118
3.415596396e+00,1.16949e-78,9.99999e-01,8.99357e-10,9.99786e-02,9.94040e-01,9.81335e-69
3.432674378e+00,4.76545e-53,9.99999e-01,2.91009e-11,1.11673e-01,9.94157e-01,9.00963e-42
3.449837750e+00,1.38679e-33,9.99999e-01,1.34270e-14,2.19280e-01,9.94272e-01,3.05006e-19
3.467086939e+00,1.17796e-30,9.99999e-01,5.67006e-27,3.50110e-01,9.94385e-01,4.66158e-04
3.484422373e+00,3.96315e-37,9.99999e-01,2.39133e-36,3.69862e-01,9.94496e-01,3.09549e-01
3.501844485e+00,1.26487e-54,9.99999e-01,4.71897e-53,5.63536e-01,9.94604e-01,4.10790e-02
3.519353708e+00,4.26363e-64,9.99999e-01,5.81421e-64,6.18898e-01,9.94710e-01,9.98151e-01
3.536950476e+00,1.22338e-80,9.99999e-01,1.70541e-80,6.49111e-01,9.94815e-01,9.94674e-01
3.554635228e+00,3.33121e-78,9.99999e-01,4.16898e-78,7.64669e-01,9.94917e-01,9.88046e-01
3.572408405e+00,2.43661e-64,9.99999e-01,2.97262e-64,7.71845e-01,9.95017e-01,9.79716e-01
3.590270447e+00,4.11618e-60,9.99999e-01,4.70838e-60,8.35053e-01,9.95115e-01,9.88261e-01
3.608221799e+00,2.59515e-42,9.99999e-01,2.90298e-42,8.69281e-01,9.95211e-01,9.94057e-01
3.626262908e+00,1.09396e-23,9.99999e-01,1.16907e-23,8.87040e-01,9.95306e-01,9.98781e-01
3.644394222e+00,9.61330e-19,9.99999e-01,1.02599e-18,9.31013e-01,9.95398e-01,9.99518e-01
3.662616193e+00,7.62726e-09,9.99999e-01,8.22924e-09,8.89290e-01,9.95489e-01,9.97383e-01
3.680929274e+00,9.47017e-05,9.99999e-01,1.09817e-04,8.24566e-01,9.95578e-01,9.86765e-01
3.699333921e+00,7.60544e-03,9.99999e-01,8.53554e-03,9.13599e-01,9.95665e-01,9.70597e-01
3.717830590e+00,3.13832e-03,9.99999e-01,3.54143e-03,9.32191e-01,9.95750e-01,9.41869e-01
3.736419743e+00,8.51493e-06,9.99999e-01,9.96814e-06,9.20928e-01,9.95834e-01,9.11409e-01
3.755101842e+00,2.46043e-20,9.99999e-01,2.85074e-20,9.15552e-01,9.95916e-01,9.20570e-01
3.773877351e+00,5.87345e-48,9.99999e-01,6.53768e-48,9.29871e-01,9.95997e-01,9.53575e-01
3.792746738e+00,2.28598e-123,9.99999e-01,2.47861e-123,9.15728e-01,9.96076e-01,9.81329e-01
3.811710472e+00,6.35913e-80,9.99999e-01,6.82446e-80,8.97782e-01,9.96153e-01,9.91592e-01
3.830769024e+00,7.85480e-80,9.99999e-01,8.48705e-80,8.90178e-01,9.96229e-01,9.96764e-01
3.849922869e+00,2.32859e-110,9.99999e-01,2.56253e-110,8.45634e-01,9.96303e-01,9.99209e-01
3.869172484e+00,5.43690e-68,9.99999e-01,6.06861e-68,8.20880e-01,9.96376e-01,9.93006e-01
3.888518346e+00,2.23514e-28,9.99999e-01,2.48025e-28,8.95361e-01,9.96447e-01,9.83176e-01
3.907960938e+00,1.59779e-22,9.99999e-01,1.81638e-22,8.84325e-01,9.96517e-01,9.70865e-01
3.927500742e+00,7.61325e-23,9.99999e-01,9.34215e-23,4.95075e-01,9.96586e-01,9.64606e-01
3.947138246e+00,1.62672e-33,9.99999e-01,2.37913e-33,6.20883e-01,9.96653e-01,9.80250e-01
3.966873937e+00,2.93084e-51,9.99999e-01,3.75437e-51,3.27645e-01,9.96719e-01,9.95752e-01
3.986708307e+00,1.98802e-80,9.99999e-01,2.24404e-80,8.07631e-01,9.96784e-01,9.99994e-01
4.006641849e+00,1.01811e-147,9.99999e-01,1.07098e-147,9.25896e-01,9.96847e-01,9.99994e-01
4.026675058e+00,0.00000e+00,9.99999e-01,0.00000e+00,9.14736e-01,9.96910e-01,9.99994e-01
4.046808433e+00,0.00000e+00,9.99999e-01,0.00000e+00,8.98440e-01,9.96970e-01,9.99994e-01
4.067042475e+00,0.00000e+00,9.99999e-01,0.00000e+00,8.83517e-01,9.97030e-01,9.99994e-01
4.087377688e+00,0.00000e+00,9.99999e-01,0.00000e+00,8.75892e-01,9.97089e-01,9.99994e-01
4.107814576e+00,0.00000e+00,9.99999e-01,0.00000e+00,8.31878e-01,9.97146e-01,9.99993e-01
4.128353649e+00,0.00000e+00,9.99999e-01,0.00000e+00,7.49142e-01,9.97202e-01,9.99993e-01
4.148995417e+00,0.00000e+00,9.99999e-01,0.00000e+00,6.99997e-01,9.97258e-01,9.99993e-01
4.169740394e+00,0.00000e+00,9.99999e-01,0.00000e+00,5.66075e-01,9.97312e-01,9.99993e-01
4.190589096e+00,0.00000e+00,9.99999e-01,0.00000e+00,4.99665e-01,9.97365e-01,9.99992e-01
4.211542042e+00,0.00000e+00,9.99999e-01,0.00000e+00,3.37831e-01,9.97417e-01,9.99992e-01
4.232599752e+00,0.00000e+00,9.99999e-01,0.00000e+00,3.02184e-01,9.97468e-01,9.99992e-01
4.253762751e+00,0.00000e+00,9.99999e-01,0.00000e+00,2.18301e-01,9.97518e-01,9.99991e-01
4.275031564e+00,0.00000e+00,9.99999e-01,0.00000e+00,1.22469e-01,9.97566e-01,9.99991e-01
4.296406722e+00,0.00000e+00,9.99999e-01,0.00000e+00,6.68233e-02,9.97614e-01,9.99990e-01
4.317888756e+00,0.00000e+00,9.99999e-01,0.00000e+00,9.02033e-02,9.97662e-01,9.99989e-01
4.339478200e+00,0.00000e+00,9.99999e-01,0.00000e+00,4.90194e-02,9.97708e-01,9.99988e-01
4.361175591e+00,0.00000e+00,9.99999e-01,0.00000e+00,3.28300e-02,9.97753e-01,9.99988e-01
4.382981469e+00,0.00000e+00,9.99999e-01,0.00000e+00,3.34053e-02,9.97797e-01,9.99987e-01
4.404896376e+00,0.00000e+00,9.99999e-01,0.00000e+00,2.98479e-02,9.97841e-01,9.99985e-01
4.426920858e+00,0.00000e+00,9.99999e-01,0.00000e+00,1.25152e-02,9.97883e-01,9.99984e-01
4.449055462e+00,0.00000e+00,9.99999e-01,0.00000e+00,2.85189e-02,9.97925e-01,9.99983e-01
4.471300739e+00,0.00000e+00,9.99999e-01,0.00000e+00,1.14175e-02,9.97966e-01,9.99981e-01
4.493657243e+00,0.00000e+00,9.99999e-01,0.00000e+00,2.63567e-02,9.98006e-01,9.99979e-01
4.516125529e+00,0.00000e+00,9.99999e-01,0.00000e+00,6.53568e-03,9.98045e-01,9.99977e-01
4.538706157e+00,0.00000e+00,9.99999e-01,0.00000e+00,2.13692e-02,9.98084e-01,9.99974e-01
4.561399688e+00,0.00000e+00,9.99999e-01,0.00000e+00,2.09121e-02,9.98122e-01,9.99971e-01
4.584206686e+00,0.00000e+00,9.99999e-01,0.00000e+00,3.31130e-02,9.98159e-01,9.99968e-01
4.607127720e+00,0.00000e+00,9.99999e-01,0.00000e+00,1.66203e-02,9.98195e-01,9.99963e-01
4.630163358e+00,0.00000e+00,9.99999e-01,0.00000e+00,1.10818e-03,9.98231e-01,9.99958e-01
4.653314175e+00,0.00000e+00,9.99999e-01,0.00000e+00,7.39537e-04,9.98266e-01,9.99952e-01
4.676580746e+00,0.00000e+00,9.99999e-01,0.00000e+00,8.41112e-05,9.98300e-01,9.99944e-01
4.699963650e+00,0.00000e+00,9.99999e-01,0.00000e+00,4.64413e-04,9.98333e-01,9.99935e-01
4.723463468e+00,0.00000e+00,9.99999e-01,0.00000e+00,4.08194e-05,9.98366e-01,9.99923e-01
4.747080785e+00,0.00000e+00,9.99999e-01,0.00000e+00,1.11703e-03,9.98398e-01,9.99910e-01
4.770816189e+00,0.00000e+00,9.99999e-01,0.00000e+00,1.03244e-04,9.98430e-01,9.99893e-01
4.794670270e+00,0.00000e+00,9.99999e-01,0.00000e+00,1.99904e-06,9.98461e-01,9.99873e-01
4.818643622e+00,0.00000e+00,9.99999e-01,0.00000e+00,1.40389e-06,9.98491e-01,9.99849e-01
4.842736840e+00,0.00000e+00,9.99999e-01,0.00000e+00,4.64845e-08,9.98521e-01,9.99822e-01
4.866950524e+00,0.00000e+00,9.99999e-01,0.00000e+00,1.11334e-05,9.98550e-01,9.99789e-01
4.891285276e+00,0.00000e+00,9.99999e-01,0.00000e+00,1.14553e-07,9.98579e-01,9.99747e-01
4.915741703e+00,0.00000e+00,9.99999e-01,0.00000e+00,4.66967e-07,9.98607e-01,9.99705e-01
4.940320411e+00,0.00000e+00,9.99999e-01,0.00000e+00,4.38115e-08,9.98634e-01,9.99648e-01
4.965022013e+00,0.00000e+00,9.99999e-01,0.00000e+00,1.04962e-10,9.98661e-01,9.99591e-01
4.989847123e+00,0.00000e+00,9.99999e-01,0.00000e+00,3.18967e-09,9.98688e-01,9.99539e-01
5.014796359e+00,0.00000e+00,9.99999e-01,0.00000e+00,2.46943e-11,9.98714e-01,9.99467e-01
5.039870341e+00,0.00000e+00,9.99999e-01,0.00000e+00,4.37127e-11,9.98739e-01,9.99381e-01
5.065069693e+00,0.00000e+00,9.99999e-01,0.00000e+00,6.37825e-11,9.98764e-01,9.99261e-01
5.090395041e+00,0.00000e+00,9.99999e-01,0.00000e+00,9.02067e-16,9.98788e-01,9.99147e-01
5.115847016e+00,0.00000e+00,9.99999e-01,0.00000e+00,2.97268e-16,9.98812e-01,9.99008e-01
5.141426251e+00,0.00000e+00,9.99999e-01,0.00000e+00,6.23015e-21,9.98836e-01,9.98855e-01
5.167133383e+00,0.00000e+00,9.99999e-01,0.00000e+00,6.29806e-24,9.98859e-01,9.98701e-01
5.192969049e+00,0.00000e+00,9.99999e-01,0.00000e+00,8.47022e-24,9.98881e-01,9.98526e-01
5.218933895e+00,0.00000e+00,9.99999e-01,0.00000e+00,1.61784e-37,9.98903e-01,9.98361e-01
5.245028564e+00,0.00000e+00,9.99999e-01,0.00000e+00,1.68718e-28,9.98925e-01,9.98199e-01
5.271253707e+00,0.00000e+00,9.99999e-01,0.00000e+00,1.12260e-29,9.98946e-01,9.97978e-01
5.297609976e+00,0.00000e+00,9.99999e-01,0.00000e+00,7.88753e-36,9.98967e-01,9.97760e-01
5.324098025e+00,0.00000e+00,9.99999e-01,0.00000e+00,3.33888e-36,9.98987e-01,9.97563e-01
5.350718516e+00,0.00000e+00,9.99999e-01,0.00000e+00,2.48713e-44,9.99007e-01,9.97208e-01
5.377472108e+00,0.00000e+00,9.99999e-01,0.00000e+00,3.48684e-46,9.99027e-01,9.97031e-01
5.404359469e+00,0.00000e+00,9.99999e-01,0.00000e+00,4.06677e-46,9.99046e-01,9.96633e-01
5.431381266e+00,0.00000e+00,9.99999e-01,0.00000e+00,2.34080e-85,9.99065e-01,9.96376e-01
5.458538172e+00,0.00000e+00,9.99999e-01,0.00000e+00,2.23767e-85,9.99083e-01,9.95990e-01
5.485830863e+00,0.00000e+00,9.99999e-01,0.00000e+00,1.49434e-91,9.99101e-01,9.95526e-01
5.513260018e+00,0.00000e+00,9.99999e-01,0.00000e+00,1.07358e-96,9.99119e-01,9.95072e-01
5.540826318e+00,0.00000e+00,9.99999e-01,4.85226e-266,2.94979e-101,9.99136e-01,9.94520e-01
5.568530449e+00,0.00000e+00,9.99999e-01,8.50565e-201,8.79272e-159,9.99153e-01,9.37958e-01
5.596373101e+00,2.36229e-297,9.99999e-01,5.39978e-148,1.44168e-151,9.99170e-01,9.11172e-01
5.624354967e+00,1.57810e-265,9.99999e-01,1.21036e-130,6.07294e-137,9.99186e-01,8.83807e-01
5.652476742e+00,1.33400e-257,9.99999e-01,1.54274e-110,3.05330e-149,9.99202e-01,8.50972e-01
5.680739126e+00,9.48218e-270,9.99999e-01,1.44672e-99,2.75696e-172,9.99218e-01,8.09312e-01
5.709142821e+00,5.23143e-281,9.99999e-01,9.36767e-95,7.95384e-188,9.99234e-01,7.54325e-01
5.737688535e+00,4.81026e-278,9.99999e-01,1.59801e-97,3.22480e-182,9.99249e-01,6.86318e-01
5.766376978e+00,3.50497e-221,9.99999e-01,5.34880e-85,3.22428e-138,9.99264e-01,6.10192e-01
5.795208863e+00,4.24963e-186,9.99999e-01,1.07739e-61,2.99531e-126,9.99278e-01,5.21838e-01
5.824184907e+00,4.96353e-197,9.99999e-01,7.34513e-45,1.37697e-153,9.99292e-01,4.25013e-01
5.853305832e+00,3.77313e-195,9.99999e-01,2.32067e-45,3.00959e-151,9.99306e-01,3.23680e-01
5.882572361e+00,4.92206e-237,9.99999e-01,1.06283e-52,6.14578e-186,9.99320e-01,2.26335e-01
5.911985223e+00,3.00247e-223,9.99999e-01,9.70798e-46,9.53367e-179,9.99333e-01,1.40719e-01
5.941545149e+00,3.00358e-206,9.99999e-01,1.46602e-23,8.16533e-184,9.99346e-01,7.53749e-02
5.971252874e+00,1.09739e-172,9.99999e-01,1.03669e-14,1.74424e-158,9.99359e-01,3.28767e-02
6.001109139e+00,8.11709e-120,9.99999e-01,4.02438e-12,8.56523e-107,9.99372e-01,1.10509e-02
6.031114685e+00,2.58920e-131,9.99999e-01,3.65259e-13,2.13417e-117,9.99384e-01,2.87353e-03
6.061270258e+00,6.09875e-135,9.99999e-01,3.73463e-17,1.01016e-116,9.99397e-01,4.98390e-04
6.091576609e+00,3.84895e-126,9.99999e-01,1.14606e-24,4.57335e-99,9.99408e-01,4.30711e-05
6.122034492e+00,1.11096e-97,9.99999e-01,8.22250e-32,2.40110e-62,9.99420e-01,1.72780e-06
6.152644665e+00,1.16202e-112,9.99999e-01,5.66112e-44,2.34726e-63,9.99431e-01,3.24547e-08
6.183407888e+00,2.28855e-100,9.99999e-01,8.18535e-51,4.56940e-42,9.99443e-01,1.85663e-10
6.214324928e+00,6.50350e-94,9.99999e-01,1.36072e-54,1.56409e-28,9.99454e-01,2.28355e-13
6.245396552e+00,1.39886e-75,9.99999e-01,5.15180e-41,8.07169e-20,9.99464e-01,3.86612e-17
6.276623535e+00,3.03546e-78,9.99999e-01,5.58209e-38,2.40619e-20,9.99475e-01,5.17141e-22
6.308006653e+00,7.89377e-85,9.99999e-01,4.23353e-39,3.50591e-20,9.99485e-01,2.75740e-28
6.339546686e+00,2.14493e-129,9.99999e-01,9.22259e-53,2.66984e-43,9.99496e-01,2.65346e-36
6.371244419e+00,7.41849e-197,9.99999e-01,5.61047e-60,3.88756e-94,9.99505e-01,1.02113e-45
6.403100641e+00,3.36608e-231,9.99999e-01,1.47608e-43,3.09617e-133,9.99515e-01,2.29350e-57
6.435116145e+00,0.00000e+00,9.99999e-01,1.22542e-19,2.31062e-294,9.99525e-01,1.42206e-72
6.467291725e+00,0.00000e+00,9.99999e-01,2.70544e-10,4.28833e-296,9.99534e-01,9.11046e-99
6.499628184e+00,0.00000e+00,9.99999e-01,4.16445e-05,0.00000e+00,9.99543e-01,2.71009e-125
6.532126325e+00,0.00000e+00,9.99999e-01,1.90058e-03,1.12287e-298,9.99552e-01,4.67770e-155
6.564786956e+00,0.00000e+00,9.99999e-01,1.10615e-02,0.00000e+00,9.99561e-01,1.05506e-198
6.597610891e+00,0.00000e+00,9.99999e-01,2.43436e-02,0.00000e+00,9.99570e-01,8.70733e-243
6.630598946e+00,0.00000e+00,9.99999e-01,3.90018e-02,4.40126e-318,9.99578e-01,3.70487e-305
6.663751940e+00,0.00000e+00,9.99999e-01,3.91524e-02,4.55349e-296,9.99587e-01,0.00000e+00
6.697070700e+00,0.00000e+00,9.99999e-01,1.68555e-02,8.43052e-234,9.99595e-01,0.00000e+00
6.730556054e+00,0.00000e+00,9.99999e-01,3.42510e-03,1.00508e-159,9.99603e-01,0.00000e+00
6.764208834e+00,0.00000e+00,9.99999e-01,2.22872e-04,9.94954e-160,9.99611e-01,0.00000e+00
6.798029878e+00,0.00000e+00,9.99999e-01,3.18770e-06,3.04398e-196,9.99618e-01,0.00000e+00
6.832020027e+00,0.00000e+00,9.99999e-01,8.48320e-09,3.03053e-196,9.99626e-01,0.00000e+00
6.866180128e+00,0.00000e+00,9.99999e-01,1.62176e-13,8.50876e-226,9.99633e-01,0.00000e+00
6.900511028e+00,0.00000e+00,9.99999e-01,4.61663e-19,1.18432e-128,9.99640e-01,0.00000e+00
6.935013583e+00,0.00000e+00,9.99999e-01,3.13851e-32,1.27850e-128,9.99647e-01,0.00000e+00
6.969688651e+00,0.00000e+00,9.99999e-01,8.43688e-46,6.03324e-162,9.99654e-01,0.00000e+00
7.004537095e+00,0.00000e+00,9.99999e-01,5.52341e-73,5.81550e-160,9.99661e-01,0.00000e+00
7.039559780e+00,0.00000e+00,9.99999e-01,2.31139e-94,1.99541e-173,9.99668e-01,0.00000e+00
7.074757579e+00,0.00000e+00,9.99999e-01,3.19053e-130,4.08146e-136,9.99674e-01,0.00000e+00
7.110131367e+00,0.00000e+00,9.99999e-01,8.77158e-152,5.67848e-135,9.99681e-01,0.00000e+00
7.145682024e+00,0.00000e+00,9.99999e-01,1.31586e-181,2.69331e-151,9.99687e-01,0.00000e+00
7.181410434e+00,0.00000e+00,9.99999e-01,3.43587e-198,7.75171e-193,9.99693e-01,0.00000e+00
7.217317486e+00,0.00000e+00,9.99999e-01,3.13312e-208,4.44301e-142,9.99699e-01,0.00000e+00
7.253404073e+00,0.00000e+00,9.99999e-01,2.13164e-205,4.17136e-142,9.99705e-01,0.00000e+00
7.289671094e+00,0.00000e+00,9.99999e-01,1.10405e-162,2.51096e-124,9.99711e-01,0.00000e+00
7.326119449e+00,0.00000e+00,9.99999e-01,1.00666e-153,5.40214e-124,9.99717e-01,0.00000e+00
7.362750046e+00,0.00000e+00,9.99999e-01,4.75695e-167,3.34619e-90,9.99722e-01,0.00000e+00
7.399563797e+00,0.00000e+00,9.99999e-01,9.37598e-166,5.45064e-74,9.99728e-01,0.00000e+00
7.436561616e+00,0.00000e+00,9.99999e-01,6.45489e-138,2.57574e-80,9.99733e-01,0.00000e+00
7.473744424e+00,0.00000e+00,9.99999e-01,1.82197e-90,1.29674e-75,9.99738e-01,0.00000e+00
7.511113146e+00,0.00000e+00,9.99999e-01,2.64941e-63,1.33998e-65,9.99743e-01,0.00000e+00
7.548668712e+00,0.00000e+00,9.99999e-01,2.81088e-38,2.13287e-68,9.99749e-01,0.00000e+00
7.586412055e+00,0.00000e+00,9.99999e-01,2.47869e-32,8.41464e-124,9.99753e-01,0.00000e+00
7.624344115e+00,0.00000e+00,9.99999e-01,9.26390e-32,1.46447e-60,9.99758e-01,0.00000e+00
7.662465836e+00,0.00000e+00,9.99999e-01,4.28498e-36,1.86336e-37,9.99763e-01,0.00000e+00
7.700778165e+00,0.00000e+00,9.99999e-01,2.33426e-48,9.50489e-38,9.99768e-01,0.00000e+00
7.739282056e+00,0.00000e+00,9.99999e-01,1.66393e-80,5.31348e-62,9.99772e-01,0.00000e+00
7.777978466e+00,0.00000e+00,9.99999e-01,5.71605e-108,1.61175e-42,9.99777e-01,0.00000e+00
7.816868359e+00,0.00000e+00,9.99999e-01,3.68470e-146,6.97815e-35,9.99781e-01,0.00000e+00
7.855952700e+00,0.00000e+00,9.99999e-01,1.71283e-149,2.76383e-35,9.99785e-01,0.00000e+00
7.895232464e+00,0.00000e+00,9.99999e-01,1.49381e-125,4.89899e-35,9.99790e-01,0.00000e+00
7.934708626e+00,0.00000e+00,9.99999e-01,5.15127e-116,3.02537e-21,9.99794e-01,0.00000e+00
7.974382169e+00,0.00000e+00,9.99999e-01,2.97741e-127,3.62403e-16,9.99798e-01,0.00000e+00
8.014254080e+00,0.00000e+00,9.99999e-01,7.55323e-154,8.25548e-17,9.99802e-01,0.00000e+00
8.054325351e+00,0.00000e+00,9.99999e-01,1.17162e-157,6.64744e-16,9.99806e-01,0.00000e+00
8.094596977e+00,0.00000e+00,9.99999e-01,1.18974e-150,6.27675e-13,9.99810e-01,0.00000e+00
8.135069962e+00,0.00000e+00,9.99999e-01,2.57200e-136,1.41049e-12,9.99813e-01,0.00000e+00
8.175745312e+00,0.00000e+00,9.99999e-01,1.04439e-112,2.51033e-13,9.99817e-01,0.00000e+00
8.216624039e+00,0.00000e+00,9.99999e-01,2.12823e-97,1.19008e-10,9.99821e-01,0.00000e+00
8.257707159e+00,0.00000e+00,9.99999e-01,6.87627e-77,1.48820e-07,9.99824e-01,0.00000e+00
8.298995695e+00,0.00000e+00,9.99999e-01,7.15651e-70,2.28694e-06,9.99828e-01,1.89202e-312
8.340490673e+00,1.03667e-305,9.99999e-01,1.30790e-64,1.44997e-07,9.99831e-01,3.03567e-236
8.382193126e+00,6.07218e-242,9.99999e-01,6.13899e-60,1.54111e-05,9.99834e-01,2.37054e-178
8.424104092e+00,9.25485e-187,9.99999e-01,7.52510e-48,2.96200e-06,9.99837e-01,2.91848e-135
8.466224613e+00,2.77678e-144,9.99999e-01,2.35816e-37,7.64448e-06,9.99841e-01,6.98268e-103
8.508555736e+00,3.81506e-98,9.99999e-01,1.43134e-21,1.02926e-05,9.99844e-01,8.06051e-74
8.551098514e+00,8.99858e-73,9.99999e-01,6.89129e-16,7.92184e-04,9.99847e-01,5.36643e-55
8.593854007e+00,8.26736e-60,9.99999e-01,1.79883e-15,1.00701e-02,9.99850e-01,2.67107e-43
8.636823277e+00,3.70311e-52,9.99999e-01,5.04502e-18,1.49772e-02,9.99853e-01,3.47456e-33
8.680007393e+00,2.65028e-47,9.99999e-01,1.73509e-20,1.39529e-03,9.99856e-01,2.29757e-25
8.723407430e+00,1.86745e-43,9.99999e-01,3.66163e-22,4.36841e-03,9.99859e-01,8.92033e-20
8.767024467e+00,6.15279e-42,9.99999e-01,7.57998e-25,1.80583e-03,9.99861e-01,1.87446e-15
8.810859590e+00,9.58364e-96,9.99999e-01,3.09235e-83,4.81288e-03,9.99864e-01,8.20341e-12
8.854913888e+00,7.90413e-299,9.99999e-01,2.81586e-289,6.89625e-02,9.99867e-01,2.99052e-09
8.899188457e+00,0.00000e+00,9.99999e-01,0.00000e+00,4.99344e-02,9.99869e-01,2.74036e-07
8.943684399e+00,0.00000e+00,9.99999e-01,0.00000e+00,1.81392e-02,9.99872e-01,1.19147e-05
8.988402821e+00,0.00000e+00,9.99999e-01,0.00000e+00,1.37739e-02,9.99874e-01,1.66789e-04
9.033344836e+00,0.00000e+00,9.99999e-01,0.00000e+00,7.01020e-03,9.99877e-01,1.24652e-03
9.078511560e+00,0.00000e+00,9.99999e-01,0.00000e+00,2.08501e-02,9.99879e-01,5.91977e-03
9.123904118e+00,0.00000e+00,9.99999e-01,0.00000e+00,6.30863e-02,9.99882e-01,1.94168e-02
9.169523638e+00,0.00000e+00,9.99999e-01,0.00000e+00,4.12724e-02,9.99884e-01,4.86816e-02
9.215371256e+00,0.00000e+00,9.99999e-01,0.00000e+00,1.61362e-01,9.99886e-01,9.28817e-02
9.261448113e+00,0.00000e+00,9.99999e-01,0.00000e+00,1.37681e-01,9.99888e-01,1.61043e-01
9.307755353e+00,0.00000e+00,9.99999e-01,0.00000e+00,5.63403e-02,9.99891e-01,2.46566e-01
9.354294130e+00,0.00000e+00,9.99999e-01,0.00000e+00,3.59414e-02,9.99893e-01,3.41002e-01
9.401065601e+00,0.00000e+00,9.99999e-01,0.00000e+00,4.69858e-03,9.99895e-01,4.38247e-01
9.448070929e+00,0.00000e+00,9.99999e-01,0.00000e+00,1.97197e-02,9.99897e-01,5.22706e-01
9.495311283e+00,0.00000e+00,9.99999e-01,0.00000e+00,1.10352e-01,9.99899e-01,6.00425e-01
9.542787840e+00,0.00000e+00,9.99999e-01,0.00000e+00,2.05609e-01,9.99901e-01,6.75757e-01
9.590501779e+00,0.00000e+00,9.99999e-01,0.00000e+00,8.84740e-02,9.99903e-01,7.40436e-01
9.638454288e+00,0.00000e+00,9.99999e-01,0.00000e+00,8.05541e-02,9.99905e-01,7.89539e-01
9.686646559e+00,0.00000e+00,9.99999e-01,0.00000e+00,9.54168e-02,9.99907e-01,8.30433e-01
9.735079792e+00,0.00000e+00,9.99999e-01,0.00000e+00,1.71934e-01,9.99908e-01,8.64052e-01
9.783755191e+00,0.00000e+00,9.99999e-01,0.00000e+00,1.20280e-01,9.99910e-01,8.91434e-01
9.832673967e+00,0.00000e+00,9.99999e-01,0.00000e+00,1.13203e-02,9.99912e-01,9.13581e-01
9.881837337e+00,0.00000e+00,9.99999e-01,0.00000e+00,6.76435e-04,9.99914e-01,9.31366e-01
9.931246523e+00,0.00000e+00,9.99999e-01,0.00000e+00,4.71971e-02,9.99915e-01,9.45612e-01
9.980902756e+00,0.00000e+00,9.99999e-01,0.00000e+00,1.22308e-01,9.99917e-01,9.99862e-01
1.003080727e+01,0.00000e+00,9.99999e-01,0.00000e+00,1.22509e-01,9.99919e-01,9.99860e-01
1.008096131e+01,0.00000e+00,9.99999e-01,0.00000e+00,1.61898e-01,9.99920e-01,9.99859e-01
1.013136611e+01,0.00000e+00,9.99999e-01,0.00000e+00,2.49072e-01,9.99922e-01,9.99857e-01
1.018202294e+01,0.00000e+00,9.99999e-01,0.00000e+00,2.87599e-01,9.99923e-01,9.99856e-01
1.023293306e+01,0.00000e+00,9.99999e-01,0.00000e+00,1.21762e-01,9.99925e-01,9.99854e-01
1.028409772e+01,0.00000e+00,9.99999e-01,0.00000e+00,2.22897e-02,9.99926e-01,9.99852e-01
1.033551821e+01,0.00000e+00,9.99999e-01,0.00000e+00,1.44091e-02,9.99928e-01,9.99851e-01
1.038719580e+01,0.00000e+00,9.99999e-01,0.00000e+00,2.18395e-03,9.99929e-01,9.99849e-01
1.043913178e+01,0.00000e+00,9.99999e-01,0.00000e+00,2.22618e-03,9.99931e-01,9.99848e-01
1.049132744e+01,0.00000e+00,9.99999e-01,0.00000e+00,2.49348e-02,9.99932e-01,9.99846e-01
1.054378408e+01,0.00000e+00,9.99999e-01,0.00000e+00,5.35949e-02,9.99933e-01,9.99843e-01
1.059650300e+01,0.00000e+00,9.99999e-01,0.00000e+00,4.53176e-02,9.99934e-01,9.99841e-01
1.064948551e+01,0.00000e+00,9.99999e-01,0.00000e+00,3.36068e-02,9.99936e-01,9.99838e-01
1.070273294e+01,0.00000e+00,9.99999e-01,0.00000e+00,9.22414e-03,9.99937e-01,9.99835e-01
1.075624661e+01,0.00000e+00,9.99999e-01,0.00000e+00,1.06855e-02,9.99938e-01,9.99832e-01
1.081002784e+01,0.00000e+00,9.99999e-01,0.00000e+00,1.29265e-02,9.99939e-01,9.99829e-01
1.086407798e+01,0.00000e+00,9.99999e-01,0.00000e+00,8.39945e-04,9.99941e-01,9.99826e-01
1.091839837e+01,0.00000e+00,9.99999e-01,0.00000e+00,6.43326e-05,9.99942e-01,9.99823e-01
1.097299036e+01,0.00000e+00,9.99999e-01,0.00000e+00,1.69379e-07,9.99943e-01,9.99820e-01
1.102785531e+01,0.00000e+00,9.99999e-01,0.00000e+00,2.15430e-08,9.99944e-01,9.99818e-01
1.108299459e+01,0.00000e+00,9.99999e-01,0.00000e+00,3.67242e-04,9.99945e-01,9.99816e-01
1.113840956e+01,0.00000e+00,9.99999e-01,0.00000e+00,7.87577e-03,9.99946e-01,9.99814e-01
1.119410161e+01,0.00000e+00,9.99999e-01,0.00000e+00,2.09236e-02,9.99947e-01,9.99811e-01
1.125007212e+01,0.00000e+00,9.99999e-01,0.00000e+00,5.30698e-03,9.99948e-01,9.99808e-01
1.130632248e+01,0.00000e+00,9.99999e-01,0.00000e+00,3.51421e-03,9.99949e-01,9.99806e-01
1.136285409e+01,0.00000e+00,9.99999e-01,0.00000e+00,1.23427e-02,9.99950e-01,9.99803e-01
1.141966836e+01,0.00000e+00,9.99999e-01,0.00000e+00,1.76996e-02,9.99951e-01,9.99801e-01
1.147676670e+01,0.00000e+00,9.99999e-01,0.00000e+00,7.35093e-03,9.99952e-01,9.99798e-01
1.153415054e+01,0.00000e+00,9.99999e-01,0.00000e+00,6.37393e-04,9.99953e-01,9.99795e-01
1.159182129e+01,0.00000e+00,9.99999e-01,0.00000e+00,2.38584e-05,9.99954e-01,9.99792e-01
1.164978039e+01,0.00000e+00,9.99999e-01,0.00000e+00,2.16448e-07,9.99955e-01,9.99789e-01
1.170802930e+01,0.00000e+00,9.99999e-01,0.00000e+00,2.67655e-09,9.99956e-01,9.99786e-01
1.176656944e+01,0.00000e+00,9.99999e-01,0.00000e+00,5.19039e-06,9.99957e-01,9.99783e-01
1.182540229e+01,0.00000e+00,9.99999e-01,0.00000e+00,2.22464e-04,9.99957e-01,9.99780e-01
1.188452930e+01,0.00000e+00,9.99999e-01,0.00000e+00,2.50357e-04,9.99958e-01,9.99777e-01
1.194395195e+01,0.00000e+00,9.99999e-01,0.00000e+00,6.36903e-04,9.99959e-01,9.99773e-01
1.200367171e+01,0.00000e+00,9.99999e-01,0.00000e+00,2.87358e-03,9.99960e-01,9.99770e-01
1.206369007e+01,0.00000e+00,9.99999e-01,0.00000e+00,5.04066e-04,9.99961e-01,9.99766e-01
1.212400852e+01,0.00000e+00,9.99999e-01,0.00000e+00,2.64431e-03,9.99961e-01,9.99762e-01
1.218462856e+01,0.00000e+00,9.99999e-01,0.00000e+00,2.44326e-03,9.99962e-01,9.99758e-01
1.224555170e+01,0.00000e+00,9.99999e-01,0.00000e+00,5.15459e-05,9.99963e-01,9.99753e-01
1.230677946e+01,0.00000e+00,9.99999e-01,0.00000e+00,3.16263e-07,9.99964e-01,9.99748e-01
1.236831336e+01,0.00000e+00,9.99999e-01,0.00000e+00,7.08678e-09,9.99964e-01,9.99743e-01
1.243015492e+01,0.00000e+00,9.99999e-01,0.00000e+00,1.90095e-14,9.99965e-01,9.99737e-01
1.249230570e+01,0.00000e+00,9.99999e-01,0.00000e+00,1.24277e-13,9.99966e-01,9.99732e-01
1.255476723e+01,0.00000e+00,9.99999e-01,0.00000e+00,5.97742e-12,9.99966e-01,9.99726e-01
1.261754106e+01,0.00000e+00,9.99999e-01,0.00000e+00,2.04137e-06,9.99967e-01,9.99720e-01
1.268062877e+01,0.00000e+00,9.99999e-01,0.00000e+00,3.19739e-05,9.99968e-01,9.99713e-01
1.274403191e+01,0.00000e+00,9.99999e-01,0.00000e+00,1.65912e-05,9.99968e-01,9.99706e-01
1.280775207e+01,0.00000e+00,9.99999e-01,0.00000e+00,1.16905e-04,9.99969e-01,9.99700e-01
1.287179083e+01,0.00000e+00,9.99999e-01,0.00000e+00,9.74002e-06,9.99969e-01,9.99692e-01
1.293614979e+01,0.00000e+00,9.99999e-01,0.00000e+00,2.51610e-05,9.99970e-01,9.99684e-01
1.300083054e+01,0.00000e+00,9.99999e-01,0.00000e+00,3.22287e-07,9.99971e-01,9.99677e-01
1.306583469e+01,0.00000e+00,9.99999e-01,0.00000e+00,2.82798e-08,9.99971e-01,9.99668e-01
1.313116386e+01,0.00000e+00,9.99999e-01,0.00000e+00,1.07562e-08,9.99972e-01,9.99660e-01
1.319681968e+01,0.00000e+00,9.99999e-01,0.00000e+00,2.61850e-09,9.99972e-01,9.99651e-01
1.326280378e+01,0.00000e+00,9.99999e-01,0.00000e+00,5.71789e-14,9.99973e-01,9.99642e-01
1.332911780e+01,0.00000e+00,9.99999e-01,0.00000e+00,6.42045e-15,9.99973e-01,9.99633e-01
1.339576339e+01,0.00000e+00,9.99999e-01,0.00000e+00,1.58621e-15,9.99974e-01,9.85339e-01
1.346274221e+01,0.00000e+00,9.99999e-01,0.00000e+00,7.61863e-23,9.99974e-01,9.83870e-01
1.353005592e+01,0.00000e+00,9.99999e-01,0.00000e+00,2.74212e-12,9.99975e-01,9.82254e-01
1.359770620e+01,0.00000e+00,9.99999e-01,0.00000e+00,2.80848e-11,9.99975e-01,9.80708e-01
1.366569473e+01,0.00000e+00,9.99999e-01,0.00000e+00,3.15655e-11,9.99976e-01,9.79021e-01
1.373402320e+01,0.00000e+00,9.99999e-01,0.00000e+00,2.49010e-08,9.99976e-01,9.77193e-01
1.380269332e+01,0.00000e+00,9.99999e-01,0.00000e+00,9.08352e-08,9.99977e-01,9.75200e-01
1.387170678e+01,0.00000e+00,9.99999e-01,0.00000e+00,6.09084e-10,9.99977e-01,9.72717e-01
1.394106532e+01,0.00000e+00,9.99999e-01,0.00000e+00,1.40415e-11,9.99977e-01,9.70344e-01
1.401077064e+01,0.00000e+00,9.99999e-01,0.00000e+00,1.25026e-13,9.99978e-01,9.67757e-01
1.408082450e+01,0.00000e+00,9.99999e-01,0.00000e+00,9.07809e-14,9.99978e-01,9.64959e-01
1.415122862e+01,0.00000e+00,9.99999e-01,0.00000e+00,2.49441e-19,9.99979e-01,9.61909e-01
1.422198476e+01,0.00000e+00,9.99999e-01,0.00000e+00,6.12765e-26,9.99979e-01,9.58618e-01
1.429309469e+01,0.00000e+00,9.99999e-01,0.00000e+00,3.48579e-25,9.99980e-01,9.55024e-01
1.436456016e+01,0.00000e+00,9.99999e-01,0.00000e+00,4.08916e-31,9.99980e-01,9.51144e-01
1.443638296e+01,0.00000e+00,9.99999e-01,0.00000e+00,7.17854e-36,9.99980e-01,9.46923e-01
1.450856487e+01,0.00000e+00,9.99999e-01,0.00000e+00,3.56249e-24,9.99981e-01,9.42355e-01
1.458110770e+01,0.00000e+00,9.99999e-01,0.00000e+00,1.38193e-17,9.99981e-01,9.37396e-01
1.465401324e+01,0.00000e+00,9.99999e-01,0.00000e+00,5.19726e-16,9.99981e-01,9.32044e-01
1.472728330e+01,0.00000e+00,9.99999e-01,0.00000e+00,8.25323e-16,9.99982e-01,9.27091e-01
1.480091972e+01,0.00000e+00,9.99999e-01,0.00000e+00,1.53189e-17,9.99982e-01,9.20871e-01
1.487492432e+01,0.00000e+00,9.99999e-01,0.00000e+00,1.29641e-29,9.99982e-01,9.14169e-01
1.494929894e+01,0.00000e+00,9.99999e-01,0.00000e+00,2.17844e-23,9.99983e-01,9.07990e-01
1.502404544e+01,0.00000e+00,9.99999e-01,0.00000e+00,1.00922e-19,9.99983e-01,9.00223e-01
1.509916566e+01,0.00000e+00,9.99999e-01,0.00000e+00,5.30924e-19,9.99983e-01,8.91874e-01
1.517466149e+01,0.00000e+00,9.99999e-01,0.00000e+00,1.15543e-20,9.99984e-01,8.84189e-01
1.525053480e+01,0.00000e+00,9.99999e-01,0.00000e+00,7.18664e-19,9.99984e-01,8.74548e-01
1.532678747e+01,0.00000e+00,9.99999e-01,0.00000e+00,4.02193e-22,9.99984e-01,8.64228e-01
1.540342141e+01,0.00000e+00,9.99999e-01,0.00000e+00,6.24547e-28,9.99985e-01,8.54735e-01
1.548043852e+01,0.00000e+00,9.99999e-01,0.00000e+00,4.50488e-31,9.99985e-01,8.44638e-01
1.555784071e+01,0.00000e+00,9.99999e-01,0.00000e+00,5.07485e-39,9.99985e-01,8.32047e-01
1.563562991e+01,0.00000e+00,9.99999e-01,0.00000e+00,3.45682e-58,9.99985e-01,8.18603e-01
1.571380806e+01,0.00000e+00,9.99999e-01,0.00000e+00,6.58063e-59,9.99986e-01,8.06309e-01
1.579237710e+01,0.00000e+00,9.99999e-01,0.00000e+00,1.47575e-42,9.99986e-01,7.93272e-01
1.587133899e+01,0.00000e+00,9.99999e-01,0.00000e+00,3.74745e-37,9.99986e-01,7.79497e-01
1.595069568e+01,0.00000e+00,9.99999e-01,0.00000e+00,1.91101e-40,9.99986e-01,7.64952e-01
1.603044916e+01,0.00000e+00,9.99999e-01,0.00000e+00,1.02493e-55,9.99987e-01,7.49611e-01
1.611060141e+01,0.00000e+00,9.99999e-01,0.00000e+00,9.44128e-54,9.99987e-01,7.30645e-01
1.619115441e+01,0.00000e+00,9.99999e-01,0.00000e+00,2.97285e-52,9.99987e-01,7.10615e-01
1.627211019e+01,0.00000e+00,9.99999e-01,0.00000e+00,1.07264e-58,9.99987e-01,6.92505e-01
1.635347074e+01,0.00000e+00,9.99999e-01,0.00000e+00,8.58719e-54,9.99988e-01,6.73542e-01
1.643523809e+01,0.00000e+00,9.99999e-01,0.00000e+00,6.80256e-55,9.99988e-01,6.53722e-01
1.651741428e+01,0.00000e+00,9.99999e-01,0.00000e+00,5.63798e-58,9.99988e-01,6.33043e-01
1.660000135e+01,0.00000e+00,9.99999e-01,0.00000e+00,2.73957e-73,9.99988e-01,6.11631e-01
1.668300136e+01,0.00000e+00,9.99999e-01,0.00000e+00,4.93557e-75,9.99988e-01,5.89312e-01
1.676641637e+01,0.00000e+00,9.99999e-01,0.00000e+00,1.21375e-66,9.99989e-01,5.66245e-01
1.685024845e+01,0.00000e+00,9.99999e-01,0.00000e+00,1.81639e-68,9.99989e-01,5.42433e-01
1.693449969e+01,0.00000e+00,9.99999e-01,0.00000e+00,6.20379e-85,9.99989e-01,5.17968e-01
1.701917219e+01,0.00000e+00,9.99999e-01,0.00000e+00,5.88558e-91,9.99989e-01,4.92887e-01
1.710426805e+01,0.00000e+00,9.99999e-01,0.00000e+00,7.04806e-117,9.99989e-01,4.67280e-01
1.718978939e+01,0.00000e+00,9.99999e-01,0.00000e+00,9.84744e-128,9.99990e-01,4.45615e-01
1.727573834e+01,0.00000e+00,9.99999e-01,0.00000e+00,3.88565e-131,9.99990e-01,4.23660e-01
1.736211703e+01,0.00000e+00,9.99999e-01,0.00000e+00,5.34101e-140,9.99990e-01,3.97131e-01
1.744892761e+01,0.00000e+00,9.99999e-01,0.00000e+00,3.03360e-120,9.99990e-01,3.70397e-01
1.753617225e+01,0.00000e+00,9.99999e-01,0.00000e+00,4.67116e-96,9.99990e-01,3.43700e-01
1.762385311e+01,0.00000e+00,9.99999e-01,0.00000e+00,1.13892e-94,9.99991e-01,3.17148e-01
1.771197238e+01,0.00000e+00,9.99999e-01,0.00000e+00,1.12780e-100,9.99991e-01,2.90875e-01
1.780053224e+01,0.00000e+00,9.99999e-01,0.00000e+00,1.36563e-109,9.99991e-01,2.69348e-01
1.788953490e+01,0.00000e+00,9.99999e-01,0.00000e+00,2.02635e-118,9.99991e-01,2.48197e-01
1.797898258e+01,0.00000e+00,9.99999e-01,0.00000e+00,7.75836e-136,9.99991e-01,2.23476e-01
1.806887749e+01,0.00000e+00,9.99999e-01,0.00000e+00,2.09036e-138,9.99991e-01,1.99653e-01
1.815922188e+01,0.00000e+00,9.99999e-01,0.00000e+00,1.81626e-184,9.99992e-01,1.80611e-01
1.825001799e+01,0.00000e+00,9.99999e-01,0.00000e+00,7.32818e-145,9.99992e-01,1.62339e-01
1.834126808e+01,0.00000e+00,9.99999e-01,0.00000e+00,4.64769e-133,9.99992e-01,1.41611e-01
1.843297442e+01,0.00000e+00,9.99999e-01,0.00000e+00,2.99062e-134,9.99992e-01,1.22284e-01
1.852513929e+01,0.00000e+00,9.99999e-01,0.00000e+00,5.34705e-149,9.99992e-01,1.07331e-01
1.861776499e+01,0.00000e+00,9.99999e-01,0.00000e+00,2.52066e-219,9.99992e-01,9.33992e-02
1.871085381e+01,0.00000e+00,9.99999e-01,0.00000e+00,1.51547e-171,9.99992e-01,7.81758e-02
1.880440808e+01,0.00000e+00,9.99999e-01,0.00000e+00,1.78255e-146,9.99992e-01,6.67467e-02
1.889843012e+01,0.00000e+00,9.99999e-01,0.00000e+00,4.80133e-147,9.99993e-01,5.63999e-02
1.899292227e+01,0.00000e+00,9.99999e-01,0.00000e+00,1.68186e-205,9.99993e-01,4.72003e-02
1.908788688e+01,0.00000e+00,9.99999e-01,0.00000e+00,7.08965e-197,9.99993e-01,3.90394e-02
1.918332632e+01,0.00000e+00,9.99999e-01,0.00000e+00,1.24357e-197,9.99993e-01,3.06203e-02
1.927924295e+01,0.00000e+00,9.99999e-01,0.00000e+00,4.55633e-244,9.99993e-01,2.46807e-02
1.937563916e+01,0.00000e+00,9.99999e-01,0.00000e+00,0.00000e+00,9.99993e-01,1.96082e-02
1.947251736e+01,0.00000e+00,9.99999e-01,0.00000e+00,0.00000e+00,9.99993e-01,1.53771e-02
1.956987994e+01,0.00000e+00,9.99999e-01,0.00000e+00,0.00000e+00,9.99993e-01,1.18703e-02
1.966772934e+01,0.00000e+00,9.99999e-01,0.00000e+00,8.74800e-305,9.99994e-01,8.51894e-03
1.976606799e+01,0.00000e+00,9.99999e-01,0.00000e+00,1.56761e-299,9.99994e-01,6.34776e-03
1.986489833e+01,0.00000e+00,9.99999e-01,0.00000e+00,2.37334e-318,9.99994e-01,4.64039e-03
1.996422282e+01,0.00000e+00,9.99999e-01,0.00000e+00,2.13035e-297,9.99994e-01,3.33439e-03
