#,Wave/freq,Total,O2,CO2,H2O,Rayleigh,CIA
4.000000000e-01,5.89240e-08,9.99999e-01,9.99999e-01,9.99966e-01,5.89259e-08,9.99999e-01
4.020000000e-01,8.18934e-08,9.99999e-01,9.99999e-01,9.99979e-01,8.18951e-08,9.99999e-01
4.040100000e-01,1.13041e-07,9.99999e-01,9.99999e-01,9.99990e-01,1.13042e-07,9.99999e-01
4.060300500e-01,1.55043e-07,9.99999e-01,9.99999e-01,9.99997e-01,1.55044e-07,9.99999e-01
4.080602003e-01,2.11329e-07,9.99999e-01,9.99999e-01,9.99998e-01,2.11329e-07,9.99999e-01
4.101005013e-01,2.86291e-07,9.99999e-01,9.99999e-01,9.99999e-01,2.86291e-07,9.99999e-01
4.121510038e-01,3.85525e-07,9.99999e-01,9.99999e-01,9.99998e-01,3.85525e-07,9.99999e-01
4.142117588e-01,5.16107e-07,9.99999e-01,9.99999e-01,9.99990e-01,5.16112e-07,9.99999e-01
4.162828176e-01,6.86934e-07,9.99999e-01,9.99999e-01,9.99959e-01,6.86962e-07,9.99999e-01
4.183642317e-01,9.09197e-07,9.99999e-01,9.99999e-01,9.99975e-01,9.09219e-07,9.99999e-01
4.204560528e-01,1.19672e-06,9.99999e-01,9.99999e-01,9.99984e-01,1.19674e-06,9.99999e-01
4.225583331e-01,1.56665e-06,9.99999e-01,9.99999e-01,9.99994e-01,1.56666e-06,9.99999e-01
4.246711247e-01,2.04003e-06,9.99999e-01,9.99999e-01,9.99995e-01,2.04004e-06,9.99999e-01
4.267944804e-01,2.64261e-06,9.99999e-01,9.99999e-01,9.99993e-01,2.64263e-06,9.99999e-01
4.289284528e-01,3.40575e-06,9.99999e-01,9.99999e-01,9.99994e-01,3.40577e-06,9.99999e-01
4.310730950e-01,4.36733e-06,9.99999e-01,9.99999e-01,9.99997e-01,4.36734e-06,9.99999e-01
4.332284605e-01,5.57296e-06,9.99999e-01,9.99999e-01,9.99998e-01,5.57296e-06,9.99999e-01
4.353946028e-01,7.07724e-06,9.99999e-01,9.99999e-01,9.99999e-01,7.07724e-06,9.99999e-01
4.375715758e-01,8.94521e-06,9.99999e-01,9.99999e-01,9.99995e-01,8.94524e-06,9.99999e-01
4.397594337e-01,1.12537e-05,9.99999e-01,9.99999e-01,9.99964e-01,1.12541e-05,9.99999e-01
4.419582309e-01,1.40923e-05,9.99999e-01,9.99999e-01,9.99819e-01,1.40948e-05,9.99999e-01
4.441680220e-01,1.75718e-05,9.99999e-01,9.99999e-01,9.99859e-01,1.75743e-05,9.99999e-01
4.463888621e-01,2.18142e-05,9.99999e-01,9.99999e-01,9.99853e-01,2.18174e-05,9.99999e-01
4.486208064e-01,2.69671e-05,9.99999e-01,9.99999e-01,9.99908e-01,2.69695e-05,9.99999e-01
4.508639105e-01,3.31976e-05,9.99999e-01,9.99999e-01,9.99956e-01,3.31990e-05,9.99999e-01
4.531182300e-01,4.06992e-05,9.99999e-01,9.99999e-01,9.99982e-01,4.06999e-05,9.99999e-01
4.553838212e-01,4.96947e-05,9.99999e-01,9.99999e-01,9.99988e-01,4.96953e-05,9.99999e-01
4.576607403e-01,6.04395e-05,9.99999e-01,9.99999e-01,9.99994e-01,6.04399e-05,9.99999e-01
4.599490440e-01,7.32236e-05,9.99999e-01,9.99999e-01,9.99995e-01,7.32239e-05,9.99999e-01
4.622487892e-01,8.83763e-05,9.99999e-01,9.99999e-01,9.99998e-01,8.83764e-05,9.99999e-01
4.645600332e-01,1.06269e-04,9.99999e-01,9.99999e-01,9.99996e-01,1.06269e-04,9.99999e-01
4.668828333e-01,1.27314e-04,9.99999e-01,9.99999e-01,9.99956e-01,1.27319e-04,9.99999e-01
4.692172475e-01,1.51982e-04,9.99999e-01,9.99999e-01,9.99907e-01,1.51996e-04,9.99999e-01
4.715633337e-01,1.80811e-04,9.99999e-01,9.99999e-01,9.99939e-01,1.80822e-04,9.99999e-01
4.739211504e-01,2.14365e-04,9.99999e-01,9.99999e-01,9.99942e-01,2.14377e-04,9.99999e-01
4.762907561e-01,2.53300e-04,9.99999e-01,9.99999e-01,9.99969e-01,2.53307e-04,9.99999e-01
4.786722099e-01,2.98318e-04,9.99999e-01,9.99999e-01,9.99987e-01,2.98321e-04,9.99999e-01
4.810655710e-01,3.50200e-04,9.99999e-01,9.99999e-01,9.99995e-01,3.50202e-04,9.99999e-01
4.834708988e-01,4.09790e-04,9.99999e-01,9.99999e-01,9.99964e-01,4.09804e-04,9.99999e-01
4.858882533e-01,4.78033e-04,9.99999e-01,9.99999e-01,9.99934e-01,4.78064e-04,9.99999e-01
4.883176946e-01,5.55970e-04,9.99999e-01,9.99999e-01,9.99945e-01,5.56000e-04,9.99999e-01
4.907592831e-01,6.44683e-04,9.99999e-01,9.99999e-01,9.99950e-01,6.44715e-04,9.99999e-01
4.932130795e-01,7.45376e-04,9.99999e-01,9.99999e-01,9.99964e-01,7.45402e-04,9.99999e-01
4.956791449e-01,8.59331e-04,9.99999e-01,9.99999e-01,9.99981e-01,8.59347e-04,9.99999e-01
4.981575406e-01,9.87839e-04,9.99999e-01,9.99999e-01,9.99907e-01,9.87930e-04,9.99999e-01
5.006483283e-01,1.13236e-03,9.99999e-01,9.99999e-01,9.99760e-01,1.13263e-03,9.99999e-01
5.031515699e-01,1.29345e-03,9.99999e-01,9.99999e-01,9.98788e-01,1.29502e-03,9.99999e-01
5.056673278e-01,1.47584e-03,9.99999e-01,9.99999e-01,9.99360e-01,1.47678e-03,9.99999e-01
5.081956644e-01,1.67834e-03,9.99999e-01,9.99999e-01,9.99193e-01,1.67969e-03,9.99999e-01
5.107366428e-01,1.90459e-03,9.99999e-01,9.99999e-01,9.99454e-01,1.90563e-03,9.99999e-01
5.132903260e-01,2.15590e-03,9.99999e-01,9.99999e-01,9.99688e-01,2.15657e-03,9.99999e-01
5.158567776e-01,2.43429e-03,9.99999e-01,9.99999e-01,9.99868e-01,2.43461e-03,9.99999e-01
5.184360615e-01,2.74177e-03,9.99999e-01,9.99999e-01,9.99946e-01,2.74191e-03,9.99999e-01
5.210282418e-01,3.08070e-03,9.99999e-01,9.99999e-01,9.99979e-01,3.08076e-03,9.99999e-01
5.236333830e-01,3.45326e-03,9.99999e-01,9.99999e-01,9.99920e-01,3.45353e-03,9.99999e-01
5.262515499e-01,3.86249e-03,9.99999e-01,9.99999e-01,9.99950e-01,3.86268e-03,9.99999e-01
5.288828077e-01,4.31056e-03,9.99999e-01,9.99999e-01,9.99954e-01,4.31076e-03,9.99999e-01
5.315272217e-01,4.80021e-03,9.99999e-01,9.99999e-01,9.99959e-01,4.80040e-03,9.99999e-01
5.341848578e-01,5.33416e-03,9.99999e-01,9.99999e-01,9.99973e-01,5.33430e-03,9.99999e-01
5.368557821e-01,5.91471e-03,9.99999e-01,9.99999e-01,9.99907e-01,5.91525e-03,9.99999e-01
5.395400610e-01,6.54393e-03,9.99999e-01,9.99999e-01,9.99667e-01,6.54610e-03,9.99999e-01
5.422377613e-01,7.22663e-03,9.99999e-01,9.99999e-01,9.99570e-01,7.22973e-03,9.99999e-01
5.449489501e-01,7.96593e-03,9.99999e-01,9.99999e-01,9.99600e-01,7.96911e-03,9.99999e-01
5.476736949e-01,8.76413e-03,9.99999e-01,9.99999e-01,9.99646e-01,8.76723e-03,9.99999e-01
5.504120634e-01,9.62464e-03,9.99999e-01,9.99999e-01,9.99743e-01,9.62711e-03,9.99999e-01
5.531641237e-01,1.05504e-02,9.99999e-01,9.99999e-01,9.99870e-01,1.05518e-02,9.99999e-01
5.559299443e-01,1.15437e-02,9.99999e-01,9.99999e-01,9.99937e-01,1.15444e-02,9.99999e-01
5.587095940e-01,1.26074e-02,9.99999e-01,9.99999e-01,9.99960e-01,1.26079e-02,9.99999e-01
5.615031420e-01,1.37449e-02,9.99999e-01,9.99999e-01,9.99956e-01,1.37455e-02,9.99999e-01
5.643106577e-01,1.49594e-02,9.99999e-01,9.99999e-01,9.99950e-01,1.49602e-02,9.99999e-01
5.671322110e-01,1.62452e-02,9.99999e-01,9.99999e-01,9.99400e-01,1.62550e-02,9.99999e-01
5.699678720e-01,1.76217e-02,9.99999e-01,9.99999e-01,9.99362e-01,1.76329e-02,9.99999e-01
5.728177114e-01,1.90842e-02,9.99999e-01,9.99999e-01,9.99336e-01,1.90969e-02,9.99999e-01
5.756818000e-01,2.06374e-02,9.99999e-01,9.99999e-01,9.99390e-01,2.06499e-02,9.99999e-01
5.785602090e-01,2.22829e-02,9.99999e-01,9.99999e-01,9.99468e-01,2.22948e-02,9.99999e-01
5.814530100e-01,2.40214e-02,9.99999e-01,9.99999e-01,9.99466e-01,2.40342e-02,9.99999e-01
5.843602750e-01,2.58545e-02,9.99999e-01,9.99999e-01,9.99364e-01,2.58710e-02,9.99999e-01
5.872820764e-01,2.76556e-02,9.99999e-01,9.99999e-01,9.94534e-01,2.78076e-02,9.99999e-01
5.902184868e-01,2.96489e-02,9.99999e-01,9.99999e-01,9.93376e-01,2.98466e-02,9.99999e-01
5.931695792e-01,3.18407e-02,9.99999e-01,9.99999e-01,9.95318e-01,3.19904e-02,9.99999e-01
5.961354271e-01,3.40655e-02,9.99999e-01,9.99999e-01,9.94868e-01,3.42412e-02,9.99999e-01
5.991161043e-01,3.64642e-02,9.99999e-01,9.99999e-01,9.96255e-01,3.66012e-02,9.99999e-01
6.021116848e-01,3.89893e-02,9.99999e-01,9.99999e-01,9.97873e-01,3.90724e-02,9.99999e-01
6.051222432e-01,4.16118e-02,9.99999e-01,9.99999e-01,9.98923e-01,4.16566e-02,9.99999e-01
6.081478544e-01,4.43350e-02,9.99999e-01,9.99999e-01,9.99535e-01,4.43556e-02,9.99999e-01
6.111885937e-01,4.71617e-02,9.99999e-01,9.99999e-01,9.99803e-01,4.71710e-02,9.99999e-01
6.142445367e-01,5.00997e-02,9.99999e-01,9.99999e-01,9.99911e-01,5.01041e-02,9.99999e-01
6.173157594e-01,5.31536e-02,9.99999e-01,9.99999e-01,9.99951e-01,5.31562e-02,9.99999e-01
6.204023382e-01,5.63261e-02,9.99999e-01,9.99999e-01,9.99958e-01,5.63284e-02,9.99999e-01
6.235043498e-01,5.96108e-02,9.99999e-01,9.99999e-01,9.99819e-01,5.96216e-02,9.99999e-01
6.266218716e-01,6.29764e-02,9.99999e-01,9.99999e-01,9.99045e-01,6.30365e-02,9.99999e-01
6.297549810e-01,6.65505e-02,9.99999e-01,9.99999e-01,9.99649e-01,6.65738e-02,9.99999e-01
6.329037559e-01,7.01852e-02,9.99999e-01,9.99999e-01,9.99307e-01,7.02338e-02,9.99999e-01
6.360682746e-01,7.39731e-02,9.99999e-01,9.99999e-01,9.99410e-01,7.40167e-02,9.99999e-01
6.392486160e-01,7.78631e-02,9.99999e-01,9.99999e-01,9.99236e-01,7.79225e-02,9.99999e-01
6.424448591e-01,8.18675e-02,9.99999e-01,9.99999e-01,9.98978e-01,8.19512e-02,9.99999e-01
6.456570834e-01,8.56946e-02,9.99999e-01,9.99999e-01,9.95262e-01,8.61024e-02,9.99999e-01
6.488853688e-01,9.00620e-02,9.99999e-01,9.99999e-01,9.96529e-01,9.03757e-02,9.99999e-01
6.521297956e-01,9.44350e-02,9.99999e-01,9.99999e-01,9.96461e-01,9.47703e-02,9.99999e-01
6.553904446e-01,9.89358e-02,9.99999e-01,9.99999e-01,9.96478e-01,9.92854e-02,9.99999e-01
6.586673968e-01,1.03607e-01,9.99999e-01,9.99999e-01,9.96983e-01,1.03920e-01,9.99999e-01
6.619607338e-01,1.08484e-01,9.99999e-01,9.99999e-01,9.98255e-01,1.08673e-01,9.99999e-01
6.652705375e-01,1.13429e-01,9.99999e-01,9.99999e-01,9.98989e-01,1.13543e-01,9.99999e-01
6.685968902e-01,1.18473e-01,9.99999e-01,9.99999e-01,9.99530e-01,1.18529e-01,9.99999e-01
6.719398746e-01,1.23601e-01,9.99999e-01,9.99999e-01,9.99782e-01,1.23628e-01,9.99999e-01
6.752995740e-01,1.28825e-01,9.99999e-01,9.99999e-01,9.99881e-01,1.28840e-01,9.99999e-01
6.786760719e-01,1.34139e-01,9.99999e-01,9.99999e-01,9.99829e-01,1.34162e-01,9.99999e-01
6.820694522e-01,1.39552e-01,9.99999e-01,9.99999e-01,9.99708e-01,1.39592e-01,9.99999e-01
6.854797995e-01,1.45074e-01,9.99999e-01,9.99999e-01,9.99624e-01,1.45128e-01,9.99999e-01
6.889071985e-01,1.50631e-01,9.99999e-01,9.99999e-01,9.99091e-01,1.50768e-01,9.99999e-01
6.923517345e-01,1.54200e-01,9.99999e-01,9.99999e-01,9.85242e-01,1.56509e-01,9.99999e-01
6.958134932e-01,1.61099e-01,9.99999e-01,9.99999e-01,9.92298e-01,1.62349e-01,9.99999e-01
6.992925606e-01,1.67054e-01,9.99999e-01,9.99999e-01,9.92684e-01,1.68285e-01,9.99999e-01
7.027890234e-01,1.72740e-01,9.99999e-01,9.99999e-01,9.90970e-01,1.74314e-01,9.99999e-01
7.063029686e-01,1.79064e-01,9.99999e-01,9.99999e-01,9.92403e-01,1.80434e-01,9.99999e-01
7.098344834e-01,1.85281e-01,9.99999e-01,9.99999e-01,9.92710e-01,1.86641e-01,9.99999e-01
7.133836558e-01,1.91062e-01,9.99999e-01,9.99999e-01,9.90300e-01,1.92933e-01,9.99999e-01
7.169505741e-01,1.84293e-01,9.99999e-01,9.99999e-01,9.24670e-01,1.99307e-01,9.99998e-01
7.205353270e-01,1.98016e-01,9.99999e-01,9.99999e-01,9.62367e-01,2.05759e-01,9.99998e-01
7.241380036e-01,2.02190e-01,9.99999e-01,9.99999e-01,9.52442e-01,2.12286e-01,9.99998e-01
7.277586936e-01,2.09470e-01,9.99999e-01,9.99999e-01,9.56985e-01,2.18885e-01,9.99998e-01
7.313974871e-01,2.15242e-01,9.99999e-01,9.99999e-01,9.54283e-01,2.25553e-01,9.99998e-01
7.350544745e-01,2.26425e-01,9.99999e-01,9.99999e-01,9.74765e-01,2.32286e-01,9.99999e-01
7.387297469e-01,2.34627e-01,9.99999e-01,9.99999e-01,9.81366e-01,2.39082e-01,9.99999e-01
7.424233956e-01,2.43683e-01,9.99999e-01,9.99999e-01,9.90840e-01,2.45936e-01,9.99999e-01
7.461355126e-01,2.51439e-01,9.99999e-01,9.99999e-01,9.94440e-01,2.52845e-01,9.99999e-01
7.498661902e-01,2.59133e-01,9.99999e-01,9.99999e-01,9.97408e-01,2.59806e-01,9.99999e-01
7.536155211e-01,2.66477e-01,9.99999e-01,9.99999e-01,9.98728e-01,2.66816e-01,9.99999e-01
7.573835987e-01,2.73691e-01,9.99999e-01,9.99999e-01,9.99344e-01,2.73871e-01,9.99999e-01
7.611705167e-01,2.80853e-01,9.99999e-01,9.99999e-01,9.99592e-01,2.80967e-01,9.99999e-01
7.649763693e-01,2.88028e-01,9.99999e-01,9.99999e-01,9.99744e-01,2.88102e-01,9.99999e-01
7.688012511e-01,2.95219e-01,9.99999e-01,9.99999e-01,9.99822e-01,2.95271e-01,9.99999e-01
7.726452574e-01,3.02428e-01,9.99999e-01,9.99999e-01,9.99853e-01,3.02472e-01,9.99999e-01
7.765084837e-01,3.09637e-01,9.99999e-01,9.99999e-01,9.99792e-01,3.09701e-01,9.99999e-01
7.803910261e-01,3.00577e-01,9.99999e-01,9.49136e-01,9.99103e-01,3.16955e-01,9.99999e-01
7.842929812e-01,2.54690e-01,9.99999e-01,7.87805e-01,9.96872e-01,3.24231e-01,9.99999e-01
7.882144461e-01,2.55520e-01,9.99999e-01,7.75435e-01,9.93563e-01,3.31525e-01,9.99999e-01
7.921555184e-01,2.90400e-01,9.99999e-01,8.59984e-01,9.96465e-01,3.38834e-01,9.99999e-01
7.961162960e-01,3.10875e-01,9.99999e-01,9.03633e-01,9.93763e-01,3.46156e-01,9.99999e-01
8.000968774e-01,3.32187e-01,9.99999e-01,9.46535e-01,9.92795e-01,3.53486e-01,9.99999e-01
8.040973618e-01,3.48172e-01,9.99999e-01,9.71924e-01,9.92794e-01,3.60822e-01,9.99999e-01
8.081178486e-01,3.57516e-01,9.99999e-01,9.87010e-01,9.83830e-01,3.68161e-01,9.99999e-01
8.121584379e-01,3.49451e-01,9.99999e-01,9.95971e-01,9.34334e-01,3.75499e-01,9.99998e-01
8.162192301e-01,3.52871e-01,9.99999e-01,9.99109e-01,9.22529e-01,3.82835e-01,9.99998e-01
8.203003262e-01,3.74870e-01,9.99999e-01,9.99986e-01,9.60811e-01,3.90165e-01,9.99998e-01
8.244018279e-01,3.75899e-01,9.99999e-01,9.99999e-01,9.45691e-01,3.97486e-01,9.99998e-01
8.285238370e-01,3.85772e-01,9.99999e-01,9.99999e-01,9.53004e-01,4.04796e-01,9.99998e-01
8.326664562e-01,3.92522e-01,9.99999e-01,9.99999e-01,9.52510e-01,4.12092e-01,9.99998e-01
8.368297885e-01,4.05037e-01,9.99999e-01,9.99999e-01,9.65818e-01,4.19372e-01,9.99999e-01
8.410139374e-01,4.17908e-01,9.99999e-01,9.99999e-01,9.79549e-01,4.26632e-01,9.99999e-01
8.452190071e-01,4.29499e-01,9.99999e-01,9.99999e-01,9.89920e-01,4.33872e-01,9.99999e-01
8.494451021e-01,4.38503e-01,9.99999e-01,9.99999e-01,9.94142e-01,4.41087e-01,9.99999e-01
8.536923276e-01,4.46722e-01,9.99999e-01,9.99999e-01,9.96532e-01,4.48276e-01,9.99999e-01
8.579607893e-01,4.54464e-01,9.99999e-01,9.99999e-01,9.97863e-01,4.55437e-01,9.99999e-01
8.622505932e-01,4.61940e-01,9.99999e-01,9.99999e-01,9.98642e-01,4.62568e-01,9.99999e-01
8.665618462e-01,4.23891e-01,9.99999e-01,9.03257e-01,9.99159e-01,4.69666e-01,9.99999e-01
8.708946554e-01,2.61830e-01,9.99999e-01,5.49723e-01,9.99038e-01,4.76729e-01,9.99999e-01
8.752491287e-01,2.96684e-01,9.99999e-01,6.14047e-01,9.98713e-01,4.83757e-01,9.99999e-01
8.796253743e-01,3.73797e-01,9.99999e-01,7.62989e-01,9.98219e-01,4.90745e-01,9.99999e-01
8.840235012e-01,4.31354e-01,9.99999e-01,8.68430e-01,9.97966e-01,4.97694e-01,9.99999e-01
8.884436187e-01,4.73788e-01,9.99999e-01,9.45823e-01,9.92605e-01,5.04601e-01,9.99999e-01
8.928858368e-01,4.62594e-01,9.99999e-01,9.77678e-01,9.24813e-01,5.11465e-01,9.99998e-01
8.973502660e-01,4.48997e-01,9.99999e-01,9.94533e-01,8.70925e-01,5.18284e-01,9.99997e-01
9.018370173e-01,4.89009e-01,9.99999e-01,9.99396e-01,9.31883e-01,5.25056e-01,9.99997e-01
9.063462024e-01,4.92483e-01,9.99999e-01,9.84691e-01,9.39788e-01,5.31780e-01,9.99997e-01
9.108779334e-01,4.71983e-01,9.99999e-01,9.65033e-01,9.07692e-01,5.38455e-01,9.99996e-01
9.154323231e-01,4.84316e-01,9.99999e-01,9.91680e-01,8.95728e-01,5.45080e-01,9.99996e-01
9.200094847e-01,4.53412e-01,9.99999e-01,8.89852e-01,9.17425e-01,5.51652e-01,9.99995e-01
9.246095321e-01,4.12382e-01,9.99999e-01,8.40381e-01,8.75122e-01,5.58172e-01,9.99993e-01
9.292325798e-01,2.09239e-01,9.99999e-01,8.73267e-01,4.15968e-01,5.64638e-01,9.99986e-01
9.338787427e-01,1.65166e-01,9.99999e-01,8.76787e-01,3.23640e-01,5.71049e-01,9.99982e-01
9.385481364e-01,3.34554e-01,9.99999e-01,9.07675e-01,6.33132e-01,5.77404e-01,9.99982e-01
9.432408771e-01,2.95566e-01,9.99999e-01,9.42334e-01,5.34822e-01,5.83702e-01,9.99980e-01
9.479570815e-01,2.43398e-01,9.99999e-01,9.69982e-01,4.24356e-01,5.89942e-01,9.99982e-01
9.526968669e-01,3.06347e-01,9.99999e-01,9.85418e-01,5.20562e-01,5.96124e-01,9.99986e-01
9.574603512e-01,3.24912e-01,9.99999e-01,9.93738e-01,5.42561e-01,6.02246e-01,9.99990e-01
9.622476530e-01,3.68023e-01,9.99999e-01,9.98042e-01,6.06075e-01,6.08309e-01,9.99993e-01
9.670588912e-01,4.59643e-01,9.99999e-01,9.99413e-01,7.48632e-01,6.14311e-01,9.99995e-01
9.718941857e-01,5.16840e-01,9.99999e-01,9.99958e-01,8.33307e-01,6.20252e-01,9.99997e-01
9.767536566e-01,5.38140e-01,9.99999e-01,9.99999e-01,8.59469e-01,6.26131e-01,9.99997e-01
9.816374249e-01,5.64775e-01,9.99999e-01,9.99999e-01,8.93704e-01,6.31948e-01,9.99998e-01
9.865456120e-01,5.94434e-01,9.99999e-01,9.99999e-01,9.32148e-01,6.37703e-01,9.99998e-01
9.914783401e-01,6.16039e-01,9.99999e-01,9.99999e-01,9.57480e-01,6.43395e-01,9.99999e-01
9.964357318e-01,6.33849e-01,9.99999e-01,9.99999e-01,9.76617e-01,6.49024e-01,9.99999e-01
1.001417910e+00,6.45374e-01,9.99999e-01,9.99999e-01,9.85920e-01,6.54590e-01,9.99999e-01
1.006425000e+00,6.54779e-01,9.99999e-01,9.99999e-01,9.91951e-01,6.60092e-01,9.99999e-01
1.011457125e+00,6.62201e-01,9.99999e-01,9.99999e-01,9.94997e-01,6.65530e-01,9.99999e-01
1.016514411e+00,6.68624e-01,9.99999e-01,9.99999e-01,9.96601e-01,6.70904e-01,9.99999e-01
1.021596983e+00,6.74328e-01,9.99999e-01,9.99918e-01,9.97291e-01,6.76214e-01,9.99999e-01
1.026704968e+00,6.75934e-01,9.99999e-01,9.93985e-01,9.97886e-01,6.81460e-01,9.99999e-01
1.031838492e+00,6.43797e-01,9.99999e-01,9.38987e-01,9.98463e-01,6.86642e-01,9.99999e-01
1.036997685e+00,6.83110e-02,9.99999e-01,9.88191e-02,9.99087e-01,6.91760e-01,9.99999e-01
1.042182673e+00,2.70580e-02,9.99999e-01,3.88666e-02,9.98911e-01,6.96814e-01,9.99999e-01
1.047393587e+00,4.27409e-02,9.99999e-01,6.09775e-02,9.98557e-01,7.01804e-01,9.99999e-01
1.052630555e+00,2.11319e-04,9.99999e-01,2.99417e-04,9.98020e-01,7.06729e-01,9.99999e-01
1.057893707e+00,6.75049e-04,9.99999e-01,9.50543e-04,9.96697e-01,7.11592e-01,9.99999e-01
1.063183176e+00,4.02335e-03,9.99999e-01,5.63618e-03,9.94571e-01,7.16390e-01,9.99999e-01
1.068499092e+00,1.74278e-02,9.99999e-01,2.43395e-02,9.90923e-01,7.21125e-01,9.99999e-01
1.073841587e+00,6.79120e-02,9.99999e-01,9.43735e-02,9.89387e-01,7.25797e-01,9.99999e-01
1.079210795e+00,1.61989e-01,9.99999e-01,2.24426e-01,9.86416e-01,7.30406e-01,9.99999e-01
1.084606849e+00,3.14130e-01,9.99999e-01,4.35722e-01,9.79510e-01,7.34953e-01,9.99998e-01
1.090029883e+00,4.66290e-01,9.99999e-01,6.48799e-01,9.70710e-01,7.39437e-01,9.99998e-01
1.095480033e+00,5.54913e-01,9.99999e-01,8.07810e-01,9.22198e-01,7.43859e-01,9.99997e-01
1.100957433e+00,5.50681e-01,9.99999e-01,9.02138e-01,8.14446e-01,7.48220e-01,9.99995e-01
1.106462220e+00,4.31752e-01,9.99999e-01,9.58287e-01,5.97326e-01,7.52519e-01,9.99991e-01
1.111994531e+00,2.55337e-01,9.99999e-01,9.84326e-01,3.42212e-01,7.56757e-01,9.99984e-01
1.117554504e+00,1.36681e-01,9.99999e-01,9.96151e-01,1.80137e-01,7.60935e-01,9.99977e-01
1.123142276e+00,2.25347e-01,9.99999e-01,9.99746e-01,2.94583e-01,7.65052e-01,9.99973e-01
1.128757988e+00,3.43085e-01,9.99999e-01,9.99999e-01,4.46093e-01,7.69110e-01,9.99971e-01
1.134401778e+00,1.70455e-01,9.99999e-01,9.99999e-01,2.20486e-01,7.73108e-01,9.99968e-01
1.140073787e+00,4.75583e-01,9.99999e-01,9.99999e-01,6.12053e-01,7.77048e-01,9.99974e-01
1.145774156e+00,2.87072e-01,9.99999e-01,9.99999e-01,3.67610e-01,7.80929e-01,9.99978e-01
1.151503026e+00,2.59487e-01,9.99999e-01,9.99999e-01,3.30667e-01,7.84753e-01,9.99981e-01
1.157260541e+00,3.04756e-01,9.99999e-01,9.99999e-01,3.86496e-01,7.88519e-01,9.99985e-01
1.163046844e+00,3.91068e-01,9.99999e-01,9.99999e-01,4.93635e-01,7.92229e-01,9.99990e-01
1.168862078e+00,4.84818e-01,9.99999e-01,9.99999e-01,6.09161e-01,7.95882e-01,9.99995e-01
1.174706389e+00,5.88654e-01,9.99999e-01,9.99999e-01,7.36298e-01,7.99479e-01,9.99997e-01
1.180579921e+00,6.66227e-01,9.99999e-01,9.99999e-01,8.29652e-01,8.03021e-01,9.99998e-01
1.186482820e+00,7.25581e-01,9.99999e-01,9.99988e-01,8.99666e-01,8.06508e-01,9.99998e-01
1.192415234e+00,7.45663e-01,9.99999e-01,9.78895e-01,9.40128e-01,8.09941e-01,9.99998e-01
1.198377311e+00,4.26457e-01,9.99999e-01,5.47606e-01,9.49308e-01,8.13320e-01,9.99998e-01
1.204369197e+00,1.07046e-16,9.99999e-01,1.34861e-16,9.52004e-01,8.16646e-01,9.99998e-01
1.210391043e+00,2.82039e-64,9.99999e-01,3.53094e-64,9.54030e-01,8.19920e-01,9.99998e-01
1.216442998e+00,9.09141e-56,9.99999e-01,1.13218e-55,9.60757e-01,8.23142e-01,9.99999e-01
1.222525213e+00,6.07447e-55,9.99999e-01,7.47021e-55,9.69304e-01,8.26313e-01,9.99999e-01
1.228637839e+00,1.57953e-42,9.99999e-01,1.93264e-42,9.78585e-01,8.29432e-01,9.99999e-01
1.234781029e+00,6.27680e-27,9.99999e-01,7.59217e-27,9.84055e-01,8.32502e-01,9.99999e-01
1.240954934e+00,4.67589e-18,9.99999e-01,5.63245e-18,9.89889e-01,8.35522e-01,9.99999e-01
1.247159708e+00,2.43584e-09,9.99999e-01,2.91861e-09,9.92118e-01,8.38493e-01,9.99999e-01
1.253395507e+00,3.23135e-06,9.99999e-01,3.85988e-06,9.93000e-01,8.41415e-01,9.99999e-01
1.259662485e+00,6.59974e-04,9.99999e-01,7.85667e-04,9.93350e-01,8.44290e-01,9.99999e-01
1.265960797e+00,1.41864e-02,9.99999e-01,1.68760e-02,9.89393e-01,8.47117e-01,9.99999e-01
1.272290601e+00,1.39764e-01,9.99999e-01,1.66870e-01,9.83389e-01,8.49898e-01,9.99999e-01
1.278652054e+00,1.18407e-01,9.99999e-01,1.42318e-01,9.67249e-01,8.52633e-01,9.99998e-01
1.285045314e+00,9.37252e-04,9.99999e-01,1.12367e-03,9.41410e-01,8.55322e-01,9.99998e-01
1.291470541e+00,3.86549e-08,9.99999e-01,4.79906e-08,9.00159e-01,8.57966e-01,9.99997e-01
1.297927893e+00,4.25070e-04,9.99999e-01,5.26475e-04,8.71986e-01,8.60566e-01,9.99995e-01
1.304417533e+00,2.81238e-02,9.99999e-01,3.78305e-02,8.38600e-01,8.63123e-01,9.99992e-01
1.310939621e+00,6.82549e-03,9.99999e-01,8.86325e-03,8.17439e-01,8.65636e-01,9.99988e-01
1.317494319e+00,1.88530e-22,9.99999e-01,2.45164e-22,8.03774e-01,8.68107e-01,9.99980e-01
1.324081790e+00,3.87016e-15,9.99999e-01,5.16430e-15,7.22327e-01,8.70535e-01,9.99968e-01
1.330702199e+00,3.58271e-09,9.99999e-01,7.02067e-09,3.14812e-01,8.72923e-01,9.99947e-01
1.337355710e+00,2.22582e-09,9.99999e-01,2.07107e-08,4.42856e-02,8.75269e-01,9.99899e-01
1.344042489e+00,3.13781e-10,9.99999e-01,7.65112e-09,1.61715e-03,8.77575e-01,9.99785e-01
1.350762701e+00,4.72760e-15,9.99999e-01,3.90110e-09,2.27920e-07,8.79842e-01,9.99657e-01
1.357516515e+00,1.06409e-14,9.99999e-01,5.93693e-06,2.12488e-10,8.82070e-01,9.99575e-01
1.364304097e+00,7.15096e-10,9.99999e-01,2.83788e-04,8.96143e-07,8.84259e-01,9.99545e-01
1.371125618e+00,3.00071e-06,9.99999e-01,1.48670e-02,1.06942e-04,8.86410e-01,9.99541e-01
1.377981246e+00,1.39994e-05,9.99999e-01,2.90985e-02,3.30600e-04,8.88523e-01,9.99507e-01
1.384871152e+00,5.91822e-07,9.99999e-01,1.27642e-01,3.58225e-06,8.90600e-01,9.99521e-01
1.391795508e+00,2.18217e-07,9.99999e-01,1.49226e-01,1.06997e-06,8.92641e-01,9.99594e-01
1.398754485e+00,4.71163e-06,9.99999e-01,3.06847e-01,1.50447e-05,8.94645e-01,9.99651e-01
1.405748258e+00,6.44886e-06,9.99999e-01,4.20338e-01,1.45967e-05,8.96615e-01,9.99687e-01
1.412776999e+00,8.35373e-06,9.99999e-01,5.77503e-01,1.38968e-05,8.98550e-01,9.99748e-01
1.419840884e+00,1.74964e-05,9.99999e-01,5.17849e-01,2.85425e-05,9.00450e-01,9.99812e-01
1.426940089e+00,1.13890e-04,9.99999e-01,3.29421e-02,3.36077e-04,9.02317e-01,9.99883e-01
1.434074789e+00,0.00000e+00,9.99999e-01,0.00000e+00,1.99168e-03,9.04151e-01,9.99927e-01
1.441245163e+00,0.00000e+00,9.99999e-01,0.00000e+00,6.84832e-03,9.05952e-01,9.99943e-01
1.448451389e+00,0.00000e+00,9.99999e-01,0.00000e+00,3.08377e-02,9.07721e-01,9.99952e-01
1.455693646e+00,0.00000e+00,9.99999e-01,0.00000e+00,9.39582e-02,9.09459e-01,9.99960e-01
1.462972114e+00,1.56327e-254,9.99999e-01,6.29857e-254,1.25743e-01,9.11165e-01,9.99966e-01
1.470286975e+00,1.95456e-106,9.99999e-01,8.71409e-106,9.01640e-02,9.12841e-01,9.99970e-01
1.477638409e+00,2.18572e-67,9.99999e-01,9.72712e-67,1.14114e-01,9.14487e-01,9.99974e-01
1.485026601e+00,4.87078e-38,9.99999e-01,1.83692e-37,1.65949e-01,9.16103e-01,9.99980e-01
1.492451734e+00,2.33406e-32,9.99999e-01,6.33627e-32,2.63778e-01,9.17690e-01,9.99986e-01
1.499913993e+00,1.54672e-14,9.99999e-01,2.83038e-14,4.03792e-01,9.19248e-01,9.99992e-01
1.507413563e+00,2.64028e-13,9.99999e-01,4.82191e-13,5.18741e-01,9.20779e-01,9.99995e-01
1.514950631e+00,1.27620e-14,9.99999e-01,1.80854e-14,6.61400e-01,9.22281e-01,9.99997e-01
1.522525384e+00,9.38998e-48,9.99999e-01,1.21768e-47,7.65181e-01,9.23756e-01,9.99998e-01
1.530138011e+00,6.30130e-113,9.99999e-01,7.58371e-113,8.21300e-01,9.25204e-01,9.99998e-01
1.537788701e+00,1.02487e-83,9.99999e-01,1.19158e-83,8.94830e-01,9.26626e-01,9.99999e-01
1.545477645e+00,3.02457e-18,9.99999e-01,3.41866e-18,9.31431e-01,9.28022e-01,9.99999e-01
1.553205033e+00,3.75839e-13,9.99999e-01,4.21537e-13,9.43763e-01,9.29392e-01,9.99999e-01
1.560971058e+00,1.39471e-13,9.99999e-01,1.53248e-13,9.64750e-01,9.30737e-01,9.99999e-01
1.568775913e+00,4.82017e-285,9.99999e-01,5.25552e-285,9.76620e-01,9.32058e-01,9.99999e-01
1.576619793e+00,0.00000e+00,9.99999e-01,0.00000e+00,9.81788e-01,9.33354e-01,9.99999e-01
1.584502892e+00,0.00000e+00,9.99999e-01,0.00000e+00,9.88895e-01,9.34626e-01,9.99999e-01
1.592425406e+00,4.46595e-254,9.99999e-01,4.80120e-254,9.89712e-01,9.35875e-01,9.99999e-01
1.600387533e+00,0.00000e+00,9.99999e-01,0.00000e+00,9.92895e-01,9.37101e-01,9.99999e-01
1.608389471e+00,0.00000e+00,9.99999e-01,0.00000e+00,9.92650e-01,9.38304e-01,9.99999e-01
1.616431418e+00,0.00000e+00,9.99999e-01,0.00000e+00,9.92486e-01,9.39485e-01,9.99999e-01
1.624513575e+00,9.88131e-323,9.99999e-01,1.03754e-322,9.91965e-01,9.40645e-01,9.99999e-01
1.632636143e+00,1.05405e-239,9.99999e-01,1.12595e-239,9.87428e-01,9.41782e-01,9.99999e-01
1.640799324e+00,4.25912e-98,9.99999e-01,4.55730e-98,9.83273e-01,9.42899e-01,9.99999e-01
1.649003321e+00,4.24111e-98,9.99999e-01,4.55872e-98,9.78674e-01,9.43994e-01,9.99999e-01
1.657248337e+00,5.78857e-76,9.99999e-01,6.21770e-76,9.71953e-01,9.45070e-01,9.99999e-01
1.665534579e+00,1.79674e-76,9.99999e-01,1.94874e-76,9.62003e-01,9.46125e-01,9.99999e-01
1.673862252e+00,5.29187e-49,9.99999e-01,5.70368e-49,9.48420e-01,9.47160e-01,9.99999e-01
1.682231563e+00,3.82112e-34,9.99999e-01,4.11170e-34,9.54926e-01,9.48176e-01,9.99998e-01
1.690642721e+00,2.73087e-19,9.99999e-01,2.98492e-19,9.22264e-01,9.49174e-01,9.99998e-01
1.699095934e+00,1.89813e-12,9.99999e-01,2.09445e-12,9.10734e-01,9.50152e-01,9.99998e-01
1.707591414e+00,8.88067e-07,9.99999e-01,9.82520e-07,9.04777e-01,9.51112e-01,9.99997e-01
1.716129371e+00,3.14393e-04,9.99999e-01,3.59417e-04,8.83130e-01,9.52054e-01,9.99996e-01
1.724710018e+00,9.44161e-03,9.99999e-01,1.14026e-02,8.29872e-01,9.52979e-01,9.99995e-01
1.733333568e+00,4.10470e-02,9.99999e-01,5.28646e-02,7.84566e-01,9.53886e-01,9.99992e-01
1.742000236e+00,1.21341e-01,9.99999e-01,1.77111e-01,6.91679e-01,9.54776e-01,9.99988e-01
1.750710237e+00,1.24193e-03,9.99999e-01,2.02091e-03,5.04801e-01,9.55649e-01,9.99982e-01
1.759463788e+00,4.65467e-47,9.99999e-01,9.10762e-47,2.78301e-01,9.56505e-01,9.99972e-01
1.768261107e+00,1.53983e-49,9.99999e-01,5.92678e-49,9.51110e-02,9.57346e-01,9.99955e-01
1.777102413e+00,1.32392e-48,9.99999e-01,1.55462e-47,2.07835e-02,9.58171e-01,9.99930e-01
1.785987925e+00,1.50951e-46,9.99999e-01,1.02015e-44,2.04071e-03,9.58980e-01,9.99889e-01
1.794917864e+00,5.39159e-45,9.99999e-01,1.04374e-42,2.45287e-04,9.59773e-01,9.99808e-01
1.803892454e+00,1.27220e-45,9.99999e-01,4.18944e-41,1.02391e-06,9.60552e-01,9.99710e-01
1.812911916e+00,8.86715e-46,9.99999e-01,1.74733e-39,3.34541e-08,9.61316e-01,9.99604e-01
1.821976476e+00,7.65308e-46,9.99999e-01,1.45047e-39,5.67810e-08,9.62065e-01,9.99534e-01
1.831086358e+00,9.77540e-39,9.99999e-01,6.72736e-32,5.07831e-09,9.62801e-01,9.99475e-01
1.840241790e+00,9.72302e-33,9.99999e-01,3.46751e-27,1.69228e-07,9.63522e-01,9.99420e-01
1.849442999e+00,2.69355e-24,9.99999e-01,5.92164e-19,7.03644e-07,9.64229e-01,9.99375e-01
1.858690214e+00,1.30061e-26,9.99999e-01,9.62957e-18,2.62448e-10,9.64923e-01,9.99278e-01
1.867983665e+00,3.35590e-27,9.99999e-01,1.96639e-18,6.18983e-11,9.65604e-01,9.99196e-01
1.877323583e+00,5.19112e-92,9.99999e-01,7.20244e-89,8.26365e-05,9.66272e-01,9.99235e-01
1.886710201e+00,4.27103e-119,9.99999e-01,1.38253e-116,1.80010e-04,9.66927e-01,9.99351e-01
1.896143752e+00,2.03110e-135,9.99999e-01,4.60887e-133,6.77784e-04,9.67569e-01,9.99415e-01
1.905624471e+00,2.64123e-159,9.99999e-01,2.88712e-154,1.47956e-06,9.68200e-01,9.99455e-01
1.915152593e+00,1.12097e-125,9.99999e-01,1.22394e-119,5.71402e-08,9.68818e-01,9.99492e-01
1.924728356e+00,7.89750e-150,9.99999e-01,4.09942e-143,6.93948e-09,9.69424e-01,9.99552e-01
1.934351998e+00,0.00000e+00,9.99999e-01,0.00000e+00,1.48196e-09,9.70019e-01,9.99630e-01
1.944023758e+00,0.00000e+00,9.99999e-01,0.00000e+00,4.45790e-06,9.70602e-01,9.99733e-01
1.953743877e+00,0.00000e+00,9.99999e-01,0.00000e+00,1.92954e-05,9.71175e-01,9.99825e-01
1.963512596e+00,0.00000e+00,9.99999e-01,0.00000e+00,6.28456e-04,9.71736e-01,9.99891e-01
1.973330159e+00,0.00000e+00,9.99999e-01,0.00000e+00,3.65362e-03,9.72286e-01,9.99934e-01
1.983196810e+00,0.00000e+00,9.99999e-01,0.00000e+00,5.71645e-02,9.72826e-01,9.99957e-01
1.993112794e+00,0.00000e+00,9.99999e-01,0.00000e+00,1.05483e-01,9.73356e-01,9.99972e-01
2.003078358e+00,0.00000e+00,9.99999e-01,0.00000e+00,2.43283e-01,9.73875e-01,9.99981e-01
2.013093750e+00,0.00000e+00,9.99999e-01,0.00000e+00,3.99470e-01,9.74384e-01,9.99987e-01
2.023159218e+00,0.00000e+00,9.99999e-01,0.00000e+00,5.86982e-01,9.74884e-01,9.99992e-01
2.033275015e+00,0.00000e+00,9.99999e-01,0.00000e+00,6.64283e-01,9.75374e-01,9.99994e-01
2.043441390e+00,0.00000e+00,9.99999e-01,0.00000e+00,7.75594e-01,9.75854e-01,9.99996e-01
2.053658597e+00,0.00000e+00,9.99999e-01,0.00000e+00,8.12822e-01,9.76326e-01,9.99997e-01
2.063926890e+00,0.00000e+00,9.99999e-01,0.00000e+00,8.69949e-01,9.76788e-01,9.99997e-01
2.074246524e+00,0.00000e+00,9.99999e-01,0.00000e+00,8.86390e-01,9.77241e-01,9.99998e-01
2.084617757e+00,0.00000e+00,9.99999e-01,0.00000e+00,9.24177e-01,9.77685e-01,9.99998e-01
2.095040845e+00,0.00000e+00,9.99999e-01,0.00000e+00,9.39781e-01,9.78121e-01,9.99998e-01
2.105516050e+00,0.00000e+00,9.99999e-01,0.00000e+00,9.48071e-01,9.78549e-01,9.99998e-01
2.116043630e+00,0.00000e+00,9.99999e-01,0.00000e+00,9.50279e-01,9.78968e-01,9.99998e-01
2.126623848e+00,0.00000e+00,9.99999e-01,0.00000e+00,9.69475e-01,9.79379e-01,9.99998e-01
2.137256967e+00,0.00000e+00,9.99999e-01,0.00000e+00,9.70979e-01,9.79782e-01,9.99998e-01
2.147943252e+00,0.00000e+00,9.99999e-01,0.00000e+00,9.72035e-01,9.80178e-01,9.99998e-01
2.158682968e+00,1.04510e-196,9.99999e-01,1.08795e-196,9.74423e-01,9.80565e-01,9.99998e-01
2.169476383e+00,1.24415e-95,9.99999e-01,1.29427e-95,9.72775e-01,9.80945e-01,9.99998e-01
2.180323765e+00,8.62159e-60,9.99999e-01,8.97050e-60,9.68946e-01,9.81318e-01,9.99998e-01
2.191225384e+00,1.60129e-30,9.99999e-01,1.66487e-30,9.62215e-01,9.81684e-01,9.99998e-01
2.202181511e+00,6.07957e-20,9.99999e-01,6.36957e-20,9.53135e-01,9.82042e-01,9.99998e-01
2.213192418e+00,9.68608e-11,9.99999e-01,1.01112e-10,9.52933e-01,9.82394e-01,9.99998e-01
2.224258381e+00,4.23412e-07,9.99999e-01,4.45634e-07,9.44256e-01,9.82739e-01,9.99998e-01
2.235379672e+00,4.64965e-05,9.99999e-01,4.90811e-05,9.52849e-01,9.83077e-01,9.99998e-01
2.246556571e+00,1.09250e-03,9.99999e-01,1.18283e-03,9.17275e-01,9.83408e-01,9.99998e-01
2.257789354e+00,1.34907e-02,9.99999e-01,1.45511e-02,9.36203e-01,9.83733e-01,9.99997e-01
2.269078300e+00,1.90443e-02,9.99999e-01,2.26113e-02,8.48788e-01,9.84052e-01,9.99997e-01
2.280423692e+00,2.33999e-02,9.99999e-01,2.68943e-02,8.73638e-01,9.84364e-01,9.99996e-01
2.291825810e+00,6.96351e-02,9.99999e-01,9.10322e-02,7.66443e-01,9.84671e-01,9.99995e-01
2.303284939e+00,1.17944e-01,9.99999e-01,1.50658e-01,7.88427e-01,9.84971e-01,9.99994e-01
2.314801364e+00,1.23232e-01,9.99999e-01,1.85283e-01,6.66288e-01,9.85266e-01,9.99992e-01
2.326375371e+00,2.12993e-01,9.99999e-01,3.25894e-01,6.54185e-01,9.85555e-01,9.99989e-01
2.338007248e+00,1.83282e-01,9.99999e-01,2.94849e-01,6.19998e-01,9.85838e-01,9.99985e-01
2.349697284e+00,1.57702e-01,9.99999e-01,3.46648e-01,4.45208e-01,9.86116e-01,9.99980e-01
2.361445770e+00,2.18295e-01,9.99999e-01,4.27839e-01,5.11776e-01,9.86388e-01,9.99973e-01
2.373252999e+00,1.93709e-01,9.99999e-01,4.64121e-01,4.08541e-01,9.86655e-01,9.99963e-01
2.385119264e+00,1.57894e-01,9.99999e-01,7.14175e-01,2.15712e-01,9.86917e-01,9.99950e-01
2.397044861e+00,3.29217e-01,9.99999e-01,8.70368e-01,3.80377e-01,9.87174e-01,9.99925e-01
2.409030085e+00,1.35574e-01,9.99999e-01,7.85666e-01,1.71739e-01,9.87426e-01,9.99890e-01
2.421075235e+00,1.38490e-01,9.99999e-01,6.57685e-01,1.92724e-01,9.87672e-01,9.99850e-01
2.433180612e+00,1.76214e-02,9.99999e-01,1.17696e-01,9.39010e-02,9.87914e-01,9.99797e-01
2.445346515e+00,1.14714e-02,9.99999e-01,3.56254e-01,2.40767e-02,9.88152e-01,9.99729e-01
2.457573247e+00,2.25072e-04,9.99999e-01,7.49504e-03,9.34689e-03,9.88384e-01,9.99635e-01
2.469861113e+00,3.49633e-15,9.99999e-01,7.91955e-13,2.61476e-04,9.88612e-01,9.99506e-01
2.482210419e+00,1.41200e-62,9.99999e-01,2.28188e-56,8.70659e-08,9.88836e-01,9.99306e-01
2.494621471e+00,1.15270e-96,9.99999e-01,8.46205e-88,4.46474e-11,9.89055e-01,9.99016e-01
2.507094578e+00,3.05074e-103,9.99999e-01,2.21149e-85,5.83727e-20,9.89270e-01,9.98564e-01
2.519630051e+00,2.33716e-141,9.99999e-01,2.85626e-113,2.48673e-30,9.89481e-01,9.97903e-01
2.532228202e+00,3.33378e-183,9.99999e-01,5.18174e-145,2.07321e-40,9.89688e-01,9.97194e-01
2.544889343e+00,7.10767e-203,9.99999e-01,2.13486e-150,1.11461e-54,9.89891e-01,9.96414e-01
2.557613789e+00,1.14622e-229,9.99999e-01,2.56750e-178,1.41910e-53,9.90089e-01,9.95780e-01
2.570401858e+00,0.00000e+00,9.99999e-01,0.00000e+00,1.40914e-88,9.90284e-01,9.95435e-01
2.583253867e+00,0.00000e+00,9.99999e-01,0.00000e+00,4.20758e-75,9.90475e-01,9.95010e-01
2.596170137e+00,0.00000e+00,9.99999e-01,0.00000e+00,7.46597e-64,9.90662e-01,9.94933e-01
2.609150988e+00,0.00000e+00,9.99999e-01,0.00000e+00,5.44455e-45,9.90846e-01,9.94591e-01
2.622196742e+00,0.00000e+00,9.99999e-01,0.00000e+00,7.77334e-38,9.91026e-01,9.94442e-01
2.635307726e+00,0.00000e+00,9.99999e-01,0.00000e+00,1.79245e-17,9.91202e-01,9.94191e-01
2.648484265e+00,0.00000e+00,9.99999e-01,0.00000e+00,5.69990e-21,9.91375e-01,9.93368e-01
2.661726686e+00,0.00000e+00,9.99999e-01,0.00000e+00,1.07727e-36,9.91545e-01,9.92615e-01
2.675035320e+00,0.00000e+00,9.99999e-01,0.00000e+00,1.74658e-132,9.91711e-01,9.92988e-01
2.688410496e+00,0.00000e+00,9.99999e-01,0.00000e+00,1.42909e-64,9.91874e-01,9.93386e-01
2.701852549e+00,0.00000e+00,9.99999e-01,0.00000e+00,1.90762e-56,9.92034e-01,9.94009e-01
2.715361811e+00,0.00000e+00,9.99999e-01,0.00000e+00,5.46734e-56,9.92191e-01,9.94429e-01
2.728938620e+00,0.00000e+00,9.99999e-01,0.00000e+00,5.69006e-40,9.92344e-01,9.95062e-01
2.742583314e+00,0.00000e+00,9.99999e-01,0.00000e+00,9.49566e-43,9.92495e-01,9.95245e-01
2.756296230e+00,0.00000e+00,9.99999e-01,0.00000e+00,2.38662e-44,9.92643e-01,9.95434e-01
2.770077711e+00,0.00000e+00,9.99999e-01,0.00000e+00,1.16872e-60,9.92787e-01,9.96075e-01
2.783928100e+00,0.00000e+00,9.99999e-01,0.00000e+00,1.36802e-60,9.92929e-01,9.96410e-01
2.797847740e+00,0.00000e+00,9.99999e-01,0.00000e+00,3.61511e-46,9.93069e-01,9.96916e-01
2.811836979e+00,0.00000e+00,9.99999e-01,0.00000e+00,3.51284e-49,9.93205e-01,9.97544e-01
2.825896164e+00,0.00000e+00,9.99999e-01,0.00000e+00,1.45842e-42,9.93339e-01,9.98105e-01
2.840025645e+00,0.00000e+00,9.99999e-01,0.00000e+00,1.04618e-32,9.93470e-01,9.98501e-01
2.854225773e+00,0.00000e+00,9.99999e-01,0.00000e+00,9.50807e-29,9.93598e-01,9.98813e-01
2.868496902e+00,0.00000e+00,9.99999e-01,0.00000e+00,3.78877e-27,9.93724e-01,9.99145e-01
2.882839386e+00,0.00000e+00,9.99999e-01,0.00000e+00,1.07493e-21,9.93848e-01,9.99373e-01
2.897253583e+00,0.00000e+00,9.99999e-01,0.00000e+00,1.69168e-18,9.93969e-01,9.99496e-01
2.911739851e+00,0.00000e+00,9.99999e-01,0.00000e+00,1.10643e-12,9.94088e-01,9.99598e-01
2.926298550e+00,0.00000e+00,9.99999e-01,0.00000e+00,2.35691e-09,9.94204e-01,9.99696e-01
2.940930043e+00,0.00000e+00,9.99999e-01,0.00000e+00,4.10996e-09,9.94318e-01,9.99757e-01
2.955634693e+00,0.00000e+00,9.99999e-01,0.00000e+00,6.68095e-09,9.94430e-01,9.99798e-01
2.970412867e+00,0.00000e+00,9.99999e-01,0.00000e+00,2.92568e-08,9.94540e-01,9.99842e-01
2.985264931e+00,0.00000e+00,9.99999e-01,0.00000e+00,2.73521e-06,9.94648e-01,9.99872e-01
3.000191256e+00,0.00000e+00,9.99999e-01,0.00000e+00,1.42389e-05,9.94753e-01,9.99890e-01
3.015192212e+00,0.00000e+00,9.99999e-01,0.00000e+00,8.89062e-05,9.94856e-01,9.99912e-01
3.030268173e+00,0.00000e+00,9.99999e-01,0.00000e+00,4.06891e-04,9.94958e-01,9.99924e-01
3.045419514e+00,9.56120e-227,9.99999e-01,1.62339e-223,7.05593e-05,9.95057e-01,9.99931e-01
3.060646612e+00,1.48235e-104,9.99999e-01,1.75396e-102,2.86096e-03,9.95154e-01,9.99939e-01
3.075949845e+00,3.03228e-84,9.99999e-01,2.25290e-81,3.56899e-03,9.95250e-01,1.33713e-01
3.091329594e+00,5.77713e-81,9.99999e-01,3.32849e-77,2.75757e-03,9.95343e-01,8.28246e-03
3.106786242e+00,5.73552e-84,9.99999e-01,1.21010e-76,9.15419e-03,9.95435e-01,2.11821e-06
3.122320173e+00,1.89675e-70,9.99999e-01,2.37001e-53,1.72914e-02,9.95525e-01,1.68454e-16
3.137931774e+00,2.74073e-61,9.99999e-01,2.19275e-52,2.04007e-02,9.95613e-01,3.05883e-08
3.153621433e+00,9.87106e-57,9.99999e-01,3.87888e-54,7.58014e-02,9.95700e-01,1.18551e-02
3.169389540e+00,5.53199e-81,9.99999e-01,1.67991e-72,9.58370e-02,9.95784e-01,1.53289e-08
3.185236488e+00,5.79409e-72,9.99999e-01,2.55099e-58,5.97134e-02,9.95868e-01,1.52202e-13
3.201162670e+00,9.02373e-71,9.99999e-01,1.35028e-46,3.49603e-03,9.95949e-01,3.55048e-23
3.217168483e+00,1.34070e-78,9.99999e-01,1.15836e-44,1.62788e-02,9.96029e-01,3.71744e-33
3.233254326e+00,6.11623e-88,9.99999e-01,6.34203e-38,6.14111e-02,9.96107e-01,7.12469e-50
3.249420598e+00,3.57688e-103,9.99999e-01,6.76223e-22,1.49556e-01,9.96184e-01,1.91479e-81
3.265667701e+00,1.07399e-149,9.99999e-01,8.11152e-19,5.94985e-02,9.96259e-01,9.78365e-131
3.281996039e+00,4.78076e-219,9.99999e-01,2.83338e-14,1.05256e-01,9.96333e-01,1.01230e-204
3.298406019e+00,1.24988e-307,9.99999e-01,3.84940e-12,2.45718e-02,9.96405e-01,5.97204e-295
3.314898049e+00,0.00000e+00,9.99999e-01,8.91547e-12,2.02227e-02,9.96476e-01,0.00000e+00
3.331472540e+00,0.00000e+00,9.99999e-01,2.62639e-11,4.72750e-02,9.96545e-01,0.00000e+00
3.348129902e+00,4.68180e-255,9.99999e-01,4.85981e-09,3.87199e-02,9.96614e-01,1.40283e-245
3.364870552e+00,3.04138e-176,9.99999e-01,1.27605e-08,7.19868e-02,9.96680e-01,2.55954e-167
3.381694905e+00,9.67225e-111,9.99999e-01,1.41758e-07,9.66137e-02,9.96746e-01,3.25093e-103
3.398603379e+00,1.11816e-67,9.99999e-01,7.91338e-06,1.81240e-01,9.96810e-01,6.33891e-62
3.415596396e+00,1.75185e-41,9.99999e-01,1.70745e-05,2.83240e-01,9.96873e-01,3.19783e-36
3.432674378e+00,3.05095e-28,9.99999e-01,1.97847e-06,3.06367e-01,9.96934e-01,3.99021e-22
3.449837750e+00,1.42733e-18,9.99999e-01,1.06908e-08,4.44178e-01,9.96995e-01,2.35941e-10
3.467086939e+00,6.95433e-17,9.99999e-01,5.45835e-15,5.71256e-01,9.97054e-01,1.95158e-02
3.484422373e+00,1.59241e-20,9.99999e-01,4.14851e-20,5.91116e-01,9.97112e-01,5.33126e-01
3.501844485e+00,1.59893e-29,9.99999e-01,1.04501e-28,7.38724e-01,9.97169e-01,1.91477e-01
3.519353708e+00,1.20400e-34,9.99999e-01,1.41728e-34,7.76226e-01,9.97225e-01,9.99020e-01
3.536950476e+00,9.13432e-43,9.99999e-01,1.09998e-42,7.95804e-01,9.97280e-01,9.97191e-01
3.554635228e+00,4.77882e-42,9.99999e-01,5.37508e-42,8.68617e-01,9.97333e-01,9.93689e-01
3.572408405e+00,1.49667e-34,9.99999e-01,1.66292e-34,8.72908e-01,9.97386e-01,9.89312e-01
3.590270447e+00,1.48531e-32,9.99999e-01,1.59437e-32,9.09832e-01,9.97437e-01,9.93872e-01
3.608221799e+00,3.19998e-23,9.99999e-01,3.39364e-23,9.29239e-01,9.97488e-01,9.96916e-01
3.626262908e+00,2.13096e-13,9.99999e-01,2.21305e-13,9.39222e-01,9.97538e-01,9.99366e-01
3.644394222e+00,1.32518e-10,9.99999e-01,1.37170e-10,9.63202e-01,9.97586e-01,9.99749e-01
3.662616193e+00,1.24282e-05,9.99999e-01,1.29529e-05,9.39810e-01,9.97634e-01,9.98596e-01
3.680929274e+00,4.40148e-03,9.99999e-01,4.78796e-03,9.03953e-01,9.97680e-01,9.92996e-01
3.699333921e+00,7.35344e-02,9.99999e-01,7.82283e-02,9.53831e-01,9.97726e-01,9.84396e-01
3.717830590e+00,3.94972e-02,9.99999e-01,4.21430e-02,9.63797e-01,9.97771e-01,9.68994e-01
3.736419743e+00,5.60258e-04,9.99999e-01,6.09020e-04,9.57768e-01,9.97815e-01,9.52458e-01
3.755101842e+00,1.19632e-11,9.99999e-01,1.29218e-11,9.54749e-01,9.97858e-01,9.57737e-01
3.773877351e+00,3.36892e-26,9.99999e-01,3.56284e-26,9.62549e-01,9.97900e-01,9.75570e-01
3.792746738e+00,1.04084e-65,9.99999e-01,1.08582e-65,9.54937e-01,9.97942e-01,9.90260e-01
3.811710472e+00,6.03572e-43,9.99999e-01,6.26323e-43,9.44969e-01,9.97982e-01,9.95614e-01
3.830769024e+00,1.02290e-42,9.99999e-01,1.06576e-42,9.40720e-01,9.98022e-01,9.98319e-01
3.849922869e+00,6.78837e-59,9.99999e-01,7.13764e-59,9.14706e-01,9.98061e-01,9.99576e-01
3.869172484e+00,1.07840e-36,9.99999e-01,1.14238e-36,9.01111e-01,9.98099e-01,9.96304e-01
3.888518346e+00,6.11947e-16,9.99999e-01,6.46281e-16,9.43664e-01,9.98137e-01,9.91084e-01
3.907960938e+00,2.20683e-12,9.99999e-01,2.36218e-12,9.37286e-01,9.98174e-01,9.84564e-01
3.927500742e+00,1.13033e-12,9.99999e-01,1.28221e-12,6.70223e-01,9.98210e-01,9.81375e-01
3.947138246e+00,1.61204e-18,9.99999e-01,1.96808e-18,7.76547e-01,9.98245e-01,9.89667e-01
3.966873937e+00,6.28542e-28,9.99999e-01,7.15655e-28,5.31484e-01,9.98280e-01,9.97826e-01
3.986708307e+00,3.29843e-43,9.99999e-01,3.51466e-43,8.93454e-01,9.98313e-01,9.99997e-01
4.006641849e+00,1.79308e-78,9.99999e-01,1.84129e-78,9.60476e-01,9.98347e-01,9.99997e-01
4.026675058e+00,0.00000e+00,9.99999e-01,0.00000e+00,9.54406e-01,9.98379e-01,9.99996e-01
4.046808433e+00,0.00000e+00,9.99999e-01,0.00000e+00,9.45147e-01,9.98411e-01,9.99996e-01
4.067042475e+00,0.00000e+00,9.99999e-01,0.00000e+00,9.37041e-01,9.98443e-01,9.99996e-01
4.087377688e+00,0.00000e+00,9.99999e-01,0.00000e+00,9.32657e-01,9.98473e-01,9.99996e-01
4.107814576e+00,0.00000e+00,9.99999e-01,0.00000e+00,9.07948e-01,9.98503e-01,9.99996e-01
4.128353649e+00,0.00000e+00,9.99999e-01,0.00000e+00,8.59161e-01,9.98533e-01,9.99996e-01
4.148995417e+00,0.00000e+00,9.99999e-01,0.00000e+00,8.28015e-01,9.98562e-01,9.99996e-01
4.169740394e+00,0.00000e+00,9.99999e-01,0.00000e+00,7.40374e-01,9.98590e-01,9.99996e-01
4.190589096e+00,0.00000e+00,9.99999e-01,0.00000e+00,6.93325e-01,9.98618e-01,9.99995e-01
4.211542042e+00,0.00000e+00,9.99999e-01,0.00000e+00,5.62214e-01,9.98645e-01,9.99995e-01
4.232599752e+00,0.00000e+00,9.99999e-01,0.00000e+00,5.29395e-01,9.98672e-01,9.99995e-01
4.253762751e+00,0.00000e+00,9.99999e-01,0.00000e+00,4.46768e-01,9.98698e-01,9.99995e-01
4.275031564e+00,0.00000e+00,9.99999e-01,0.00000e+00,3.28580e-01,9.98724e-01,9.99995e-01
4.296406722e+00,0.00000e+00,9.99999e-01,0.00000e+00,2.34130e-01,9.98749e-01,9.99994e-01
4.317888756e+00,0.00000e+00,9.99999e-01,0.00000e+00,2.79980e-01,9.98774e-01,9.99994e-01
4.339478200e+00,0.00000e+00,9.99999e-01,0.00000e+00,2.02041e-01,9.98798e-01,9.99993e-01
4.361175591e+00,0.00000e+00,9.99999e-01,0.00000e+00,1.56860e-01,9.98822e-01,9.99993e-01
4.382981469e+00,0.00000e+00,9.99999e-01,0.00000e+00,1.58716e-01,9.98845e-01,9.99992e-01
4.404896376e+00,0.00000e+00,9.99999e-01,0.00000e+00,1.48001e-01,9.98868e-01,9.99992e-01
4.426920858e+00,0.00000e+00,9.99999e-01,0.00000e+00,7.84223e-02,9.98890e-01,9.99991e-01
4.449055462e+00,0.00000e+00,9.99999e-01,0.00000e+00,1.51276e-01,9.98912e-01,9.99990e-01
4.471300739e+00,0.00000e+00,9.99999e-01,0.00000e+00,8.94334e-02,9.98933e-01,9.99990e-01
4.493657243e+00,0.00000e+00,9.99999e-01,0.00000e+00,1.46501e-01,9.98954e-01,9.99989e-01
4.516125529e+00,0.00000e+00,9.99999e-01,0.00000e+00,5.58851e-02,9.98975e-01,9.99987e-01
4.538706157e+00,0.00000e+00,9.99999e-01,0.00000e+00,1.11561e-01,9.98995e-01,9.99986e-01
4.561399688e+00,0.00000e+00,9.99999e-01,0.00000e+00,1.00805e-01,9.99015e-01,9.99984e-01
4.584206686e+00,0.00000e+00,9.99999e-01,0.00000e+00,1.54090e-01,9.99035e-01,9.99983e-01
4.607127720e+00,0.00000e+00,9.99999e-01,0.00000e+00,9.13797e-02,9.99054e-01,9.99980e-01
4.630163358e+00,0.00000e+00,9.99999e-01,0.00000e+00,2.21786e-02,9.99072e-01,9.99977e-01
4.653314175e+00,0.00000e+00,9.99999e-01,0.00000e+00,1.86493e-02,9.99091e-01,9.99974e-01
4.676580746e+00,0.00000e+00,9.99999e-01,0.00000e+00,3.19272e-03,9.99108e-01,9.99970e-01
4.699963650e+00,0.00000e+00,9.99999e-01,0.00000e+00,1.42176e-02,9.99126e-01,9.99965e-01
4.723463468e+00,0.00000e+00,9.99999e-01,0.00000e+00,2.86346e-03,9.99143e-01,9.99959e-01
4.747080785e+00,0.00000e+00,9.99999e-01,0.00000e+00,2.63081e-02,9.99160e-01,9.99952e-01
4.770816189e+00,0.00000e+00,9.99999e-01,0.00000e+00,4.32341e-03,9.99177e-01,9.99943e-01
4.794670270e+00,0.00000e+00,9.99999e-01,0.00000e+00,9.61226e-04,9.99193e-01,9.99933e-01
4.818643622e+00,0.00000e+00,9.99999e-01,0.00000e+00,6.59060e-04,9.99209e-01,9.99920e-01
4.842736840e+00,0.00000e+00,9.99999e-01,0.00000e+00,1.88854e-04,9.99224e-01,9.99906e-01
4.866950524e+00,0.00000e+00,9.99999e-01,0.00000e+00,2.09469e-03,9.99240e-01,9.99889e-01
4.891285276e+00,0.00000e+00,9.99999e-01,0.00000e+00,6.26886e-05,9.99255e-01,9.99867e-01
4.915741703e+00,0.00000e+00,9.99999e-01,0.00000e+00,3.79332e-04,9.99269e-01,9.99845e-01
4.940320411e+00,0.00000e+00,9.99999e-01,0.00000e+00,4.43977e-05,9.99284e-01,9.99815e-01
4.965022013e+00,0.00000e+00,9.99999e-01,0.00000e+00,2.78070e-06,9.99298e-01,9.99785e-01
4.989847123e+00,0.00000e+00,9.99999e-01,0.00000e+00,2.64070e-05,9.99312e-01,9.99758e-01
5.014796359e+00,0.00000e+00,9.99999e-01,0.00000e+00,5.24327e-07,9.99325e-01,9.99720e-01
5.039870341e+00,0.00000e+00,9.99999e-01,0.00000e+00,1.54572e-06,9.99339e-01,9.99675e-01
5.065069693e+00,0.00000e+00,9.99999e-01,0.00000e+00,2.46012e-06,9.99352e-01,9.99612e-01
5.090395041e+00,0.00000e+00,9.99999e-01,0.00000e+00,7.16816e-09,9.99365e-01,9.99552e-01
5.115847016e+00,0.00000e+00,9.99999e-01,0.00000e+00,2.31511e-09,9.99377e-01,9.99479e-01
5.141426251e+00,0.00000e+00,9.99999e-01,0.00000e+00,5.65674e-12,9.99389e-01,9.99399e-01
5.167133383e+00,0.00000e+00,9.99999e-01,0.00000e+00,2.38699e-13,9.99401e-01,9.99318e-01
5.192969049e+00,0.00000e+00,9.99999e-01,0.00000e+00,2.63569e-13,9.99413e-01,9.99226e-01
5.218933895e+00,0.00000e+00,9.99999e-01,0.00000e+00,1.44736e-20,9.99425e-01,9.99140e-01
5.245028564e+00,0.00000e+00,9.99999e-01,0.00000e+00,1.23216e-15,9.99436e-01,9.99055e-01
5.271253707e+00,0.00000e+00,9.99999e-01,0.00000e+00,1.27768e-16,9.99447e-01,9.98939e-01
5.297609976e+00,0.00000e+00,9.99999e-01,0.00000e+00,1.47970e-19,9.99458e-01,9.98825e-01
5.324098025e+00,0.00000e+00,9.99999e-01,0.00000e+00,4.98952e-20,9.99469e-01,9.98720e-01
5.350718516e+00,0.00000e+00,9.99999e-01,0.00000e+00,2.67414e-24,9.99479e-01,9.98535e-01
5.377472108e+00,0.00000e+00,9.99999e-01,0.00000e+00,4.40349e-25,9.99490e-01,9.98441e-01
5.404359469e+00,0.00000e+00,9.99999e-01,0.00000e+00,4.71812e-25,9.99500e-01,9.98233e-01
5.431381266e+00,0.00000e+00,9.99999e-01,0.00000e+00,1.14687e-45,9.99509e-01,9.98098e-01
5.458538172e+00,0.00000e+00,9.99999e-01,0.00000e+00,9.01310e-46,9.99519e-01,9.97894e-01
5.485830863e+00,0.00000e+00,9.99999e-01,2.19799e-287,9.76417e-49,9.99529e-01,9.97651e-01
5.513260018e+00,3.57353e-261,9.99999e-01,1.45644e-211,1.81536e-51,9.99538e-01,9.97412e-01
5.540826318e+00,2.36591e-192,9.99999e-01,1.79249e-140,4.15104e-54,9.99547e-01,9.97122e-01
5.568530449e+00,2.54695e-188,9.99999e-01,2.77227e-106,2.91753e-84,9.99556e-01,9.66993e-01
5.596373101e+00,7.03818e-157,9.99999e-01,1.28511e-78,1.73219e-80,9.99565e-01,9.52421e-01
5.624354967e+00,3.65350e-140,9.99999e-01,1.98992e-69,1.25730e-72,9.99573e-01,9.37326e-01
5.652476742e+00,4.75439e-136,9.99999e-01,5.66241e-59,2.86438e-79,9.99582e-01,9.17639e-01
5.680739126e+00,2.06373e-142,9.99999e-01,4.56517e-53,2.48770e-91,9.99590e-01,8.93563e-01
5.709142821e+00,2.58879e-148,9.99999e-01,3.23030e-50,1.73591e-99,9.99598e-01,8.62662e-01
5.737688535e+00,1.16218e-146,9.99999e-01,1.11165e-51,2.16768e-96,9.99606e-01,8.20992e-01
5.766376978e+00,5.75864e-117,9.99999e-01,1.31592e-45,1.70710e-73,9.99614e-01,7.71944e-01
5.795208863e+00,1.48848e-98,9.99999e-01,2.55727e-33,5.33112e-67,9.99621e-01,7.11197e-01
5.824184907e+00,2.58670e-104,9.99999e-01,3.86986e-24,1.51319e-81,9.99629e-01,6.33817e-01
5.853305832e+00,3.24853e-103,9.99999e-01,1.47272e-24,3.83132e-80,9.99636e-01,5.48663e-01
5.882572361e+00,2.81663e-125,9.99999e-01,1.14221e-28,1.69571e-98,9.99643e-01,4.52996e-01
5.911985223e+00,5.45060e-118,9.99999e-01,7.11451e-25,1.63034e-94,9.99650e-01,3.52179e-01
5.941545149e+00,3.85760e-109,9.99999e-01,2.12885e-13,2.19654e-97,9.99657e-01,2.58035e-01
5.971252874e+00,1.56101e-91,9.99999e-01,1.91058e-08,4.47069e-84,9.99664e-01,1.67057e-01
6.001109139e+00,1.21805e-63,9.99999e-01,9.83418e-07,8.21270e-57,9.99670e-01,9.43542e-02
6.031114685e+00,7.36522e-70,9.99999e-01,1.67302e-07,1.46262e-62,9.99677e-01,4.65840e-02
6.061270258e+00,8.90772e-72,9.99999e-01,6.21832e-10,3.13682e-62,9.99683e-01,1.86021e-02
6.091576609e+00,4.80532e-67,9.99999e-01,9.25917e-14,1.01866e-52,9.99690e-01,5.15655e-03
6.122034492e+00,2.97414e-52,9.99999e-01,9.89346e-18,1.22408e-33,9.99696e-01,9.56107e-04
6.152644665e+00,4.20230e-60,9.99999e-01,6.72231e-24,2.87975e-34,9.99702e-01,1.19121e-04
6.183407888e+00,1.16227e-53,9.99999e-01,1.34021e-27,4.11150e-23,9.99708e-01,7.96004e-06
6.214324928e+00,4.12125e-50,9.99999e-01,2.94007e-29,9.41456e-16,9.99713e-01,2.37709e-07
6.245396552e+00,1.15752e-40,9.99999e-01,1.51297e-22,5.59173e-11,9.99719e-01,2.51134e-09
6.276623535e+00,7.86135e-42,9.99999e-01,2.26117e-20,1.82207e-11,9.99724e-01,7.01706e-12
6.308006653e+00,1.72481e-45,9.99999e-01,1.74369e-21,2.56055e-11,9.99730e-01,3.62336e-15
6.339546686e+00,7.16322e-69,9.99999e-01,1.17352e-28,9.38600e-24,9.99735e-01,2.28272e-19
6.371244419e+00,1.33376e-104,9.99999e-01,1.72068e-32,2.16376e-50,9.99740e-01,1.10515e-24
6.403100641e+00,1.19299e-122,9.99999e-01,8.61207e-24,6.98606e-71,9.99746e-01,7.68939e-31
6.435116145e+00,4.54883e-202,9.99999e-01,2.35148e-11,2.61152e-155,9.99751e-01,2.25366e-38
6.467291725e+00,6.67457e-212,9.99999e-01,3.60726e-06,3.27106e-156,9.99755e-01,4.24458e-52
6.499628184e+00,2.90045e-245,9.99999e-01,3.25218e-03,2.50807e-178,9.99760e-01,5.34812e-66
6.532126325e+00,1.85173e-239,9.99999e-01,3.44723e-02,2.05348e-157,9.99765e-01,1.35747e-81
6.564786956e+00,7.89029e-294,9.99999e-01,9.32300e-02,3.18251e-189,9.99770e-01,1.82933e-104
6.597610891e+00,0.00000e+00,9.99999e-01,1.42151e-01,3.72695e-255,9.99774e-01,1.45566e-127
6.630598946e+00,0.00000e+00,9.99999e-01,1.82553e-01,9.72316e-168,9.99779e-01,3.02871e-160
6.663751940e+00,0.00000e+00,9.99999e-01,1.82369e-01,3.34139e-156,9.99783e-01,8.16887e-195
6.697070700e+00,0.00000e+00,9.99999e-01,1.14347e-01,1.41103e-123,9.99787e-01,2.66446e-239
6.730556054e+00,0.00000e+00,9.99999e-01,4.79452e-02,1.04715e-84,9.99791e-01,6.65310e-286
6.764208834e+00,0.00000e+00,9.99999e-01,9.82455e-03,9.14313e-85,9.99795e-01,0.00000e+00
6.798029878e+00,0.00000e+00,9.99999e-01,9.59902e-04,7.34177e-104,9.99799e-01,0.00000e+00
6.832020027e+00,0.00000e+00,9.99999e-01,2.48009e-05,6.72365e-104,9.99803e-01,0.00000e+00
6.866180128e+00,0.00000e+00,9.99999e-01,8.55481e-08,2.21391e-119,9.99807e-01,0.00000e+00
6.900511028e+00,0.00000e+00,9.99999e-01,5.10232e-11,1.75307e-68,9.99811e-01,0.00000e+00
6.935013583e+00,0.00000e+00,9.99999e-01,8.68990e-18,2.42284e-68,9.99815e-01,0.00000e+00
6.969688651e+00,0.00000e+00,9.99999e-01,4.54841e-25,6.30936e-86,9.99818e-01,0.00000e+00
7.004537095e+00,0.00000e+00,9.99999e-01,2.94642e-39,1.14345e-84,9.99822e-01,0.00000e+00
7.039559780e+00,0.00000e+00,9.99999e-01,1.63042e-50,6.08156e-92,9.99825e-01,0.00000e+00
7.074757579e+00,0.00000e+00,9.99999e-01,2.90261e-69,2.71361e-72,9.99829e-01,0.00000e+00
7.110131367e+00,0.00000e+00,9.99999e-01,1.33857e-80,1.16791e-71,9.99832e-01,0.00000e+00
7.145682024e+00,0.00000e+00,9.99999e-01,3.72647e-96,2.53803e-80,9.99836e-01,0.00000e+00
7.181410434e+00,0.00000e+00,9.99999e-01,6.51005e-105,6.37399e-102,9.99839e-01,0.00000e+00
7.217317486e+00,0.00000e+00,9.99999e-01,4.05522e-110,2.16930e-75,9.99842e-01,0.00000e+00
7.253404073e+00,0.00000e+00,9.99999e-01,1.08858e-108,1.56886e-75,9.99845e-01,0.00000e+00
7.289671094e+00,0.00000e+00,9.99999e-01,2.61629e-86,3.24657e-66,9.99848e-01,0.00000e+00
7.326119449e+00,0.00000e+00,9.99999e-01,2.19007e-81,4.98722e-66,9.99851e-01,0.00000e+00
7.362750046e+00,0.00000e+00,9.99999e-01,1.46695e-88,2.46359e-48,9.99854e-01,0.00000e+00
7.399563797e+00,0.00000e+00,9.99999e-01,6.43373e-88,1.73611e-39,9.99857e-01,0.00000e+00
7.436561616e+00,0.00000e+00,9.99999e-01,2.51146e-73,3.87055e-43,9.99860e-01,0.00000e+00
7.473744424e+00,0.00000e+00,9.99999e-01,1.79928e-48,1.08441e-40,9.99862e-01,0.00000e+00
7.511113146e+00,0.00000e+00,9.99999e-01,3.22273e-34,4.45681e-35,9.99865e-01,0.00000e+00
7.548668712e+00,0.00000e+00,9.99999e-01,3.98106e-21,6.59957e-37,9.99868e-01,0.00000e+00
7.586412055e+00,0.00000e+00,9.99999e-01,1.37779e-17,6.13111e-66,9.99870e-01,0.00000e+00
7.624344115e+00,0.00000e+00,9.99999e-01,4.05208e-17,8.37837e-33,9.99873e-01,0.00000e+00
7.662465836e+00,0.00000e+00,9.99999e-01,9.37299e-20,2.36993e-20,9.99875e-01,0.00000e+00
7.700778165e+00,0.00000e+00,9.99999e-01,2.08481e-26,1.14732e-20,9.99878e-01,0.00000e+00
7.739282056e+00,0.00000e+00,9.99999e-01,3.20114e-43,2.46346e-33,9.99880e-01,0.00000e+00
7.777978466e+00,0.00000e+00,9.99999e-01,1.21513e-57,5.78966e-23,9.99883e-01,0.00000e+00
7.816868359e+00,0.00000e+00,9.99999e-01,1.30274e-77,6.26073e-19,9.99885e-01,0.00000e+00
7.855952700e+00,0.00000e+00,9.99999e-01,2.13234e-79,1.99156e-19,9.99887e-01,0.00000e+00
7.895232464e+00,0.00000e+00,9.99999e-01,7.53625e-67,2.27764e-19,9.99889e-01,0.00000e+00
7.934708626e+00,0.00000e+00,9.99999e-01,1.62699e-61,3.33625e-12,9.99891e-01,0.00000e+00
7.974382169e+00,0.00000e+00,9.99999e-01,9.85394e-68,5.34062e-09,9.99894e-01,0.00000e+00
8.014254080e+00,0.00000e+00,9.99999e-01,1.11571e-81,1.00207e-09,9.99896e-01,0.00000e+00
8.054325351e+00,0.00000e+00,9.99999e-01,1.70801e-83,2.83484e-09,9.99898e-01,0.00000e+00
8.094596977e+00,0.00000e+00,9.99999e-01,5.31504e-80,2.88377e-07,9.99900e-01,0.00000e+00
8.135069962e+00,0.00000e+00,9.99999e-01,1.88012e-72,3.46549e-07,9.99902e-01,0.00000e+00
8.175745312e+00,0.00000e+00,9.99999e-01,3.98977e-60,4.99774e-08,9.99904e-01,0.00000e+00
8.216624039e+00,0.00000e+00,9.99999e-01,5.00836e-52,4.73760e-06,9.99906e-01,1.07092e-274
8.257707159e+00,1.02909e-257,9.99999e-01,2.33855e-41,7.68438e-05,9.99907e-01,2.71565e-214
8.298995695e+00,1.68677e-203,9.99999e-01,2.14842e-37,9.64788e-04,9.99909e-01,4.57514e-164
8.340490673e+00,3.60349e-161,9.99999e-01,1.40172e-34,1.79953e-04,9.99911e-01,3.90114e-124
8.382193126e+00,1.36765e-127,9.99999e-01,3.38802e-32,2.57073e-03,9.99913e-01,8.43914e-94
8.424104092e+00,6.27742e-99,9.99999e-01,3.87236e-26,5.93135e-04,9.99914e-01,3.20010e-71
8.466224613e+00,1.43926e-76,9.99999e-01,1.54447e-20,1.85266e-03,9.99916e-01,2.96038e-54
8.508555736e+00,1.69497e-52,9.99999e-01,2.27665e-12,7.24445e-04,9.99918e-01,5.00848e-39
8.551098514e+00,7.93753e-39,9.99999e-01,5.59874e-09,2.08897e-02,9.99919e-01,3.65535e-29
8.593854007e+00,7.74759e-32,9.99999e-01,1.45112e-08,8.50689e-02,9.99921e-01,4.92077e-23
8.636823277e+00,7.02460e-28,9.99999e-01,5.62431e-10,1.07617e-01,9.99922e-01,9.81239e-18
8.680007393e+00,1.58711e-25,9.99999e-01,2.48073e-11,2.80026e-02,9.99924e-01,1.22904e-13
8.723407430e+00,2.91530e-23,9.99999e-01,4.30186e-12,5.72544e-02,9.99925e-01,1.04280e-10
8.767024467e+00,5.37092e-23,9.99999e-01,4.90818e-14,3.43011e-02,9.99927e-01,1.91930e-08
8.810859590e+00,3.05879e-51,9.99999e-01,1.09650e-44,4.41730e-02,9.99928e-01,1.55257e-06
8.854913888e+00,1.17212e-157,9.99999e-01,1.18575e-152,2.42504e-01,9.99930e-01,3.41492e-05
8.899188457e+00,0.00000e+00,9.99999e-01,0.00000e+00,1.96029e-01,9.99931e-01,3.64318e-04
8.943684399e+00,0.00000e+00,9.99999e-01,0.00000e+00,1.20565e-01,9.99932e-01,2.62978e-03
8.988402821e+00,0.00000e+00,9.99999e-01,0.00000e+00,1.04188e-01,9.99934e-01,1.04823e-02
9.033344836e+00,0.00000e+00,9.99999e-01,0.00000e+00,6.47418e-02,9.99935e-01,3.00731e-02
9.078511560e+00,0.00000e+00,9.99999e-01,0.00000e+00,1.25588e-01,9.99936e-01,6.80316e-02
9.123904118e+00,0.00000e+00,9.99999e-01,0.00000e+00,2.30975e-01,9.99938e-01,1.26772e-01
9.169523638e+00,0.00000e+00,9.99999e-01,0.00000e+00,1.66484e-01,9.99939e-01,2.05207e-01
9.215371256e+00,0.00000e+00,9.99999e-01,0.00000e+00,3.83773e-01,9.99940e-01,2.96132e-01
9.261448113e+00,0.00000e+00,9.99999e-01,0.00000e+00,3.51760e-01,9.99941e-01,3.93330e-01
9.307755353e+00,0.00000e+00,9.99999e-01,0.00000e+00,2.16451e-01,9.99942e-01,4.80152e-01
9.354294130e+00,0.00000e+00,9.99999e-01,0.00000e+00,1.60163e-01,9.99943e-01,5.69075e-01
9.401065601e+00,0.00000e+00,9.99999e-01,0.00000e+00,6.28243e-02,9.99944e-01,6.49030e-01
9.448070929e+00,0.00000e+00,9.99999e-01,0.00000e+00,1.11856e-01,9.99946e-01,7.11819e-01
9.495311283e+00,0.00000e+00,9.99999e-01,0.00000e+00,3.24722e-01,9.99947e-01,7.65446e-01
9.542787840e+00,0.00000e+00,9.99999e-01,0.00000e+00,4.35028e-01,9.99948e-01,8.14352e-01
9.590501779e+00,0.00000e+00,9.99999e-01,0.00000e+00,2.71783e-01,9.99949e-01,8.54305e-01
9.638454288e+00,0.00000e+00,9.99999e-01,0.00000e+00,2.64007e-01,9.99950e-01,8.83537e-01
9.686646559e+00,0.00000e+00,9.99999e-01,0.00000e+00,2.90144e-01,9.99951e-01,9.07228e-01
9.735079792e+00,0.00000e+00,9.99999e-01,0.00000e+00,3.96122e-01,9.99952e-01,9.26291e-01
9.783755191e+00,0.00000e+00,9.99999e-01,0.00000e+00,3.19014e-01,9.99952e-01,9.41558e-01
9.832673967e+00,0.00000e+00,9.99999e-01,0.00000e+00,8.34101e-02,9.99953e-01,9.53744e-01
9.881837337e+00,0.00000e+00,9.99999e-01,0.00000e+00,1.87985e-02,9.99954e-01,9.63428e-01
9.931246523e+00,0.00000e+00,9.99999e-01,0.00000e+00,1.86112e-01,9.99955e-01,9.71767e-01
9.980902756e+00,0.00000e+00,9.99999e-01,0.00000e+00,3.30759e-01,9.99956e-01,9.99927e-01
1.003080727e+01,0.00000e+00,9.99999e-01,0.00000e+00,3.32505e-01,9.99957e-01,9.99926e-01
1.008096131e+01,0.00000e+00,9.99999e-01,0.00000e+00,3.83664e-01,9.99958e-01,9.99926e-01
1.013136611e+01,0.00000e+00,9.99999e-01,0.00000e+00,4.80165e-01,9.99959e-01,9.99925e-01
1.018202294e+01,0.00000e+00,9.99999e-01,0.00000e+00,5.20113e-01,9.99959e-01,9.99924e-01
1.023293306e+01,0.00000e+00,9.99999e-01,0.00000e+00,3.17738e-01,9.99960e-01,9.99923e-01
1.028409772e+01,0.00000e+00,9.99999e-01,0.00000e+00,1.29898e-01,9.99961e-01,9.99922e-01
1.033551821e+01,0.00000e+00,9.99999e-01,0.00000e+00,1.06433e-01,9.99962e-01,9.99921e-01
1.038719580e+01,0.00000e+00,9.99999e-01,0.00000e+00,3.09432e-02,9.99962e-01,9.99921e-01
1.043913178e+01,0.00000e+00,9.99999e-01,0.00000e+00,3.46502e-02,9.99963e-01,9.99920e-01
1.049132744e+01,0.00000e+00,9.99999e-01,0.00000e+00,1.32498e-01,9.99964e-01,9.99919e-01
1.054378408e+01,0.00000e+00,9.99999e-01,0.00000e+00,2.13365e-01,9.99965e-01,9.99917e-01
1.059650300e+01,0.00000e+00,9.99999e-01,0.00000e+00,1.96317e-01,9.99965e-01,9.99916e-01
1.064948551e+01,0.00000e+00,9.99999e-01,0.00000e+00,1.65550e-01,9.99966e-01,9.99915e-01
1.070273294e+01,0.00000e+00,9.99999e-01,0.00000e+00,7.91472e-02,9.99967e-01,9.99913e-01
1.075624661e+01,0.00000e+00,9.99999e-01,0.00000e+00,9.04685e-02,9.99967e-01,9.99911e-01
1.081002784e+01,0.00000e+00,9.99999e-01,0.00000e+00,9.65018e-02,9.99968e-01,9.99910e-01
1.086407798e+01,0.00000e+00,9.99999e-01,0.00000e+00,2.07442e-02,9.99968e-01,9.99908e-01
1.091839837e+01,0.00000e+00,9.99999e-01,0.00000e+00,4.19101e-03,9.99969e-01,9.99907e-01
1.097299036e+01,0.00000e+00,9.99999e-01,0.00000e+00,1.89706e-04,9.99970e-01,9.99905e-01
1.102785531e+01,0.00000e+00,9.99999e-01,0.00000e+00,7.69096e-05,9.99970e-01,9.99904e-01
1.108299459e+01,0.00000e+00,9.99999e-01,0.00000e+00,1.04229e-02,9.99971e-01,9.99903e-01
1.113840956e+01,0.00000e+00,9.99999e-01,0.00000e+00,7.43334e-02,9.99971e-01,9.99902e-01
1.119410161e+01,0.00000e+00,9.99999e-01,0.00000e+00,1.29777e-01,9.99972e-01,9.99900e-01
1.125007212e+01,0.00000e+00,9.99999e-01,0.00000e+00,6.15626e-02,9.99972e-01,9.99899e-01
1.130632248e+01,0.00000e+00,9.99999e-01,0.00000e+00,4.56716e-02,9.99973e-01,9.99898e-01
1.136285409e+01,0.00000e+00,9.99999e-01,0.00000e+00,9.66305e-02,9.99973e-01,9.99896e-01
1.141966836e+01,0.00000e+00,9.99999e-01,0.00000e+00,1.18839e-01,9.99974e-01,9.99895e-01
1.147676670e+01,0.00000e+00,9.99999e-01,0.00000e+00,7.44832e-02,9.99974e-01,9.99894e-01
1.153415054e+01,0.00000e+00,9.99999e-01,0.00000e+00,1.29107e-02,9.99975e-01,9.99892e-01
1.159182129e+01,0.00000e+00,9.99999e-01,0.00000e+00,3.22400e-03,9.99975e-01,9.99891e-01
1.164978039e+01,0.00000e+00,9.99999e-01,0.00000e+00,1.35460e-04,9.99976e-01,9.99889e-01
1.170802930e+01,0.00000e+00,9.99999e-01,0.00000e+00,1.35019e-05,9.99976e-01,9.99887e-01
1.176656944e+01,0.00000e+00,9.99999e-01,0.00000e+00,9.79571e-04,9.99977e-01,9.99886e-01
1.182540229e+01,0.00000e+00,9.99999e-01,0.00000e+00,1.05685e-02,9.99977e-01,9.99884e-01
1.188452930e+01,0.00000e+00,9.99999e-01,0.00000e+00,1.10162e-02,9.99978e-01,9.99883e-01
1.194395195e+01,0.00000e+00,9.99999e-01,0.00000e+00,2.00575e-02,9.99978e-01,9.99881e-01
1.200367171e+01,0.00000e+00,9.99999e-01,0.00000e+00,4.54772e-02,9.99978e-01,9.99879e-01
1.206369007e+01,0.00000e+00,9.99999e-01,0.00000e+00,1.43091e-02,9.99979e-01,9.99877e-01
1.212400852e+01,0.00000e+00,9.99999e-01,0.00000e+00,4.21241e-02,9.99979e-01,9.99875e-01
1.218462856e+01,0.00000e+00,9.99999e-01,0.00000e+00,4.00901e-02,9.99980e-01,9.99872e-01
1.224555170e+01,0.00000e+00,9.99999e-01,0.00000e+00,2.21535e-03,9.99980e-01,9.99870e-01
1.230677946e+01,0.00000e+00,9.99999e-01,0.00000e+00,3.39827e-04,9.99980e-01,9.99867e-01
1.236831336e+01,0.00000e+00,9.99999e-01,0.00000e+00,1.18658e-05,9.99981e-01,9.99865e-01
1.243015492e+01,0.00000e+00,9.99999e-01,0.00000e+00,4.36894e-08,9.99981e-01,9.99862e-01
1.249230570e+01,0.00000e+00,9.99999e-01,0.00000e+00,1.03920e-07,9.99982e-01,9.99859e-01
1.255476723e+01,0.00000e+00,9.99999e-01,0.00000e+00,8.96060e-07,9.99982e-01,9.99856e-01
1.261754106e+01,0.00000e+00,9.99999e-01,0.00000e+00,6.15631e-04,9.99982e-01,9.99853e-01
1.268062877e+01,0.00000e+00,9.99999e-01,0.00000e+00,4.27064e-03,9.99983e-01,9.99849e-01
1.274403191e+01,0.00000e+00,9.99999e-01,0.00000e+00,2.31583e-03,9.99983e-01,9.99846e-01
1.280775207e+01,0.00000e+00,9.99999e-01,0.00000e+00,8.17012e-03,9.99983e-01,9.99842e-01
1.287179083e+01,0.00000e+00,9.99999e-01,0.00000e+00,1.75725e-03,9.99983e-01,9.99838e-01
1.293614979e+01,0.00000e+00,9.99999e-01,0.00000e+00,3.50862e-03,9.99984e-01,9.99834e-01
1.300083054e+01,0.00000e+00,9.99999e-01,0.00000e+00,1.30384e-04,9.99984e-01,9.99830e-01
1.306583469e+01,0.00000e+00,9.99999e-01,0.00000e+00,9.08457e-05,9.99984e-01,9.99826e-01
1.313116386e+01,0.00000e+00,9.99999e-01,0.00000e+00,5.10257e-05,9.99985e-01,9.99821e-01
1.319681968e+01,0.00000e+00,9.99999e-01,0.00000e+00,2.08469e-05,9.99985e-01,9.99817e-01
1.326280378e+01,0.00000e+00,9.99999e-01,0.00000e+00,2.53164e-08,9.99985e-01,9.99812e-01
1.332911780e+01,0.00000e+00,9.99999e-01,0.00000e+00,2.70287e-08,9.99985e-01,9.99807e-01
1.339576339e+01,0.00000e+00,9.99999e-01,0.00000e+00,6.86984e-09,9.99986e-01,9.92290e-01
1.346274221e+01,0.00000e+00,9.99999e-01,0.00000e+00,7.73780e-13,9.99986e-01,9.91515e-01
1.353005592e+01,0.00000e+00,9.99999e-01,0.00000e+00,5.34502e-07,9.99986e-01,9.90661e-01
1.359770620e+01,0.00000e+00,9.99999e-01,0.00000e+00,2.32829e-06,9.99987e-01,9.89844e-01
1.366569473e+01,0.00000e+00,9.99999e-01,0.00000e+00,1.70411e-06,9.99987e-01,9.88951e-01
1.373402320e+01,0.00000e+00,9.99999e-01,0.00000e+00,7.51571e-05,9.99987e-01,9.87983e-01
1.380269332e+01,0.00000e+00,9.99999e-01,0.00000e+00,1.83460e-04,9.99987e-01,9.86927e-01
1.387170678e+01,0.00000e+00,9.99999e-01,0.00000e+00,9.48490e-06,9.99987e-01,9.85609e-01
1.394106532e+01,0.00000e+00,9.99999e-01,0.00000e+00,1.66117e-06,9.99988e-01,9.84349e-01
1.401077064e+01,0.00000e+00,9.99999e-01,0.00000e+00,8.47238e-08,9.99988e-01,9.82973e-01
1.408082450e+01,0.00000e+00,9.99999e-01,0.00000e+00,9.67967e-08,9.99988e-01,9.81483e-01
1.415122862e+01,0.00000e+00,9.99999e-01,0.00000e+00,5.56029e-11,9.99988e-01,9.79856e-01
1.422198476e+01,0.00000e+00,9.99999e-01,0.00000e+00,1.61707e-14,9.99989e-01,9.78098e-01
1.429309469e+01,0.00000e+00,9.99999e-01,0.00000e+00,9.58135e-14,9.99989e-01,9.76175e-01
1.436456016e+01,0.00000e+00,9.99999e-01,0.00000e+00,4.42434e-17,9.99989e-01,9.74094e-01
1.443638296e+01,0.00000e+00,9.99999e-01,0.00000e+00,2.04315e-19,9.99989e-01,9.71827e-01
1.450856487e+01,0.00000e+00,9.99999e-01,0.00000e+00,9.73981e-14,9.99989e-01,9.69368e-01
1.458110770e+01,0.00000e+00,9.99999e-01,0.00000e+00,7.19131e-10,9.99990e-01,9.66691e-01
1.465401324e+01,0.00000e+00,9.99999e-01,0.00000e+00,8.49288e-09,9.99990e-01,9.63795e-01
1.472728330e+01,0.00000e+00,9.99999e-01,0.00000e+00,1.00562e-08,9.99990e-01,9.61108e-01
1.480091972e+01,0.00000e+00,9.99999e-01,0.00000e+00,3.89639e-10,9.99990e-01,9.57724e-01
1.487492432e+01,0.00000e+00,9.99999e-01,0.00000e+00,1.86226e-16,9.99990e-01,9.54065e-01
1.494929894e+01,0.00000e+00,9.99999e-01,0.00000e+00,2.59001e-13,9.99990e-01,9.50085e-01
1.502404544e+01,0.00000e+00,9.99999e-01,0.00000e+00,6.68557e-11,9.99991e-01,9.45787e-01
1.509916566e+01,0.00000e+00,9.99999e-01,0.00000e+00,1.99388e-10,9.99991e-01,9.41802e-01
1.517466149e+01,0.00000e+00,9.99999e-01,0.00000e+00,1.21154e-11,9.99991e-01,9.37541e-01
1.525053480e+01,0.00000e+00,9.99999e-01,0.00000e+00,2.65882e-10,9.99991e-01,9.32170e-01
1.532678747e+01,0.00000e+00,9.99999e-01,0.00000e+00,1.93807e-12,9.99991e-01,9.26390e-01
1.540342141e+01,0.00000e+00,9.99999e-01,0.00000e+00,3.13470e-15,9.99991e-01,9.21044e-01
1.548043852e+01,0.00000e+00,9.99999e-01,0.00000e+00,6.03286e-17,9.99992e-01,9.15327e-01
1.555784071e+01,0.00000e+00,9.99999e-01,0.00000e+00,1.62850e-21,9.99992e-01,9.08152e-01
1.563562991e+01,0.00000e+00,9.99999e-01,0.00000e+00,3.13629e-31,9.99992e-01,9.00432e-01
1.571380806e+01,0.00000e+00,9.99999e-01,0.00000e+00,9.14862e-32,9.99992e-01,8.93322e-01
1.579237710e+01,0.00000e+00,9.99999e-01,0.00000e+00,2.52641e-23,9.99992e-01,8.85724e-01
1.587133899e+01,0.00000e+00,9.99999e-01,0.00000e+00,6.31616e-20,9.99992e-01,8.77631e-01
1.595069568e+01,0.00000e+00,9.99999e-01,0.00000e+00,4.18167e-22,9.99992e-01,8.69012e-01
1.603044916e+01,0.00000e+00,9.99999e-01,0.00000e+00,8.12913e-30,9.99993e-01,8.59835e-01
1.611060141e+01,0.00000e+00,9.99999e-01,0.00000e+00,4.32653e-29,9.99993e-01,8.48367e-01
1.619115441e+01,0.00000e+00,9.99999e-01,0.00000e+00,5.49174e-28,9.99993e-01,8.36100e-01
1.627211019e+01,0.00000e+00,9.99999e-01,0.00000e+00,1.71491e-31,9.99993e-01,8.24865e-01
1.635347074e+01,0.00000e+00,9.99999e-01,0.00000e+00,1.00027e-28,9.99993e-01,8.12952e-01
1.643523809e+01,0.00000e+00,9.99999e-01,0.00000e+00,2.91486e-29,9.99993e-01,8.00328e-01
1.651741428e+01,0.00000e+00,9.99999e-01,0.00000e+00,2.07266e-31,9.99993e-01,7.86961e-01
1.660000135e+01,0.00000e+00,9.99999e-01,0.00000e+00,2.19024e-39,9.99993e-01,7.72899e-01
1.668300136e+01,0.00000e+00,9.99999e-01,0.00000e+00,2.18397e-40,9.99993e-01,7.57990e-01
1.676641637e+01,0.00000e+00,9.99999e-01,0.00000e+00,1.45325e-35,9.99994e-01,7.42296e-01
1.685024845e+01,0.00000e+00,9.99999e-01,0.00000e+00,9.97068e-37,9.99994e-01,7.25772e-01
1.693449969e+01,0.00000e+00,9.99999e-01,0.00000e+00,2.56298e-45,9.99994e-01,7.08431e-01
1.701917219e+01,0.00000e+00,9.99999e-01,0.00000e+00,1.07807e-48,9.99994e-01,6.90245e-01
1.710426805e+01,0.00000e+00,9.99999e-01,0.00000e+00,2.64047e-62,9.99994e-01,6.71215e-01
1.718978939e+01,0.00000e+00,9.99999e-01,0.00000e+00,7.06410e-68,9.99994e-01,6.54724e-01
1.727573834e+01,0.00000e+00,9.99999e-01,0.00000e+00,2.06705e-69,9.99994e-01,6.37619e-01
1.736211703e+01,0.00000e+00,9.99999e-01,0.00000e+00,1.98811e-74,9.99994e-01,6.16376e-01
1.744892761e+01,0.00000e+00,9.99999e-01,0.00000e+00,4.68535e-64,9.99994e-01,5.94273e-01
1.753617225e+01,0.00000e+00,9.99999e-01,0.00000e+00,2.11864e-51,9.99994e-01,5.71430e-01
1.762385311e+01,0.00000e+00,9.99999e-01,0.00000e+00,2.75737e-50,9.99995e-01,5.47856e-01
1.771197238e+01,0.00000e+00,9.99999e-01,0.00000e+00,8.01167e-54,9.99995e-01,5.23585e-01
1.780053224e+01,0.00000e+00,9.99999e-01,0.00000e+00,3.78646e-58,9.99995e-01,5.02910e-01
1.788953490e+01,0.00000e+00,9.99999e-01,0.00000e+00,4.22771e-63,9.99995e-01,4.81814e-01
1.797898258e+01,0.00000e+00,9.99999e-01,0.00000e+00,7.85811e-72,9.99995e-01,4.56041e-01
1.806887749e+01,0.00000e+00,9.99999e-01,0.00000e+00,1.65836e-73,9.99995e-01,4.29885e-01
1.815922188e+01,0.00000e+00,9.99999e-01,0.00000e+00,9.95051e-98,9.99995e-01,4.07889e-01
1.825001799e+01,0.00000e+00,9.99999e-01,0.00000e+00,2.47193e-73,9.99995e-01,3.85718e-01
1.834126808e+01,0.00000e+00,9.99999e-01,0.00000e+00,9.84900e-71,9.99995e-01,3.59074e-01
1.843297442e+01,0.00000e+00,9.99999e-01,0.00000e+00,2.39249e-71,9.99995e-01,3.32500e-01
1.852513929e+01,0.00000e+00,9.99999e-01,0.00000e+00,1.65424e-95,9.99995e-01,3.10534e-01
1.861776499e+01,0.00000e+00,9.99999e-01,0.00000e+00,1.45493e-115,9.99995e-01,2.88716e-01
1.871085381e+01,0.00000e+00,9.99999e-01,0.00000e+00,5.85563e-91,9.99996e-01,2.63015e-01
1.880440808e+01,0.00000e+00,9.99999e-01,0.00000e+00,2.17421e-77,9.99996e-01,2.42110e-01
1.889843012e+01,0.00000e+00,9.99999e-01,0.00000e+00,4.14118e-78,9.99996e-01,2.21658e-01
1.899292227e+01,0.00000e+00,9.99999e-01,0.00000e+00,9.47423e-109,9.99996e-01,1.98002e-01
1.908788688e+01,0.00000e+00,9.99999e-01,0.00000e+00,6.27056e-104,9.99996e-01,1.79110e-01
1.918332632e+01,0.00000e+00,9.99999e-01,0.00000e+00,1.75849e-104,9.99996e-01,1.60947e-01
1.927924295e+01,0.00000e+00,9.99999e-01,0.00000e+00,5.86883e-129,9.99996e-01,1.43751e-01
1.937563916e+01,0.00000e+00,9.99999e-01,0.00000e+00,2.52117e-200,9.99996e-01,1.27425e-01
1.947251736e+01,0.00000e+00,9.99999e-01,0.00000e+00,3.52606e-204,9.99996e-01,1.12186e-01
1.956987994e+01,0.00000e+00,9.99999e-01,0.00000e+00,1.78207e-195,9.99996e-01,9.79575e-02
1.966772934e+01,0.00000e+00,9.99999e-01,0.00000e+00,8.98054e-161,9.99996e-01,8.23270e-02
1.976606799e+01,0.00000e+00,9.99999e-01,0.00000e+00,1.11073e-157,9.99996e-01,7.05659e-02
1.986489833e+01,0.00000e+00,9.99999e-01,0.00000e+00,6.99432e-168,9.99996e-01,5.98821e-02
1.996422282e+01,0.00000e+00,9.99999e-01,0.00000e+00,6.65268e-157,9.99996e-01,5.03599e-02
