#,Wave/freq,Total,O2,CO2,H2O,Rayleigh,CIA
4.000000000e-01,3.20492e-49,9.99999e-01,9.99999e-01,9.99780e-01,3.20562e-49,9.99999e-01
4.020000000e-01,2.91571e-48,9.99999e-01,9.99999e-01,9.99863e-01,2.91610e-48,9.99999e-01
4.040100000e-01,2.53347e-47,9.99999e-01,9.99999e-01,9.99941e-01,2.53362e-47,9.99999e-01
4.060300500e-01,2.10924e-46,9.99999e-01,9.99999e-01,9.99985e-01,2.10927e-46,9.99999e-01
4.080602003e-01,1.68400e-45,9.99999e-01,9.99999e-01,9.99995e-01,1.68401e-45,9.99999e-01
4.101005013e-01,1.29043e-44,9.99999e-01,9.99999e-01,9.99999e-01,1.29043e-44,9.99999e-01
4.121510038e-01,9.49846e-44,9.99999e-01,9.99999e-01,9.99991e-01,9.49853e-44,9.99999e-01
4.142117588e-01,6.72092e-43,9.99999e-01,9.99999e-01,9.99940e-01,6.72132e-43,9.99999e-01
4.162828176e-01,4.57456e-42,9.99999e-01,9.99999e-01,9.99728e-01,4.57580e-42,9.99999e-01
4.183642317e-01,2.99885e-41,9.99999e-01,9.99999e-01,9.99838e-01,2.99934e-41,9.99999e-01
4.204560528e-01,1.89414e-40,9.99999e-01,9.99999e-01,9.99900e-01,1.89432e-40,9.99999e-01
4.225583331e-01,1.15360e-39,9.99999e-01,9.99999e-01,9.99962e-01,1.15365e-39,9.99999e-01
4.246711247e-01,6.77924e-39,9.99999e-01,9.99999e-01,9.99970e-01,6.77943e-39,9.99999e-01
4.267944804e-01,3.84683e-38,9.99999e-01,9.99999e-01,9.99956e-01,3.84700e-38,9.99999e-01
4.289284528e-01,2.10933e-37,9.99999e-01,9.99999e-01,9.99966e-01,2.10940e-37,9.99999e-01
4.310730950e-01,1.11838e-36,9.99999e-01,9.99999e-01,9.99985e-01,1.11840e-36,9.99999e-01
4.332284605e-01,5.73753e-36,9.99999e-01,9.99999e-01,9.99995e-01,5.73755e-36,9.99999e-01
4.353946028e-01,2.84989e-35,9.99999e-01,9.99999e-01,9.99997e-01,2.84990e-35,9.99999e-01
4.375715758e-01,1.37142e-34,9.99999e-01,9.99999e-01,9.99973e-01,1.37146e-34,9.99999e-01
4.397594337e-01,6.39668e-34,9.99999e-01,9.99999e-01,9.99765e-01,6.39818e-34,9.99999e-01
4.419582309e-01,2.89204e-33,9.99999e-01,9.99999e-01,9.98815e-01,2.89547e-33,9.99999e-01
4.441680220e-01,1.27063e-32,9.99999e-01,9.99999e-01,9.99049e-01,1.27183e-32,9.99999e-01
4.463888621e-01,5.42027e-32,9.99999e-01,9.99999e-01,9.99019e-01,5.42559e-32,9.99999e-01
4.486208064e-01,2.24778e-31,9.99999e-01,9.99999e-01,9.99386e-01,2.24915e-31,9.99999e-01
4.508639105e-01,9.06292e-31,9.99999e-01,9.99999e-01,9.99712e-01,9.06552e-31,9.99999e-01
4.531182300e-01,3.55435e-30,9.99999e-01,9.99999e-01,9.99886e-01,3.55475e-30,9.99999e-01
4.553838212e-01,1.35666e-29,9.99999e-01,9.99999e-01,9.99923e-01,1.35676e-29,9.99999e-01
4.576607403e-01,5.04304e-29,9.99999e-01,9.99999e-01,9.99964e-01,5.04322e-29,9.99999e-01
4.599490440e-01,1.82658e-28,9.99999e-01,9.99999e-01,9.99974e-01,1.82663e-28,9.99999e-01
4.622487892e-01,6.44984e-28,9.99999e-01,9.99999e-01,9.99995e-01,6.44987e-28,9.99999e-01
4.645600332e-01,2.22138e-27,9.99999e-01,9.99999e-01,9.99982e-01,2.22141e-27,9.99999e-01
4.668828333e-01,7.46407e-27,9.99999e-01,9.99999e-01,9.99713e-01,7.46620e-27,9.99999e-01
4.692172475e-01,2.44852e-26,9.99999e-01,9.99999e-01,9.99384e-01,2.45003e-26,9.99999e-01
4.715633337e-01,7.85007e-26,9.99999e-01,9.99999e-01,9.99598e-01,7.85322e-26,9.99999e-01
4.739211504e-01,2.45904e-25,9.99999e-01,9.99999e-01,9.99613e-01,2.45999e-25,9.99999e-01
4.762907561e-01,7.53244e-25,9.99999e-01,9.99999e-01,9.99798e-01,7.53396e-25,9.99999e-01
4.786722099e-01,2.25671e-24,9.99999e-01,9.99999e-01,9.99917e-01,2.25690e-24,9.99999e-01
4.810655710e-01,6.61573e-24,9.99999e-01,9.99999e-01,9.99975e-01,6.61589e-24,9.99999e-01
4.834708988e-01,1.89819e-23,9.99999e-01,9.99999e-01,9.99770e-01,1.89862e-23,9.99999e-01
4.858882533e-01,5.33404e-23,9.99999e-01,9.99999e-01,9.99562e-01,5.33637e-23,9.99999e-01
4.883176946e-01,1.46903e-22,9.99999e-01,9.99999e-01,9.99637e-01,1.46956e-22,9.99999e-01
4.907592831e-01,3.96549e-22,9.99999e-01,9.99999e-01,9.99669e-01,3.96680e-22,9.99999e-01
4.932130795e-01,1.04972e-21,9.99999e-01,9.99999e-01,9.99765e-01,1.04996e-21,9.99999e-01
4.956791449e-01,2.72587e-21,9.99999e-01,9.99999e-01,9.99875e-01,2.72620e-21,9.99999e-01
4.981575406e-01,6.94208e-21,9.99999e-01,9.99999e-01,9.99384e-01,6.94635e-21,9.99999e-01
5.006483283e-01,1.73478e-20,9.99999e-01,9.99999e-01,9.98419e-01,1.73753e-20,9.99999e-01
5.031515699e-01,4.23377e-20,9.99999e-01,9.99999e-01,9.91937e-01,4.26818e-20,9.99999e-01
5.056673278e-01,1.02560e-19,9.99999e-01,9.99999e-01,9.95716e-01,1.03001e-19,9.99999e-01
5.081956644e-01,2.42959e-19,9.99999e-01,9.99999e-01,9.94593e-01,2.44279e-19,9.99999e-01
5.107366428e-01,5.67455e-19,9.99999e-01,9.99999e-01,9.96343e-01,5.69537e-19,9.99999e-01
5.132903260e-01,1.30312e-18,9.99999e-01,9.99999e-01,9.97904e-01,1.30586e-18,9.99999e-01
5.158567776e-01,2.94283e-18,9.99999e-01,9.99999e-01,9.99112e-01,2.94544e-18,9.99999e-01
5.184360615e-01,6.53544e-18,9.99999e-01,9.99999e-01,9.99645e-01,6.53775e-18,9.99999e-01
5.210282418e-01,1.42827e-17,9.99999e-01,9.99999e-01,9.99868e-01,1.42845e-17,9.99999e-01
5.236333830e-01,3.07164e-17,9.99999e-01,9.99999e-01,9.99471e-01,3.07326e-17,9.99999e-01
5.262515499e-01,6.51053e-17,9.99999e-01,9.99999e-01,9.99668e-01,6.51269e-17,9.99999e-01
5.288828077e-01,1.35940e-16,9.99999e-01,9.99999e-01,9.99697e-01,1.35981e-16,9.99999e-01
5.315272217e-01,2.79747e-16,9.99999e-01,9.99999e-01,9.99731e-01,2.79822e-16,9.99999e-01
5.341848578e-01,5.67570e-16,9.99999e-01,9.99999e-01,9.99826e-01,5.67668e-16,9.99999e-01
5.368557821e-01,1.13494e-15,9.99999e-01,9.99999e-01,9.99387e-01,1.13564e-15,9.99999e-01
5.395400610e-01,2.23605e-15,9.99999e-01,9.99999e-01,9.97807e-01,2.24096e-15,9.99999e-01
5.422377613e-01,4.35058e-15,9.99999e-01,9.99999e-01,9.97118e-01,4.36315e-15,9.99999e-01
5.449489501e-01,8.36170e-15,9.99999e-01,9.99999e-01,9.97343e-01,8.38397e-15,9.99999e-01
5.476736949e-01,1.58658e-14,9.99999e-01,9.99999e-01,9.97622e-01,1.59036e-14,9.99999e-01
5.504120634e-01,2.97373e-14,9.99999e-01,9.99999e-01,9.98275e-01,2.97887e-14,9.99999e-01
5.531641237e-01,5.50611e-14,9.99999e-01,9.99999e-01,9.99131e-01,5.51089e-14,9.99999e-01
5.559299443e-01,1.00678e-13,9.99999e-01,9.99999e-01,9.99580e-01,1.00720e-13,9.99999e-01
5.587095940e-01,1.81854e-13,9.99999e-01,9.99999e-01,9.99738e-01,1.81902e-13,9.99999e-01
5.615031420e-01,3.24608e-13,9.99999e-01,9.99999e-01,9.99708e-01,3.24703e-13,9.99999e-01
5.643106577e-01,5.72828e-13,9.99999e-01,9.99999e-01,9.99674e-01,5.73014e-13,9.99999e-01
5.671322110e-01,9.96027e-13,9.99999e-01,9.99999e-01,9.96090e-01,9.99935e-13,9.99999e-01
5.699678720e-01,1.71842e-12,9.99999e-01,9.99999e-01,9.95696e-01,1.72585e-12,9.99999e-01
5.728177114e-01,2.93375e-12,9.99999e-01,9.99999e-01,9.95572e-01,2.94680e-12,9.99999e-01
5.756818000e-01,4.95834e-12,9.99999e-01,9.99999e-01,9.95925e-01,4.97862e-12,9.99999e-01
5.785602090e-01,8.29508e-12,9.99999e-01,9.99999e-01,9.96439e-01,8.32472e-12,9.99999e-01
5.814530100e-01,1.37299e-11,9.99999e-01,9.99999e-01,9.96433e-01,1.37791e-11,9.99999e-01
5.843602750e-01,2.24862e-11,9.99999e-01,9.99999e-01,9.95794e-01,2.25812e-11,9.99999e-01
5.872820764e-01,3.53446e-11,9.99999e-01,9.99999e-01,9.64463e-01,3.66469e-11,9.99998e-01
5.902184868e-01,5.63394e-11,9.99999e-01,9.99999e-01,9.56399e-01,5.89078e-11,9.99998e-01
5.931695792e-01,9.09203e-11,9.99999e-01,9.99999e-01,9.69222e-01,9.38075e-11,9.99998e-01
5.961354271e-01,1.43005e-10,9.99999e-01,9.99999e-01,9.66138e-01,1.48017e-10,9.99998e-01
5.991161043e-01,2.25699e-10,9.99999e-01,9.99999e-01,9.75120e-01,2.31458e-10,9.99999e-01
6.021116848e-01,3.53654e-10,9.99999e-01,9.99999e-01,9.85783e-01,3.58754e-10,9.99999e-01
6.051222432e-01,5.47286e-10,9.99999e-01,9.99999e-01,9.92776e-01,5.51268e-10,9.99999e-01
6.081478544e-01,8.37313e-10,9.99999e-01,9.99999e-01,9.96881e-01,8.39932e-10,9.99999e-01
6.111885937e-01,1.26747e-09,9.99999e-01,9.99999e-01,9.98675e-01,1.26915e-09,9.99999e-01
6.142445367e-01,1.90101e-09,9.99999e-01,9.99999e-01,9.99409e-01,1.90213e-09,9.99999e-01
6.173157594e-01,2.82720e-09,9.99999e-01,9.99999e-01,9.99674e-01,2.82811e-09,9.99999e-01
6.204023382e-01,4.17093e-09,9.99999e-01,9.99999e-01,9.99726e-01,4.17206e-09,9.99999e-01
6.235043498e-01,6.10037e-09,9.99999e-01,9.99999e-01,9.98816e-01,6.10759e-09,9.99999e-01
6.266218716e-01,8.81744e-09,9.99999e-01,9.99999e-01,9.93626e-01,8.87400e-09,9.99999e-01
6.297549810e-01,1.27687e-08,9.99999e-01,9.99999e-01,9.97659e-01,1.27986e-08,9.99999e-01
6.329037559e-01,1.82409e-08,9.99999e-01,9.99999e-01,9.95358e-01,1.83260e-08,9.99999e-01
6.360682746e-01,2.59525e-08,9.99999e-01,9.99999e-01,9.96068e-01,2.60550e-08,9.99999e-01
6.392486160e-01,3.65992e-08,9.99999e-01,9.99999e-01,9.94892e-01,3.67871e-08,9.99999e-01
6.424448591e-01,5.12719e-08,9.99999e-01,9.99999e-01,9.93888e-01,5.15871e-08,9.99999e-01
6.456570834e-01,6.96543e-08,9.99999e-01,9.99999e-01,9.69305e-01,7.18599e-08,9.99999e-01
6.488853688e-01,9.67609e-08,9.99999e-01,9.99999e-01,9.72995e-01,9.94464e-08,9.99998e-01
6.521297956e-01,1.33542e-07,9.99999e-01,9.99999e-01,9.76595e-01,1.36743e-07,9.99998e-01
6.553904446e-01,1.82512e-07,9.99999e-01,9.99999e-01,9.76799e-01,1.86847e-07,9.99999e-01
6.586673968e-01,2.48646e-07,9.99999e-01,9.99999e-01,9.79917e-01,2.53742e-07,9.99999e-01
6.619607338e-01,3.38512e-07,9.99999e-01,9.99999e-01,9.88330e-01,3.42508e-07,9.99999e-01
6.652705375e-01,4.56473e-07,9.99999e-01,9.99999e-01,9.93201e-01,4.59597e-07,9.99999e-01
6.685968902e-01,6.11205e-07,9.99999e-01,9.99999e-01,9.96840e-01,6.13142e-07,9.99999e-01
6.719398746e-01,8.12147e-07,9.99999e-01,9.99999e-01,9.98532e-01,8.13340e-07,9.99999e-01
6.752995740e-01,1.07205e-06,9.99999e-01,9.99999e-01,9.99209e-01,1.07290e-06,9.99999e-01
6.786760719e-01,1.40598e-06,9.99999e-01,9.99999e-01,9.98867e-01,1.40757e-06,9.99999e-01
6.820694522e-01,1.83319e-06,9.99999e-01,9.99999e-01,9.98053e-01,1.83676e-06,9.99999e-01
6.854797995e-01,2.37827e-06,9.99999e-01,9.99999e-01,9.97492e-01,2.38425e-06,9.99999e-01
6.889071985e-01,3.06074e-06,9.99999e-01,9.99999e-01,9.94060e-01,3.07903e-06,9.99999e-01
6.923517345e-01,3.58722e-06,9.99999e-01,9.99999e-01,9.06728e-01,3.95622e-06,9.99998e-01
6.958134932e-01,4.80196e-06,9.99999e-01,9.99999e-01,9.49338e-01,5.05822e-06,9.99998e-01
6.992925606e-01,6.13044e-06,9.99999e-01,9.99999e-01,9.52543e-01,6.43587e-06,9.99998e-01
7.027890234e-01,7.67040e-06,9.99999e-01,9.99999e-01,9.41171e-01,8.14985e-06,9.99998e-01
7.063029686e-01,9.76104e-06,9.99999e-01,9.99999e-01,9.50230e-01,1.02723e-05,9.99998e-01
7.098344834e-01,1.22717e-05,9.99999e-01,9.99999e-01,9.52152e-01,1.28884e-05,9.99998e-01
7.133836558e-01,1.51026e-05,9.99999e-01,9.99999e-01,9.38140e-01,1.60985e-05,9.99996e-01
7.169505741e-01,1.22722e-05,9.99999e-01,9.99999e-01,6.13002e-01,2.00199e-05,9.99993e-01
7.205353270e-01,1.93055e-05,9.99999e-01,9.99999e-01,7.78777e-01,2.47897e-05,9.99992e-01
7.241380036e-01,2.23215e-05,9.99999e-01,9.99999e-01,7.30265e-01,3.05665e-05,9.99992e-01
7.277586936e-01,2.82633e-05,9.99999e-01,9.99999e-01,7.53012e-01,3.75338e-05,9.99993e-01
7.313974871e-01,3.37310e-05,9.99999e-01,9.99999e-01,7.34839e-01,4.59028e-05,9.99995e-01
7.350544745e-01,4.72026e-05,9.99999e-01,9.99999e-01,8.44187e-01,5.59150e-05,9.99997e-01
7.387297469e-01,5.98340e-05,9.99999e-01,9.99999e-01,8.81908e-01,6.78461e-05,9.99998e-01
7.424233956e-01,7.70866e-05,9.99999e-01,9.99999e-01,9.39974e-01,8.20092e-05,9.99998e-01
7.461355126e-01,9.51254e-05,9.99999e-01,9.99999e-01,9.63212e-01,9.87584e-05,9.99999e-01
7.498661902e-01,1.16435e-04,9.99999e-01,9.99999e-01,9.82638e-01,1.18493e-04,9.99999e-01
7.536155211e-01,1.40452e-04,9.99999e-01,9.99999e-01,9.91473e-01,1.41659e-04,9.99999e-01
7.573835987e-01,1.68016e-04,9.99999e-01,9.99999e-01,9.95597e-01,1.68759e-04,9.99999e-01
7.611705167e-01,1.99802e-04,9.99999e-01,9.99999e-01,9.97263e-01,2.00350e-04,9.99999e-01
7.649763693e-01,2.36643e-04,9.99999e-01,9.99999e-01,9.98287e-01,2.37049e-04,9.99999e-01
7.688012511e-01,2.79207e-04,9.99999e-01,9.99999e-01,9.98808e-01,2.79540e-04,9.99999e-01
7.726452574e-01,3.28254e-04,9.99999e-01,9.99999e-01,9.99020e-01,3.28575e-04,9.99999e-01
7.765084837e-01,3.84451e-04,9.99999e-01,9.99999e-01,9.98621e-01,3.84982e-04,9.99999e-01
7.803910261e-01,3.63846e-04,9.99999e-01,8.13203e-01,9.94066e-01,4.49662e-04,9.99999e-01
7.842929812e-01,1.30988e-04,9.99999e-01,2.54061e-01,9.79468e-01,5.23600e-04,9.99999e-01
7.882144461e-01,1.46267e-04,9.99999e-01,2.48957e-01,9.57716e-01,6.07866e-04,9.99999e-01
7.921555184e-01,2.67282e-04,9.99999e-01,3.87470e-01,9.76472e-01,7.03616e-04,9.99998e-01
7.961162960e-01,4.01103e-04,9.99999e-01,5.12994e-01,9.59366e-01,8.12098e-04,9.99998e-01
8.000968774e-01,6.19806e-04,9.99999e-01,6.95116e-01,9.52736e-01,9.34655e-04,9.99998e-01
8.040973618e-01,8.45255e-04,9.99999e-01,8.26144e-01,9.52848e-01,1.07273e-03,9.99998e-01
8.081178486e-01,1.01227e-03,9.99999e-01,9.16069e-01,8.98560e-01,1.22785e-03,9.99997e-01
8.121584379e-01,8.85306e-04,9.99999e-01,9.73014e-01,6.47432e-01,1.40165e-03,9.99994e-01
8.162192301e-01,9.45643e-04,9.99999e-01,9.93965e-01,5.95545e-01,1.59588e-03,9.99992e-01
8.203003262e-01,1.42376e-03,9.99999e-01,9.99897e-01,7.85614e-01,1.81238e-03,9.99991e-01
8.244018279e-01,1.47195e-03,9.99999e-01,9.99999e-01,7.16954e-01,2.05308e-03,9.99991e-01
8.285238370e-01,1.69635e-03,9.99999e-01,9.99999e-01,7.31183e-01,2.32002e-03,9.99993e-01
8.326664562e-01,1.90646e-03,9.99999e-01,9.99999e-01,7.28953e-01,2.61535e-03,9.99994e-01
8.368297885e-01,2.33513e-03,9.99999e-01,9.99999e-01,7.93911e-01,2.94131e-03,9.99997e-01
8.410139374e-01,2.87482e-03,9.99999e-01,9.99999e-01,8.71099e-01,3.30022e-03,9.99998e-01
8.452190071e-01,3.45145e-03,9.99999e-01,9.99999e-01,9.34208e-01,3.69452e-03,9.99999e-01
8.494451021e-01,3.96727e-03,9.99999e-01,9.99999e-01,9.61362e-01,4.12671e-03,9.99999e-01
8.536923276e-01,4.49306e-03,9.99999e-01,9.99999e-01,9.76876e-01,4.59941e-03,9.99999e-01
8.579607893e-01,5.04237e-03,9.99999e-01,9.99999e-01,9.85746e-01,5.11528e-03,9.99999e-01
8.622505932e-01,5.62540e-03,9.99999e-01,9.99999e-01,9.90896e-01,5.67708e-03,9.99999e-01
8.665618462e-01,5.00255e-03,9.99999e-01,7.99696e-01,9.94383e-01,6.28762e-03,9.99999e-01
8.708946554e-01,3.47252e-04,9.99999e-01,5.02154e-02,9.93588e-01,6.94979e-03,9.99999e-01
8.752491287e-01,4.22116e-04,9.99999e-01,5.54654e-02,9.91420e-01,7.66652e-03,9.99999e-01
8.796253743e-01,1.60963e-03,9.99999e-01,1.92548e-01,9.88187e-01,8.44078e-03,9.99999e-01
8.840235012e-01,3.70740e-03,9.99999e-01,4.04411e-01,9.86509e-01,9.27560e-03,9.99998e-01
8.884436187e-01,6.73034e-03,9.99999e-01,6.90792e-01,9.53414e-01,1.01740e-02,9.99997e-01
8.928858368e-01,5.95362e-03,9.99999e-01,8.59633e-01,6.13615e-01,1.11391e-02,9.99992e-01
8.973502660e-01,4.98970e-03,9.99999e-01,9.63554e-01,4.22610e-01,1.21739e-02,9.99988e-01
9.018370173e-01,8.49529e-03,9.99999e-01,9.95899e-01,6.41595e-01,1.32815e-02,9.99986e-01
9.063462024e-01,9.17590e-03,9.99999e-01,9.11470e-01,6.78077e-01,1.44649e-02,9.99984e-01
9.108779334e-01,6.92202e-03,9.99999e-01,7.89801e-01,5.44738e-01,1.57273e-02,9.99982e-01
9.154323231e-01,8.08228e-03,9.99999e-01,9.45310e-01,4.95812e-01,1.70716e-02,9.99981e-01
9.200094847e-01,7.57687e-03,9.99999e-01,6.21285e-01,5.80319e-01,1.85009e-02,9.99975e-01
9.246095321e-01,3.26935e-03,9.99999e-01,3.24453e-01,4.60439e-01,2.00179e-02,9.99958e-01
9.292325798e-01,2.75324e-04,9.99999e-01,4.37538e-01,2.27527e-02,2.16257e-02,9.99914e-01
9.338787427e-01,4.05886e-05,9.99999e-01,4.33813e-01,3.09660e-03,2.33270e-02,9.99888e-01
9.385481364e-01,1.47334e-03,9.99999e-01,5.32263e-01,9.53702e-02,2.51245e-02,9.99885e-01
9.432408771e-01,9.77296e-04,9.99999e-01,6.72095e-01,4.89244e-02,2.70209e-02,9.99871e-01
9.479570815e-01,2.69796e-04,9.99999e-01,8.15419e-01,1.08148e-02,2.90187e-02,9.99888e-01
9.526968669e-01,8.24958e-04,9.99999e-01,9.06441e-01,2.83704e-02,3.11203e-02,9.99915e-01
9.574603512e-01,1.08249e-03,9.99999e-01,9.58635e-01,3.33793e-02,3.33280e-02,9.99936e-01
9.622476530e-01,2.01679e-03,9.99999e-01,9.86872e-01,5.70630e-02,3.56441e-02,9.99957e-01
9.670588912e-01,6.97993e-03,9.99999e-01,9.96036e-01,1.83810e-01,3.80706e-02,9.99973e-01
9.718941857e-01,1.27116e-02,9.99999e-01,9.99712e-01,3.13070e-01,4.06094e-02,9.99983e-01
9.767536566e-01,1.64348e-02,9.99999e-01,9.99999e-01,3.79892e-01,4.32623e-02,9.99988e-01
9.816374249e-01,2.20836e-02,9.99999e-01,9.99999e-01,4.79759e-01,4.60309e-02,9.99992e-01
9.865456120e-01,3.07246e-02,9.99999e-01,9.99999e-01,6.28101e-01,4.89168e-02,9.99995e-01
9.914783401e-01,3.88506e-02,9.99999e-01,9.99999e-01,7.48261e-01,5.19212e-02,9.99998e-01
9.964357318e-01,4.69898e-02,9.99999e-01,9.99999e-01,8.53659e-01,5.50452e-02,9.99998e-01
1.001417910e+00,5.30010e-02,9.99999e-01,9.99999e-01,9.09265e-01,5.82899e-02,9.99999e-01
1.006425000e+00,5.84044e-02,9.99999e-01,9.99999e-01,9.47261e-01,6.16561e-02,9.99999e-01
1.011457125e+00,6.29837e-02,9.99999e-01,9.99999e-01,9.66831e-01,6.51444e-02,9.99999e-01
1.016514411e+00,6.72011e-02,9.99999e-01,9.99999e-01,9.77395e-01,6.87552e-02,9.99999e-01
1.021596983e+00,7.11482e-02,9.99999e-01,9.99524e-01,9.81963e-01,7.24890e-02,9.99999e-01
1.026704968e+00,7.24529e-02,9.99999e-01,9.62403e-01,9.85912e-01,7.63457e-02,9.99999e-01
1.031838492e+00,6.41842e-02,9.99999e-01,8.06596e-01,9.89717e-01,8.03253e-02,9.99999e-01
1.036997685e+00,5.61560e-04,9.99999e-01,6.68163e-03,9.93895e-01,8.44275e-02,9.99999e-01
1.042182673e+00,1.23980e-07,9.99999e-01,1.40566e-06,9.92753e-01,8.86520e-02,9.99999e-01
1.047393587e+00,2.25074e-07,9.99999e-01,2.43810e-06,9.90382e-01,9.29982e-02,9.99999e-01
1.052630555e+00,6.92660e-19,9.99999e-01,7.16441e-18,9.86847e-01,9.74652e-02,9.99999e-01
1.057893707e+00,3.42067e-18,9.99999e-01,3.38358e-17,9.78188e-01,1.02052e-01,9.99999e-01
1.063183176e+00,6.37667e-13,9.99999e-01,6.08351e-12,9.64358e-01,1.06758e-01,9.99999e-01
1.068499092e+00,1.68621e-10,9.99999e-01,1.54794e-09,9.41031e-01,1.11581e-01,9.99998e-01
1.073841587e+00,9.58443e-08,9.99999e-01,8.52771e-07,9.31791e-01,1.16521e-01,9.99998e-01
1.079210795e+00,2.01595e-05,9.99999e-01,1.75598e-04,9.12897e-01,1.21575e-01,9.99997e-01
1.084606849e+00,6.67016e-04,9.99999e-01,5.78953e-03,8.71893e-01,1.26742e-01,9.99995e-01
1.090029883e+00,7.21127e-03,9.99999e-01,6.36882e-02,8.23660e-01,1.32020e-01,9.99992e-01
1.095480033e+00,2.14576e-02,9.99999e-01,2.51151e-01,5.90219e-01,1.37408e-01,9.99986e-01
1.100957433e+00,2.14014e-02,9.99999e-01,5.06245e-01,2.77692e-01,1.42902e-01,9.99975e-01
1.106462220e+00,6.49091e-03,9.99999e-01,7.52718e-01,5.45793e-02,1.48500e-01,9.99948e-01
1.111994531e+00,3.84283e-04,9.99999e-01,8.99471e-01,2.66928e-03,1.54201e-01,9.99896e-01
1.117554504e+00,2.66107e-05,9.99999e-01,9.74311e-01,1.67443e-04,1.60002e-01,9.99854e-01
1.123142276e+00,5.21394e-04,9.99999e-01,9.98277e-01,3.14344e-03,1.65900e-01,9.99827e-01
1.128757988e+00,2.00964e-03,9.99999e-01,9.99998e-01,1.16935e-02,1.71892e-01,9.99811e-01
1.134401778e+00,1.26498e-03,9.99999e-01,9.99999e-01,7.10911e-03,1.77976e-01,9.99788e-01
1.140073787e+00,1.00580e-02,9.99999e-01,9.99999e-01,5.46287e-02,1.84149e-01,9.99823e-01
1.145774156e+00,1.32053e-03,9.99999e-01,9.99999e-01,6.93627e-03,1.90407e-01,9.99856e-01
1.151503026e+00,6.31117e-04,9.99999e-01,9.99999e-01,3.20813e-03,1.96748e-01,9.99876e-01
1.157260541e+00,7.65453e-04,9.99999e-01,9.99999e-01,3.76791e-03,2.03169e-01,9.99906e-01
1.163046844e+00,3.25422e-03,9.99999e-01,9.99999e-01,1.55218e-02,2.09667e-01,9.99940e-01
1.168862078e+00,1.00630e-02,9.99999e-01,9.99999e-01,4.65383e-02,2.16237e-01,9.99969e-01
1.174706389e+00,3.22652e-02,9.99999e-01,9.99999e-01,1.44768e-01,2.22878e-01,9.99984e-01
1.180579921e+00,6.89710e-02,9.99999e-01,9.99999e-01,3.00418e-01,2.29586e-01,9.99989e-01
1.186482820e+00,1.17624e-01,9.99999e-01,9.99952e-01,4.97671e-01,2.36357e-01,9.99991e-01
1.192415234e+00,1.44945e-01,9.99999e-01,8.88320e-01,6.62686e-01,2.43188e-01,9.99992e-01
1.198377311e+00,7.61124e-02,9.99999e-01,4.04638e-01,7.07946e-01,2.50075e-01,9.99993e-01
1.204369197e+00,4.73041e-99,9.99999e-01,2.22686e-98,7.23867e-01,2.57016e-01,9.99994e-01
1.210391043e+00,0.00000e+00,9.99999e-01,0.00000e+00,7.32328e-01,2.64007e-01,9.99995e-01
1.216442998e+00,0.00000e+00,9.99999e-01,0.00000e+00,7.66691e-01,2.71044e-01,9.99997e-01
1.222525213e+00,0.00000e+00,9.99999e-01,0.00000e+00,8.12106e-01,2.78124e-01,9.99998e-01
1.228637839e+00,6.01561e-273,9.99999e-01,2.32453e-272,8.65302e-01,2.85244e-01,9.99998e-01
1.234781029e+00,1.21752e-167,9.99999e-01,4.36207e-167,8.98036e-01,2.92400e-01,9.99998e-01
1.240954934e+00,1.48631e-109,9.99999e-01,5.16734e-109,9.34277e-01,2.99589e-01,9.99999e-01
1.247159708e+00,2.51209e-68,9.99999e-01,8.45202e-68,9.48316e-01,3.06807e-01,9.99998e-01
1.253395507e+00,1.10656e-33,9.99999e-01,3.63565e-33,9.54055e-01,3.14051e-01,9.99998e-01
1.259662485e+00,6.96125e-20,9.99999e-01,2.23394e-19,9.56742e-01,3.21319e-01,9.99998e-01
1.265960797e+00,5.00997e-10,9.99999e-01,1.57520e-09,9.31510e-01,3.28606e-01,9.99998e-01
1.272290601e+00,4.54624e-06,9.99999e-01,1.43812e-05,9.01100e-01,3.35909e-01,9.99997e-01
1.278652054e+00,1.34057e-05,9.99999e-01,4.37096e-05,8.04209e-01,3.43226e-01,9.99995e-01
1.285045314e+00,4.74992e-13,9.99999e-01,1.59174e-12,7.12817e-01,3.50553e-01,9.99991e-01
1.291470541e+00,1.71941e-45,9.99999e-01,6.80784e-45,5.08283e-01,3.57887e-01,9.99986e-01
1.297927893e+00,7.24849e-17,9.99999e-01,2.98869e-16,4.21055e-01,3.65225e-01,9.99975e-01
1.304417533e+00,4.27807e-10,9.99999e-01,2.39732e-09,3.30963e-01,3.72564e-01,9.99955e-01
1.310939621e+00,1.92327e-10,9.99999e-01,1.04980e-09,2.85284e-01,3.79902e-01,9.99923e-01
1.317494319e+00,7.70400e-139,9.99999e-01,4.36939e-138,2.56980e-01,3.87234e-01,9.99871e-01
1.324081790e+00,2.31197e-89,9.99999e-01,1.55518e-88,1.45190e-01,3.94559e-01,9.99790e-01
1.330702199e+00,2.10582e-53,9.99999e-01,3.24101e-52,1.72498e-02,4.01874e-01,9.99650e-01
1.337355710e+00,1.85135e-52,9.99999e-01,2.54319e-46,1.19709e-07,4.09176e-01,9.99330e-01
1.344042489e+00,9.79365e-56,9.99999e-01,1.79307e-46,3.94043e-11,4.16463e-01,9.98566e-01
1.350762701e+00,1.87528e-89,9.99999e-01,8.65160e-53,1.87607e-38,4.23731e-01,9.97710e-01
1.357516515e+00,3.71613e-86,9.99999e-01,1.56587e-29,1.65902e-58,4.30979e-01,9.97165e-01
1.364304097e+00,4.48434e-55,9.99999e-01,6.44678e-22,6.02606e-35,4.38204e-01,9.96962e-01
1.371125618e+00,1.22980e-30,9.99999e-01,1.60686e-11,2.14105e-20,4.45404e-01,9.96936e-01
1.377981246e+00,2.69920e-28,9.99999e-01,5.32962e-10,7.40171e-20,4.52577e-01,9.96709e-01
1.384871152e+00,7.33033e-34,9.99999e-01,2.57628e-06,1.26063e-28,4.59720e-01,9.96743e-01
1.391795508e+00,8.35753e-40,9.99999e-01,1.21144e-05,1.40366e-35,4.66831e-01,9.97210e-01
1.398754485e+00,4.89964e-30,9.99999e-01,4.14325e-04,8.27506e-27,4.73909e-01,9.97669e-01
1.405748258e+00,3.80424e-29,9.99999e-01,4.00343e-03,8.38042e-27,4.80951e-01,9.97910e-01
1.412776999e+00,1.92329e-27,9.99999e-01,2.80833e-02,4.85225e-26,4.87955e-01,9.98320e-01
1.419840884e+00,2.92815e-27,9.99999e-01,4.00040e-02,7.22011e-26,4.94920e-01,9.98745e-01
1.426940089e+00,9.62484e-19,9.99999e-01,5.57737e-04,1.03325e-16,5.01844e-01,9.99223e-01
1.434074789e+00,0.00000e+00,9.99999e-01,0.00000e+00,6.69239e-15,5.08725e-01,9.99515e-01
1.441245163e+00,0.00000e+00,9.99999e-01,0.00000e+00,3.15097e-12,5.15562e-01,9.99623e-01
1.448451389e+00,0.00000e+00,9.99999e-01,0.00000e+00,4.55944e-08,5.22353e-01,9.99687e-01
1.455693646e+00,0.00000e+00,9.99999e-01,0.00000e+00,1.02396e-05,5.29097e-01,9.99741e-01
1.462972114e+00,0.00000e+00,9.99999e-01,0.00000e+00,1.37427e-05,5.35791e-01,9.99779e-01
1.470286975e+00,0.00000e+00,9.99999e-01,0.00000e+00,3.71142e-06,5.42436e-01,9.99801e-01
1.477638409e+00,0.00000e+00,9.99999e-01,0.00000e+00,7.82702e-06,5.49030e-01,9.99829e-01
1.485026601e+00,4.03257e-242,9.99999e-01,2.92209e-238,2.92126e-05,5.55571e-01,9.99870e-01
1.492451734e+00,5.40408e-205,9.99999e-01,4.18190e-202,5.33018e-04,5.62059e-01,9.99911e-01
1.499913993e+00,9.28175e-85,9.99999e-01,5.12733e-83,4.83440e-03,5.68492e-01,9.99951e-01
1.507413563e+00,8.56430e-83,9.99999e-01,2.84087e-81,1.91142e-02,5.74869e-01,9.99974e-01
1.514950631e+00,3.87178e-85,9.99999e-01,4.00586e-84,7.59160e-02,5.81190e-01,9.99984e-01
1.522525384e+00,3.46321e-307,9.99999e-01,1.97676e-306,1.81720e-01,5.87453e-01,9.99991e-01
1.530138011e+00,0.00000e+00,9.99999e-01,0.00000e+00,2.77904e-01,5.93658e-01,9.99995e-01
1.537788701e+00,0.00000e+00,9.99999e-01,0.00000e+00,4.77918e-01,5.99805e-01,9.99997e-01
1.545477645e+00,1.87348e-109,9.99999e-01,4.25873e-109,6.27174e-01,6.05891e-01,9.99998e-01
1.553205033e+00,5.15364e-80,9.99999e-01,1.08598e-79,6.82010e-01,6.11918e-01,9.99998e-01
1.560971058e+00,1.87550e-79,9.99999e-01,3.45745e-79,7.86158e-01,6.17883e-01,9.99998e-01
1.568775913e+00,0.00000e+00,9.99999e-01,0.00000e+00,8.53579e-01,6.23787e-01,9.99999e-01
1.576619793e+00,0.00000e+00,9.99999e-01,0.00000e+00,8.83781e-01,6.29629e-01,9.99999e-01
1.584502892e+00,0.00000e+00,9.99999e-01,0.00000e+00,9.27840e-01,6.35409e-01,9.99999e-01
1.592425406e+00,0.00000e+00,9.99999e-01,0.00000e+00,9.33006e-01,6.41126e-01,9.99999e-01
1.600387533e+00,0.00000e+00,9.99999e-01,0.00000e+00,9.53377e-01,6.46781e-01,9.99999e-01
1.608389471e+00,0.00000e+00,9.99999e-01,0.00000e+00,9.51749e-01,6.52372e-01,9.99999e-01
1.616431418e+00,0.00000e+00,9.99999e-01,0.00000e+00,9.50881e-01,6.57899e-01,9.99999e-01
1.624513575e+00,0.00000e+00,9.99999e-01,0.00000e+00,9.47678e-01,6.63363e-01,9.99998e-01
1.632636143e+00,0.00000e+00,9.99999e-01,0.00000e+00,9.19082e-01,6.68762e-01,9.99998e-01
1.640799324e+00,0.00000e+00,9.99999e-01,0.00000e+00,8.94065e-01,6.74098e-01,9.99998e-01
1.649003321e+00,0.00000e+00,9.99999e-01,0.00000e+00,8.65828e-01,6.79370e-01,9.99998e-01
1.657248337e+00,0.00000e+00,9.99999e-01,0.00000e+00,8.28399e-01,6.84577e-01,9.99998e-01
1.665534579e+00,0.00000e+00,9.99999e-01,0.00000e+00,7.75253e-01,6.89721e-01,9.99997e-01
1.673862252e+00,1.18689e-315,9.99999e-01,1.95421e-315,7.02518e-01,6.94800e-01,9.99997e-01
1.682231563e+00,4.80567e-216,9.99999e-01,7.85474e-216,7.40666e-01,6.99816e-01,9.99996e-01
1.690642721e+00,1.88159e-116,9.99999e-01,3.41257e-116,5.90076e-01,7.04767e-01,9.99994e-01
1.699095934e+00,3.24058e-72,9.99999e-01,6.18998e-72,5.47441e-01,7.09655e-01,9.99991e-01
1.707591414e+00,1.08109e-33,9.99999e-01,2.05109e-33,5.27334e-01,7.14479e-01,9.99986e-01
1.716129371e+00,2.81450e-20,9.99999e-01,6.36644e-20,4.50095e-01,7.19239e-01,9.99980e-01
1.724710018e+00,8.12258e-12,9.99999e-01,1.98077e-11,3.19587e-01,7.23936e-01,9.99970e-01
1.733333568e+00,1.01947e-08,9.99999e-01,3.23487e-08,2.32586e-01,7.28571e-01,9.99953e-01
1.742000236e+00,3.14690e-06,9.99999e-01,2.82859e-05,9.97722e-02,7.33142e-01,9.99927e-01
1.750710237e+00,1.41601e-12,9.99999e-01,3.47166e-11,1.85183e-02,7.37651e-01,9.99885e-01
1.759463788e+00,9.49290e-303,9.99999e-01,7.64254e-301,1.22523e-03,7.42098e-01,9.99818e-01
1.768261107e+00,4.04457e-319,9.99999e-01,3.37830e-315,1.24310e-05,7.46483e-01,9.99707e-01
1.777102413e+00,1.20670e-313,9.99999e-01,2.18358e-307,2.24279e-08,7.50807e-01,9.99539e-01
1.785987925e+00,4.40224e-299,9.99999e-01,7.72024e-287,2.90470e-14,7.55069e-01,9.99262e-01
1.794917864e+00,1.15707e-288,9.99999e-01,1.39366e-273,3.28484e-17,7.59271e-01,9.98720e-01
1.803892454e+00,7.86870e-293,9.99999e-01,1.47270e-262,2.10388e-32,7.63412e-01,9.98061e-01
1.812911916e+00,5.40964e-294,9.99999e-01,4.83026e-252,4.39365e-44,7.67494e-01,9.97466e-01
1.821976476e+00,2.59042e-294,9.99999e-01,2.98917e-252,4.53719e-44,7.71516e-01,9.96972e-01
1.831086358e+00,1.07564e-246,9.99999e-01,6.98637e-201,5.97750e-48,7.75479e-01,9.96496e-01
1.840241790e+00,9.83666e-207,9.99999e-01,3.65687e-170,1.03957e-38,7.79384e-01,9.96127e-01
1.849442999e+00,6.76726e-152,9.99999e-01,5.37036e-117,6.39126e-37,7.83231e-01,9.95826e-01
1.858690214e+00,7.47273e-167,9.99999e-01,1.75586e-110,1.92231e-58,7.87020e-01,9.95176e-01
1.867983665e+00,2.00293e-169,9.99999e-01,4.29489e-111,1.77894e-60,7.90752e-01,9.94628e-01
1.877323583e+00,0.00000e+00,9.99999e-01,0.00000e+00,3.55183e-23,7.94427e-01,9.94889e-01
1.886710201e+00,0.00000e+00,9.99999e-01,0.00000e+00,5.67951e-19,7.98047e-01,9.95667e-01
1.896143752e+00,0.00000e+00,9.99999e-01,0.00000e+00,1.23618e-17,8.01611e-01,9.96091e-01
1.905624471e+00,0.00000e+00,9.99999e-01,0.00000e+00,1.14190e-35,8.05120e-01,9.96361e-01
1.915152593e+00,0.00000e+00,9.99999e-01,0.00000e+00,3.34449e-42,8.08574e-01,9.96605e-01
1.924728356e+00,0.00000e+00,9.99999e-01,0.00000e+00,3.70871e-47,8.11975e-01,9.97005e-01
1.934351998e+00,0.00000e+00,9.99999e-01,0.00000e+00,3.52443e-54,8.15322e-01,9.97531e-01
1.944023758e+00,0.00000e+00,9.99999e-01,0.00000e+00,4.40466e-28,8.18617e-01,9.98221e-01
1.953743877e+00,0.00000e+00,9.99999e-01,0.00000e+00,1.69311e-27,8.21860e-01,9.98833e-01
1.963512596e+00,0.00000e+00,9.99999e-01,0.00000e+00,4.10464e-18,8.25051e-01,9.99273e-01
1.973330159e+00,0.00000e+00,9.99999e-01,0.00000e+00,7.07820e-13,8.28191e-01,9.99561e-01
1.983196810e+00,0.00000e+00,9.99999e-01,0.00000e+00,1.60111e-07,8.31280e-01,9.99718e-01
1.993112794e+00,0.00000e+00,9.99999e-01,0.00000e+00,3.79313e-06,8.34320e-01,9.99816e-01
2.003078358e+00,0.00000e+00,9.99999e-01,0.00000e+00,4.90823e-04,8.37311e-01,9.99879e-01
2.013093750e+00,0.00000e+00,9.99999e-01,0.00000e+00,4.48735e-03,8.40252e-01,9.99922e-01
2.023159218e+00,0.00000e+00,9.99999e-01,0.00000e+00,3.73921e-02,8.43146e-01,9.99949e-01
2.033275015e+00,0.00000e+00,9.99999e-01,0.00000e+00,9.57904e-02,8.45992e-01,9.99967e-01
2.043441390e+00,0.00000e+00,9.99999e-01,0.00000e+00,2.25700e-01,8.48792e-01,9.99978e-01
2.053658597e+00,0.00000e+00,9.99999e-01,0.00000e+00,2.70523e-01,8.51545e-01,9.99985e-01
2.063926890e+00,0.00000e+00,9.99999e-01,0.00000e+00,4.00859e-01,8.54252e-01,9.99989e-01
2.074246524e+00,0.00000e+00,9.99999e-01,0.00000e+00,4.53060e-01,8.56914e-01,9.99992e-01
2.084617757e+00,0.00000e+00,9.99999e-01,0.00000e+00,5.92061e-01,8.59532e-01,9.99993e-01
2.095040845e+00,0.00000e+00,9.99999e-01,0.00000e+00,6.62067e-01,8.62106e-01,9.99994e-01
2.105516050e+00,0.00000e+00,9.99999e-01,0.00000e+00,7.02057e-01,8.64636e-01,9.99995e-01
2.116043630e+00,0.00000e+00,9.99999e-01,0.00000e+00,7.12199e-01,8.67124e-01,9.99995e-01
2.126623848e+00,0.00000e+00,9.99999e-01,0.00000e+00,8.13010e-01,8.69569e-01,9.99995e-01
2.137256967e+00,0.00000e+00,9.99999e-01,0.00000e+00,8.21697e-01,8.71973e-01,9.99995e-01
2.147943252e+00,0.00000e+00,9.99999e-01,0.00000e+00,8.27529e-01,8.74336e-01,9.99995e-01
2.158682968e+00,0.00000e+00,9.99999e-01,0.00000e+00,8.41063e-01,8.76658e-01,9.99995e-01
2.169476383e+00,0.00000e+00,9.99999e-01,0.00000e+00,8.31709e-01,8.78940e-01,9.99995e-01
2.180323765e+00,0.00000e+00,9.99999e-01,0.00000e+00,8.11536e-01,8.81183e-01,9.99994e-01
2.191225384e+00,1.09527e-191,9.99999e-01,1.42192e-191,7.76619e-01,8.83388e-01,9.99994e-01
2.202181511e+00,5.20877e-121,9.99999e-01,7.11358e-121,7.27237e-01,8.85554e-01,9.99994e-01
2.213192418e+00,3.55741e-59,9.99999e-01,4.74336e-59,7.29979e-01,8.87682e-01,9.99993e-01
2.224258381e+00,9.07503e-38,9.99999e-01,1.24276e-37,6.83020e-01,8.89774e-01,9.99992e-01
2.235379672e+00,5.10124e-25,9.99999e-01,6.96735e-25,7.28948e-01,8.91829e-01,9.99991e-01
2.246556571e+00,5.09670e-17,9.99999e-01,7.86472e-17,5.67563e-01,8.93848e-01,9.99989e-01
2.257789354e+00,1.87629e-12,9.99999e-01,2.95495e-12,6.49557e-01,8.95831e-01,9.99987e-01
2.269078300e+00,5.90338e-12,9.99999e-01,1.54563e-11,3.44192e-01,8.97780e-01,9.99984e-01
2.280423692e+00,1.75867e-09,9.99999e-01,3.67633e-09,4.11050e-01,8.99694e-01,9.99980e-01
2.291825810e+00,4.59983e-08,9.99999e-01,1.85246e-07,1.84967e-01,9.01574e-01,9.99974e-01
2.303284939e+00,9.18720e-07,9.99999e-01,3.83379e-06,2.19794e-01,9.03421e-01,9.99964e-01
2.314801364e+00,2.23895e-06,9.99999e-01,1.96228e-05,7.94860e-02,9.05236e-01,9.99950e-01
2.326375371e+00,5.70126e-05,9.99999e-01,6.64327e-04,7.40401e-02,9.07018e-01,9.99932e-01
2.338007248e+00,4.11125e-05,9.99999e-01,3.14755e-04,9.46321e-02,9.08768e-01,9.99908e-01
2.349697284e+00,2.08754e-05,9.99999e-01,1.11852e-03,1.10005e-02,9.10487e-01,9.99875e-01
2.361445770e+00,8.11632e-05,9.99999e-01,3.60852e-03,1.90866e-02,9.12175e-01,9.99827e-01
2.373252999e+00,1.54299e-04,9.99999e-01,8.29854e-03,7.80525e-03,9.13832e-01,9.99760e-01
2.385119264e+00,4.66760e-05,9.99999e-01,1.25605e-01,1.91673e-04,9.15460e-01,9.99671e-01
2.397044861e+00,1.78951e-03,9.99999e-01,3.99825e-01,4.42177e-03,9.17059e-01,9.99502e-01
2.409030085e+00,7.23957e-06,9.99999e-01,2.06922e-01,2.84827e-05,9.18629e-01,9.99270e-01
2.421075235e+00,2.16057e-05,9.99999e-01,1.04101e-01,1.15124e-04,9.20170e-01,9.99001e-01
2.433180612e+00,2.50949e-09,9.99999e-01,2.95973e-05,1.13237e-05,9.21683e-01,9.98647e-01
2.445346515e+00,1.17247e-09,9.99999e-01,3.19018e-03,1.27717e-07,9.23169e-01,9.98189e-01
2.457573247e+00,3.17208e-14,9.99999e-01,3.11420e-04,1.17436e-11,9.24628e-01,9.97562e-01
2.469861113e+00,6.92692e-89,9.99999e-01,4.15863e-73,5.74362e-18,9.26060e-01,9.96702e-01
2.482210419e+00,6.64892e-306,9.99999e-01,6.70750e-272,3.22151e-36,9.27467e-01,9.95365e-01
2.494621471e+00,0.00000e+00,9.99999e-01,0.00000e+00,1.52925e-61,9.28847e-01,9.93433e-01
2.507094578e+00,0.00000e+00,9.99999e-01,0.00000e+00,1.36064e-101,9.30202e-01,9.90426e-01
2.519630051e+00,0.00000e+00,9.99999e-01,0.00000e+00,1.97928e-190,9.31533e-01,9.86041e-01
2.532228202e+00,0.00000e+00,9.99999e-01,0.00000e+00,3.80905e-258,9.32838e-01,9.81357e-01
2.544889343e+00,0.00000e+00,9.99999e-01,0.00000e+00,0.00000e+00,9.34120e-01,9.76226e-01
2.557613789e+00,0.00000e+00,9.99999e-01,0.00000e+00,0.00000e+00,9.35379e-01,9.72071e-01
2.570401858e+00,0.00000e+00,9.99999e-01,0.00000e+00,0.00000e+00,9.36614e-01,9.69816e-01
2.583253867e+00,0.00000e+00,9.99999e-01,0.00000e+00,0.00000e+00,9.37826e-01,9.67842e-01
2.596170137e+00,0.00000e+00,9.99999e-01,0.00000e+00,0.00000e+00,9.39016e-01,9.66371e-01
2.609150988e+00,0.00000e+00,9.99999e-01,0.00000e+00,1.91631e-289,9.40184e-01,9.64317e-01
2.622196742e+00,0.00000e+00,9.99999e-01,0.00000e+00,1.21089e-242,9.41330e-01,9.63353e-01
2.635307726e+00,0.00000e+00,9.99999e-01,0.00000e+00,7.58579e-107,9.42455e-01,9.61725e-01
2.648484265e+00,0.00000e+00,9.99999e-01,0.00000e+00,4.82312e-130,9.43558e-01,9.56401e-01
2.661726686e+00,0.00000e+00,9.99999e-01,0.00000e+00,3.66849e-233,9.44642e-01,9.51556e-01
2.675035320e+00,0.00000e+00,9.99999e-01,0.00000e+00,0.00000e+00,9.45705e-01,9.53953e-01
2.688410496e+00,0.00000e+00,9.99999e-01,0.00000e+00,0.00000e+00,9.46748e-01,9.56514e-01
2.701852549e+00,0.00000e+00,9.99999e-01,0.00000e+00,0.00000e+00,9.47772e-01,9.60508e-01
2.715361811e+00,0.00000e+00,9.99999e-01,0.00000e+00,0.00000e+00,9.48777e-01,9.63265e-01
2.728938620e+00,0.00000e+00,9.99999e-01,0.00000e+00,2.87516e-257,9.49763e-01,9.67381e-01
2.742583314e+00,0.00000e+00,9.99999e-01,0.00000e+00,5.19275e-275,9.50730e-01,9.68572e-01
2.756296230e+00,0.00000e+00,9.99999e-01,0.00000e+00,2.19102e-284,9.51680e-01,9.69809e-01
2.770077711e+00,0.00000e+00,9.99999e-01,0.00000e+00,0.00000e+00,9.52611e-01,9.74003e-01
2.783928100e+00,0.00000e+00,9.99999e-01,0.00000e+00,0.00000e+00,9.53525e-01,9.76172e-01
2.797847740e+00,0.00000e+00,9.99999e-01,0.00000e+00,3.67803e-297,9.54422e-01,9.79522e-01
2.811836979e+00,0.00000e+00,9.99999e-01,0.00000e+00,8.81165e-318,9.55302e-01,9.83662e-01
2.825896164e+00,0.00000e+00,9.99999e-01,0.00000e+00,3.41422e-274,9.56165e-01,9.87376e-01
2.840025645e+00,0.00000e+00,9.99999e-01,0.00000e+00,5.86523e-207,9.57012e-01,9.89976e-01
2.854225773e+00,0.00000e+00,9.99999e-01,0.00000e+00,8.05015e-180,9.57843e-01,9.92077e-01
2.868496902e+00,0.00000e+00,9.99999e-01,0.00000e+00,2.88943e-169,9.58658e-01,9.94294e-01
2.882839386e+00,0.00000e+00,9.99999e-01,0.00000e+00,4.12893e-134,9.59458e-01,9.95813e-01
2.897253583e+00,0.00000e+00,9.99999e-01,0.00000e+00,1.99840e-114,9.60242e-01,9.96623e-01
2.911739851e+00,0.00000e+00,9.99999e-01,0.00000e+00,3.36118e-76,9.61012e-01,9.97314e-01
2.926298550e+00,0.00000e+00,9.99999e-01,0.00000e+00,2.05209e-51,9.61767e-01,9.97971e-01
2.940930043e+00,0.00000e+00,9.99999e-01,0.00000e+00,1.45819e-50,9.62508e-01,9.98377e-01
2.955634693e+00,0.00000e+00,9.99999e-01,0.00000e+00,4.54928e-51,9.63235e-01,9.98655e-01
2.970412867e+00,0.00000e+00,9.99999e-01,0.00000e+00,5.27583e-43,9.63948e-01,9.98947e-01
2.985264931e+00,0.00000e+00,9.99999e-01,0.00000e+00,6.04221e-34,9.64647e-01,9.99150e-01
3.000191256e+00,0.00000e+00,9.99999e-01,0.00000e+00,2.76116e-25,9.65333e-01,9.99270e-01
3.015192212e+00,0.00000e+00,9.99999e-01,0.00000e+00,6.25891e-25,9.66006e-01,9.99417e-01
3.030268173e+00,0.00000e+00,9.99999e-01,0.00000e+00,2.28199e-21,9.66666e-01,9.99498e-01
3.045419514e+00,0.00000e+00,9.99999e-01,0.00000e+00,9.16331e-24,9.67314e-01,9.99545e-01
3.060646612e+00,0.00000e+00,9.99999e-01,0.00000e+00,9.27102e-16,9.67949e-01,9.99595e-01
3.075949845e+00,0.00000e+00,9.99999e-01,0.00000e+00,3.13688e-15,9.68572e-01,1.40150e-06
3.091329594e+00,0.00000e+00,9.99999e-01,0.00000e+00,2.17349e-13,9.69183e-01,2.46776e-14
3.106786242e+00,0.00000e+00,9.99999e-01,0.00000e+00,6.72359e-13,9.69783e-01,1.04251e-38
3.122320173e+00,0.00000e+00,9.99999e-01,0.00000e+00,1.06327e-10,9.70370e-01,4.35653e-106
3.137931774e+00,0.00000e+00,9.99999e-01,0.00000e+00,9.81393e-11,9.70947e-01,5.42367e-52
3.153621433e+00,0.00000e+00,9.99999e-01,0.00000e+00,1.37531e-06,9.71513e-01,1.64810e-13
3.169389540e+00,0.00000e+00,9.99999e-01,0.00000e+00,3.38810e-06,9.72067e-01,2.12817e-52
3.185236488e+00,0.00000e+00,9.99999e-01,0.00000e+00,3.47368e-07,9.72612e-01,7.18372e-86
3.201162670e+00,0.00000e+00,9.99999e-01,2.38636e-300,2.16664e-13,9.73145e-01,1.77931e-150
3.217168483e+00,0.00000e+00,9.99999e-01,3.48442e-291,5.98024e-11,9.73669e-01,4.07973e-217
3.233254326e+00,0.00000e+00,9.99999e-01,8.92914e-242,2.63130e-07,9.74182e-01,0.00000e+00
3.249420598e+00,0.00000e+00,9.99999e-01,5.27486e-134,5.15253e-05,9.74685e-01,0.00000e+00
3.265667701e+00,0.00000e+00,9.99999e-01,1.38498e-116,7.27277e-07,9.75179e-01,0.00000e+00
3.281996039e+00,0.00000e+00,9.99999e-01,8.41123e-84,1.72205e-06,9.75663e-01,0.00000e+00
3.298406019e+00,0.00000e+00,9.99999e-01,1.42222e-74,3.95768e-08,9.76138e-01,0.00000e+00
3.314898049e+00,0.00000e+00,9.99999e-01,4.09731e-73,3.12733e-09,9.76604e-01,0.00000e+00
3.331472540e+00,0.00000e+00,9.99999e-01,4.25089e-68,3.43007e-08,9.77061e-01,0.00000e+00
3.348129902e+00,0.00000e+00,9.99999e-01,8.35790e-53,9.98460e-09,9.77509e-01,0.00000e+00
3.364870552e+00,0.00000e+00,9.99999e-01,2.61673e-52,1.91207e-07,9.77948e-01,0.00000e+00
3.381694905e+00,0.00000e+00,9.99999e-01,3.17541e-40,8.26007e-06,9.78379e-01,0.00000e+00
3.398603379e+00,0.00000e+00,9.99999e-01,9.07606e-33,2.93925e-05,9.78801e-01,0.00000e+00
3.415596396e+00,3.71031e-274,9.99999e-01,4.72396e-32,7.26259e-04,9.79216e-01,4.58708e-240
3.432674378e+00,2.91088e-182,9.99999e-01,1.02482e-35,9.31968e-04,9.79622e-01,8.15836e-145
3.449837750e+00,2.99137e-112,9.99999e-01,1.33511e-45,7.35797e-03,9.80020e-01,1.00268e-65
3.467086939e+00,2.05997e-102,9.99999e-01,2.00513e-89,3.15045e-02,9.80411e-01,1.73109e-12
3.484422373e+00,1.03509e-124,9.99999e-01,5.84272e-122,3.56211e-02,9.80794e-01,1.58806e-02
3.501844485e+00,2.41942e-186,9.99999e-01,7.95851e-181,1.44254e-01,9.81170e-01,1.35878e-05
3.519353708e+00,2.06680e-219,9.99999e-01,6.14010e-219,2.00958e-01,9.81539e-01,9.93507e-01
3.536950476e+00,1.82056e-279,9.99999e-01,5.52408e-279,2.29888e-01,9.81900e-01,9.81330e-01
3.554635228e+00,5.41275e-269,9.99999e-01,1.19018e-268,3.98743e-01,9.82254e-01,9.58309e-01
3.572408405e+00,9.14700e-221,9.99999e-01,1.82963e-220,4.09574e-01,9.82602e-01,9.30003e-01
3.590270447e+00,1.76534e-205,9.99999e-01,2.83099e-205,5.33541e-01,9.82942e-01,9.58978e-01
3.608221799e+00,5.59829e-143,9.99999e-01,8.29989e-143,6.13441e-01,9.83276e-01,9.79021e-01
3.626262908e+00,1.45196e-77,9.99999e-01,1.83197e-77,6.57603e-01,9.83604e-01,9.95675e-01
3.644394222e+00,1.14269e-60,9.99999e-01,1.43457e-60,7.78393e-01,9.83925e-01,9.98283e-01
3.662616193e+00,2.02775e-25,9.99999e-01,2.64702e-25,6.66415e-01,9.84240e-01,9.90839e-01
3.680929274e+00,1.69500e-12,9.99999e-01,2.76168e-12,5.11161e-01,9.84549e-01,9.53919e-01
3.699333921e+00,7.69420e-08,9.99999e-01,1.13506e-07,7.29066e-01,9.84852e-01,8.99714e-01
3.717830590e+00,1.90395e-08,9.99999e-01,2.88991e-08,7.82676e-01,9.85149e-01,8.08901e-01
3.736419743e+00,7.99820e-15,9.99999e-01,1.39231e-14,7.49559e-01,9.85440e-01,7.20006e-01
3.755101842e+00,8.33275e-66,9.99999e-01,1.40143e-65,7.34812e-01,9.85726e-01,7.45576e-01
3.773877351e+00,8.56621e-163,9.99999e-01,1.25103e-162,7.75586e-01,9.86005e-01,8.44153e-01
3.792746738e+00,0.00000e+00,9.99999e-01,0.00000e+00,7.35458e-01,9.86280e-01,9.35131e-01
3.811710472e+00,4.39470e-275,9.99999e-01,5.63337e-275,6.87280e-01,9.86549e-01,9.70448e-01
3.830769024e+00,4.30653e-275,9.99999e-01,5.63872e-275,6.67556e-01,9.86813e-01,9.88531e-01
3.849922869e+00,0.00000e+00,9.99999e-01,0.00000e+00,5.67143e-01,9.87072e-01,9.97204e-01
3.869172484e+00,3.65732e-233,9.99999e-01,5.38104e-233,5.21091e-01,9.87326e-01,9.75455e-01
3.888518346e+00,5.36325e-94,9.99999e-01,7.73230e-94,6.79568e-01,9.87574e-01,9.41690e-01
3.907960938e+00,2.49782e-75,9.99999e-01,3.90606e-75,6.53219e-01,9.87818e-01,9.00593e-01
3.927500742e+00,9.08516e-76,9.99999e-01,1.64068e-75,1.69937e-01,9.88057e-01,8.80198e-01
3.947138246e+00,3.65543e-112,9.99999e-01,1.38794e-111,2.04227e-01,9.88292e-01,9.31800e-01
3.966873937e+00,1.89860e-174,9.99999e-01,4.52856e-174,5.41162e-02,9.88522e-01,9.85042e-01
3.986708307e+00,7.84756e-277,9.99999e-01,1.20061e-276,4.91144e-01,9.88747e-01,9.99983e-01
4.006641849e+00,0.00000e+00,9.99999e-01,0.00000e+00,7.66352e-01,9.88968e-01,9.99983e-01
4.026675058e+00,0.00000e+00,9.99999e-01,0.00000e+00,7.32941e-01,9.89185e-01,9.99982e-01
4.046808433e+00,0.00000e+00,9.99999e-01,0.00000e+00,6.89761e-01,9.89397e-01,9.99982e-01
4.067042475e+00,0.00000e+00,9.99999e-01,0.00000e+00,6.49022e-01,9.89606e-01,9.99981e-01
4.087377688e+00,0.00000e+00,9.99999e-01,0.00000e+00,6.30241e-01,9.89810e-01,9.99980e-01
4.107814576e+00,0.00000e+00,9.99999e-01,0.00000e+00,5.26162e-01,9.90010e-01,9.99980e-01
4.128353649e+00,0.00000e+00,9.99999e-01,0.00000e+00,3.67861e-01,9.90207e-01,9.99979e-01
4.148995417e+00,0.00000e+00,9.99999e-01,0.00000e+00,2.98150e-01,9.90399e-01,9.99978e-01
4.169740394e+00,0.00000e+00,9.99999e-01,0.00000e+00,1.42378e-01,9.90588e-01,9.99977e-01
4.190589096e+00,0.00000e+00,9.99999e-01,0.00000e+00,9.57183e-02,9.90773e-01,9.99975e-01
4.211542042e+00,0.00000e+00,9.99999e-01,0.00000e+00,2.84955e-02,9.90954e-01,9.99974e-01
4.232599752e+00,0.00000e+00,9.99999e-01,0.00000e+00,1.76650e-02,9.91132e-01,9.99973e-01
4.253762751e+00,0.00000e+00,9.99999e-01,0.00000e+00,6.08685e-03,9.91306e-01,9.99971e-01
4.275031564e+00,0.00000e+00,9.99999e-01,0.00000e+00,1.01418e-03,9.91477e-01,9.99969e-01
4.296406722e+00,0.00000e+00,9.99999e-01,0.00000e+00,1.68109e-04,9.91645e-01,9.99967e-01
4.317888756e+00,0.00000e+00,9.99999e-01,0.00000e+00,2.99255e-04,9.91809e-01,9.99965e-01
4.339478200e+00,0.00000e+00,9.99999e-01,0.00000e+00,5.71006e-05,9.91970e-01,9.99962e-01
4.361175591e+00,0.00000e+00,9.99999e-01,0.00000e+00,2.28944e-05,9.92128e-01,9.99959e-01
4.382981469e+00,0.00000e+00,9.99999e-01,0.00000e+00,2.18201e-05,9.92283e-01,9.99955e-01
4.404896376e+00,0.00000e+00,9.99999e-01,0.00000e+00,1.52601e-05,9.92435e-01,9.99951e-01
4.426920858e+00,0.00000e+00,9.99999e-01,0.00000e+00,8.10234e-06,9.92584e-01,9.99947e-01
4.449055462e+00,0.00000e+00,9.99999e-01,0.00000e+00,6.11269e-06,9.92730e-01,9.99942e-01
4.471300739e+00,0.00000e+00,9.99999e-01,0.00000e+00,1.14773e-06,9.92873e-01,9.99936e-01
4.493657243e+00,0.00000e+00,9.99999e-01,0.00000e+00,3.93467e-06,9.93013e-01,9.99930e-01
4.516125529e+00,0.00000e+00,9.99999e-01,0.00000e+00,4.25300e-07,9.93151e-01,9.99922e-01
4.538706157e+00,0.00000e+00,9.99999e-01,0.00000e+00,1.45450e-05,9.93286e-01,9.99913e-01
4.561399688e+00,0.00000e+00,9.99999e-01,0.00000e+00,1.52797e-05,9.93418e-01,9.99902e-01
4.584206686e+00,0.00000e+00,9.99999e-01,0.00000e+00,1.61395e-05,9.93547e-01,9.99889e-01
4.607127720e+00,0.00000e+00,9.99999e-01,0.00000e+00,6.30276e-06,9.93674e-01,9.99873e-01
4.630163358e+00,0.00000e+00,9.99999e-01,0.00000e+00,3.57187e-10,9.93799e-01,9.99854e-01
4.653314175e+00,0.00000e+00,9.99999e-01,0.00000e+00,1.67403e-10,9.93921e-01,9.99833e-01
4.676580746e+00,0.00000e+00,9.99999e-01,0.00000e+00,2.65552e-12,9.94041e-01,9.99806e-01
4.699963650e+00,0.00000e+00,9.99999e-01,0.00000e+00,2.16811e-11,9.94158e-01,9.99774e-01
4.723463468e+00,0.00000e+00,9.99999e-01,0.00000e+00,5.20724e-14,9.94273e-01,9.99733e-01
4.747080785e+00,0.00000e+00,9.99999e-01,0.00000e+00,9.40009e-11,9.94386e-01,9.99685e-01
4.770816189e+00,0.00000e+00,9.99999e-01,0.00000e+00,1.34190e-11,9.94496e-01,9.99627e-01
4.794670270e+00,0.00000e+00,9.99999e-01,0.00000e+00,2.87468e-19,9.94605e-01,9.99558e-01
4.818643622e+00,0.00000e+00,9.99999e-01,0.00000e+00,9.78679e-20,9.94711e-01,9.99474e-01
4.842736840e+00,0.00000e+00,9.99999e-01,0.00000e+00,1.86303e-23,9.94815e-01,9.99380e-01
4.866950524e+00,0.00000e+00,9.99999e-01,0.00000e+00,4.05997e-17,9.94917e-01,9.99264e-01
4.891285276e+00,0.00000e+00,9.99999e-01,0.00000e+00,2.94883e-22,9.95018e-01,9.99115e-01
4.915741703e+00,0.00000e+00,9.99999e-01,0.00000e+00,5.38154e-22,9.95116e-01,9.98968e-01
4.940320411e+00,0.00000e+00,9.99999e-01,0.00000e+00,1.97885e-23,9.95212e-01,9.98768e-01
4.965022013e+00,0.00000e+00,9.99999e-01,0.00000e+00,8.35949e-33,9.95306e-01,9.98570e-01
4.989847123e+00,0.00000e+00,9.99999e-01,0.00000e+00,1.71908e-29,9.95399e-01,9.98386e-01
5.014796359e+00,0.00000e+00,9.99999e-01,0.00000e+00,3.81829e-34,9.95489e-01,9.98132e-01
5.039870341e+00,0.00000e+00,9.99999e-01,0.00000e+00,1.81844e-34,9.95578e-01,9.97831e-01
5.065069693e+00,0.00000e+00,9.99999e-01,0.00000e+00,3.03763e-34,9.95665e-01,9.97413e-01
5.090395041e+00,0.00000e+00,9.99999e-01,0.00000e+00,1.35764e-51,9.95751e-01,9.97011e-01
5.115847016e+00,0.00000e+00,9.99999e-01,0.00000e+00,1.62343e-51,9.95835e-01,9.96525e-01
5.141426251e+00,0.00000e+00,9.99999e-01,0.00000e+00,7.08061e-68,9.95917e-01,9.95990e-01
5.167133383e+00,0.00000e+00,9.99999e-01,0.00000e+00,7.53038e-79,9.95997e-01,9.95453e-01
5.192969049e+00,0.00000e+00,9.99999e-01,0.00000e+00,8.11552e-79,9.96076e-01,9.94840e-01
5.218933895e+00,0.00000e+00,9.99999e-01,0.00000e+00,3.02733e-126,9.96153e-01,9.94263e-01
5.245028564e+00,0.00000e+00,9.99999e-01,0.00000e+00,9.10951e-96,9.96229e-01,9.93696e-01
5.271253707e+00,0.00000e+00,9.99999e-01,0.00000e+00,1.50627e-98,9.96303e-01,9.92925e-01
5.297609976e+00,0.00000e+00,9.99999e-01,0.00000e+00,2.53341e-121,9.96376e-01,9.92163e-01
5.324098025e+00,0.00000e+00,9.99999e-01,0.00000e+00,1.87089e-121,9.96448e-01,9.91476e-01
5.350718516e+00,0.00000e+00,9.99999e-01,0.00000e+00,5.43049e-150,9.96518e-01,9.90236e-01
5.377472108e+00,0.00000e+00,9.99999e-01,0.00000e+00,1.18503e-156,9.96586e-01,9.89621e-01
5.404359469e+00,0.00000e+00,9.99999e-01,0.00000e+00,1.18738e-156,9.96654e-01,9.88233e-01
5.431381266e+00,0.00000e+00,9.99999e-01,0.00000e+00,3.76257e-294,9.96720e-01,9.87340e-01
5.458538172e+00,0.00000e+00,9.99999e-01,0.00000e+00,3.76256e-294,9.96784e-01,9.85998e-01
5.485830863e+00,0.00000e+00,9.99999e-01,0.00000e+00,8.27651e-317,9.96848e-01,9.84387e-01
5.513260018e+00,0.00000e+00,9.99999e-01,0.00000e+00,0.00000e+00,9.96910e-01,9.82811e-01
5.540826318e+00,0.00000e+00,9.99999e-01,0.00000e+00,0.00000e+00,9.96971e-01,9.80902e-01
5.568530449e+00,0.00000e+00,9.99999e-01,0.00000e+00,0.00000e+00,9.97031e-01,7.98643e-01
5.596373101e+00,0.00000e+00,9.99999e-01,0.00000e+00,0.00000e+00,9.97089e-01,7.21410e-01
5.624354967e+00,0.00000e+00,9.99999e-01,0.00000e+00,0.00000e+00,9.97147e-01,6.48175e-01
5.652476742e+00,0.00000e+00,9.99999e-01,0.00000e+00,0.00000e+00,9.97203e-01,5.67508e-01
5.680739126e+00,0.00000e+00,9.99999e-01,0.00000e+00,0.00000e+00,9.97258e-01,4.75824e-01
5.709142821e+00,0.00000e+00,9.99999e-01,0.00000e+00,0.00000e+00,9.97312e-01,3.71686e-01
5.737688535e+00,0.00000e+00,9.99999e-01,0.00000e+00,0.00000e+00,9.97365e-01,2.66766e-01
5.766376978e+00,0.00000e+00,9.99999e-01,9.37357e-293,0.00000e+00,9.97417e-01,1.76557e-01
5.795208863e+00,0.00000e+00,9.99999e-01,5.76182e-211,0.00000e+00,9.97468e-01,1.01958e-01
5.824184907e+00,0.00000e+00,9.99999e-01,2.35599e-153,0.00000e+00,9.97518e-01,4.96041e-02
5.853305832e+00,0.00000e+00,9.99999e-01,1.94745e-154,0.00000e+00,9.97567e-01,1.90668e-02
5.882572361e+00,0.00000e+00,9.99999e-01,2.26343e-179,0.00000e+00,9.97615e-01,5.43093e-03
5.911985223e+00,0.00000e+00,9.99999e-01,4.35060e-155,0.00000e+00,9.97662e-01,1.02403e-03
5.941545149e+00,0.00000e+00,9.99999e-01,4.68757e-77,0.00000e+00,9.97708e-01,1.14428e-04
5.971252874e+00,0.00000e+00,9.99999e-01,7.25280e-47,0.00000e+00,9.97753e-01,6.21690e-06
6.001109139e+00,0.00000e+00,9.99999e-01,3.11577e-40,0.00000e+00,9.97797e-01,1.35331e-07
6.031114685e+00,0.00000e+00,9.99999e-01,4.68081e-42,0.00000e+00,9.97841e-01,1.19627e-09
6.061270258e+00,0.00000e+00,9.99999e-01,1.32133e-54,0.00000e+00,9.97883e-01,2.55210e-12
6.091576609e+00,0.00000e+00,9.99999e-01,2.61331e-81,0.00000e+00,9.97925e-01,4.71974e-16
6.122034492e+00,0.00000e+00,9.99999e-01,5.10527e-106,2.52813e-213,9.97966e-01,5.90010e-21
6.152644665e+00,0.00000e+00,9.99999e-01,4.82307e-149,7.60990e-217,9.98006e-01,5.14076e-27
6.183407888e+00,0.00000e+00,9.99999e-01,9.41112e-173,4.31140e-142,9.98046e-01,6.89609e-35
6.214324928e+00,4.94066e-324,9.99999e-01,9.12567e-187,2.30206e-95,9.98084e-01,4.19487e-45
6.245396552e+00,1.08161e-259,9.99999e-01,2.48488e-138,7.49570e-66,9.98122e-01,2.41846e-58
6.276623535e+00,1.76333e-269,9.99999e-01,3.02893e-130,2.57096e-66,9.98159e-01,1.88216e-75
6.308006653e+00,3.65110e-292,9.99999e-01,1.24025e-131,5.00924e-66,9.98195e-01,1.79087e-97
6.339546686e+00,0.00000e+00,9.99999e-01,1.31352e-179,2.10886e-146,9.98231e-01,1.29027e-125
6.371244419e+00,0.00000e+00,9.99999e-01,6.54602e-205,0.00000e+00,9.98266e-01,1.14948e-158
6.403100641e+00,0.00000e+00,9.99999e-01,2.59808e-147,0.00000e+00,9.98300e-01,1.47380e-199
6.435116145e+00,0.00000e+00,9.99999e-01,2.78057e-63,0.00000e+00,9.98333e-01,6.06182e-253
6.467291725e+00,0.00000e+00,9.99999e-01,3.79783e-31,0.00000e+00,9.98366e-01,0.00000e+00
6.499628184e+00,0.00000e+00,9.99999e-01,2.13946e-13,0.00000e+00,9.98399e-01,0.00000e+00
6.532126325e+00,0.00000e+00,9.99999e-01,1.55905e-09,0.00000e+00,9.98430e-01,0.00000e+00
6.564786956e+00,0.00000e+00,9.99999e-01,2.15056e-07,0.00000e+00,9.98461e-01,0.00000e+00
6.597610891e+00,0.00000e+00,9.99999e-01,2.56269e-06,0.00000e+00,9.98491e-01,0.00000e+00
6.630598946e+00,0.00000e+00,9.99999e-01,1.19295e-05,0.00000e+00,9.98521e-01,0.00000e+00
6.663751940e+00,0.00000e+00,9.99999e-01,1.25408e-05,0.00000e+00,9.98550e-01,0.00000e+00
6.697070700e+00,0.00000e+00,9.99999e-01,1.27621e-06,0.00000e+00,9.98579e-01,0.00000e+00
6.730556054e+00,0.00000e+00,9.99999e-01,8.90058e-09,0.00000e+00,9.98607e-01,0.00000e+00
6.764208834e+00,0.00000e+00,9.99999e-01,9.71719e-12,0.00000e+00,9.98635e-01,0.00000e+00
6.798029878e+00,0.00000e+00,9.99999e-01,2.95996e-18,0.00000e+00,9.98661e-01,0.00000e+00
6.832020027e+00,0.00000e+00,9.99999e-01,1.11535e-25,0.00000e+00,9.98688e-01,0.00000e+00
6.866180128e+00,0.00000e+00,9.99999e-01,9.97442e-43,0.00000e+00,9.98714e-01,0.00000e+00
6.900511028e+00,0.00000e+00,9.99999e-01,2.77001e-61,0.00000e+00,9.98739e-01,0.00000e+00
6.935013583e+00,0.00000e+00,9.99999e-01,9.68482e-108,0.00000e+00,9.98764e-01,0.00000e+00
6.969688651e+00,0.00000e+00,9.99999e-01,3.60048e-155,0.00000e+00,9.98788e-01,0.00000e+00
7.004537095e+00,0.00000e+00,9.99999e-01,1.13877e-250,0.00000e+00,9.98812e-01,0.00000e+00
7.039559780e+00,0.00000e+00,9.99999e-01,0.00000e+00,0.00000e+00,9.98836e-01,0.00000e+00
7.074757579e+00,0.00000e+00,9.99999e-01,0.00000e+00,0.00000e+00,9.98859e-01,0.00000e+00
7.110131367e+00,0.00000e+00,9.99999e-01,0.00000e+00,0.00000e+00,9.98881e-01,0.00000e+00
7.145682024e+00,0.00000e+00,9.99999e-01,0.00000e+00,0.00000e+00,9.98903e-01,0.00000e+00
7.181410434e+00,0.00000e+00,9.99999e-01,0.00000e+00,0.00000e+00,9.98925e-01,0.00000e+00
7.217317486e+00,0.00000e+00,9.99999e-01,0.00000e+00,0.00000e+00,9.98946e-01,0.00000e+00
7.253404073e+00,0.00000e+00,9.99999e-01,0.00000e+00,0.00000e+00,9.98967e-01,0.00000e+00
7.289671094e+00,0.00000e+00,9.99999e-01,0.00000e+00,0.00000e+00,9.98987e-01,0.00000e+00
7.326119449e+00,0.00000e+00,9.99999e-01,0.00000e+00,0.00000e+00,9.99007e-01,0.00000e+00
7.362750046e+00,0.00000e+00,9.99999e-01,0.00000e+00,4.59211e-311,9.99027e-01,0.00000e+00
7.399563797e+00,0.00000e+00,9.99999e-01,0.00000e+00,1.85729e-255,9.99046e-01,0.00000e+00
7.436561616e+00,0.00000e+00,9.99999e-01,0.00000e+00,2.43949e-276,9.99065e-01,0.00000e+00
7.473744424e+00,0.00000e+00,9.99999e-01,3.60751e-312,8.29289e-260,9.99083e-01,0.00000e+00
7.511113146e+00,0.00000e+00,9.99999e-01,1.03328e-216,7.47006e-226,9.99101e-01,0.00000e+00
7.548668712e+00,0.00000e+00,9.99999e-01,8.86311e-129,1.70791e-234,9.99119e-01,0.00000e+00
7.586412055e+00,0.00000e+00,9.99999e-01,2.39738e-109,0.00000e+00,9.99136e-01,0.00000e+00
7.624344115e+00,0.00000e+00,9.99999e-01,1.81333e-108,5.39570e-207,9.99153e-01,0.00000e+00
7.662465836e+00,0.00000e+00,9.99999e-01,1.56678e-121,3.90628e-127,9.99170e-01,0.00000e+00
7.700778165e+00,0.00000e+00,9.99999e-01,3.28844e-164,2.89824e-127,9.99187e-01,0.00000e+00
7.739282056e+00,0.00000e+00,9.99999e-01,3.43373e-277,1.28846e-212,9.99203e-01,0.00000e+00
7.777978466e+00,0.00000e+00,9.99999e-01,0.00000e+00,1.94238e-144,9.99218e-01,0.00000e+00
7.816868359e+00,0.00000e+00,9.99999e-01,0.00000e+00,2.88206e-118,9.99234e-01,0.00000e+00
7.855952700e+00,0.00000e+00,9.99999e-01,0.00000e+00,2.16407e-118,9.99249e-01,0.00000e+00
7.895232464e+00,0.00000e+00,9.99999e-01,0.00000e+00,2.24319e-117,9.99264e-01,0.00000e+00
7.934708626e+00,0.00000e+00,9.99999e-01,0.00000e+00,6.18834e-69,9.99278e-01,0.00000e+00
7.974382169e+00,0.00000e+00,9.99999e-01,0.00000e+00,2.50695e-53,9.99292e-01,0.00000e+00
8.014254080e+00,0.00000e+00,9.99999e-01,0.00000e+00,1.20366e-53,9.99306e-01,0.00000e+00
8.054325351e+00,0.00000e+00,9.99999e-01,0.00000e+00,2.78533e-50,9.99320e-01,0.00000e+00
8.094596977e+00,0.00000e+00,9.99999e-01,0.00000e+00,5.46960e-41,9.99333e-01,0.00000e+00
8.135069962e+00,0.00000e+00,9.99999e-01,0.00000e+00,1.49657e-40,9.99347e-01,0.00000e+00
8.175745312e+00,0.00000e+00,9.99999e-01,0.00000e+00,3.86830e-41,9.99359e-01,0.00000e+00
8.216624039e+00,0.00000e+00,9.99999e-01,0.00000e+00,1.64973e-34,9.99372e-01,0.00000e+00
8.257707159e+00,0.00000e+00,9.99999e-01,2.24769e-264,6.20511e-21,9.99384e-01,0.00000e+00
8.298995695e+00,0.00000e+00,9.99999e-01,2.97516e-240,7.48113e-20,9.99397e-01,0.00000e+00
8.340490673e+00,0.00000e+00,9.99999e-01,2.06121e-221,1.18041e-21,9.99408e-01,0.00000e+00
8.382193126e+00,0.00000e+00,9.99999e-01,3.88677e-205,7.06950e-17,9.99420e-01,0.00000e+00
8.424104092e+00,0.00000e+00,9.99999e-01,2.35337e-162,1.67271e-17,9.99432e-01,0.00000e+00
8.466224613e+00,0.00000e+00,9.99999e-01,1.48323e-125,4.70030e-18,9.99443e-01,0.00000e+00
8.508555736e+00,0.00000e+00,9.99999e-01,4.43947e-70,1.81458e-14,9.99454e-01,2.55036e-257
8.551098514e+00,6.17640e-251,9.99999e-01,1.81258e-51,9.49249e-11,9.99465e-01,3.05784e-191
8.593854007e+00,2.15143e-206,9.99999e-01,4.99938e-51,2.64851e-07,9.99475e-01,3.52730e-150
8.636823277e+00,4.28035e-179,9.99999e-01,2.53220e-59,6.05886e-07,9.99485e-01,1.13016e-114
8.680007393e+00,7.40977e-161,9.99999e-01,3.46983e-67,2.68876e-09,9.99496e-01,3.20886e-87
8.723407430e+00,2.56075e-149,9.99999e-01,1.13954e-74,6.98469e-09,9.99506e-01,1.33903e-67
8.767024467e+00,1.35443e-141,9.99999e-01,1.32969e-81,6.59715e-10,9.99515e-01,1.99896e-52
8.810859590e+00,0.00000e+00,9.99999e-01,1.81064e-286,4.64747e-07,9.99525e-01,1.21020e-39
8.854913888e+00,0.00000e+00,9.99999e-01,0.00000e+00,1.14833e-04,9.99534e-01,1.19075e-30
8.899188457e+00,0.00000e+00,9.99999e-01,0.00000e+00,6.65750e-05,9.99543e-01,9.19574e-24
8.943684399e+00,0.00000e+00,9.99999e-01,0.00000e+00,1.06526e-06,9.99552e-01,5.18462e-18
8.988402821e+00,0.00000e+00,9.99999e-01,0.00000e+00,4.21795e-07,9.99561e-01,5.47037e-14
9.033344836e+00,0.00000e+00,9.99999e-01,0.00000e+00,2.14022e-07,9.99570e-01,6.37574e-11
9.078511560e+00,0.00000e+00,9.99999e-01,0.00000e+00,4.71621e-06,9.99578e-01,1.51263e-08
9.123904118e+00,0.00000e+00,9.99999e-01,0.00000e+00,8.55870e-05,9.99587e-01,9.78795e-07
9.169523638e+00,0.00000e+00,9.99999e-01,0.00000e+00,1.31396e-04,9.99595e-01,2.46620e-05
9.215371256e+00,0.00000e+00,9.99999e-01,0.00000e+00,1.62715e-03,9.99603e-01,2.38202e-04
9.261448113e+00,0.00000e+00,9.99999e-01,0.00000e+00,1.07429e-03,9.99611e-01,1.64433e-03
9.307755353e+00,0.00000e+00,9.99999e-01,0.00000e+00,8.00695e-05,9.99618e-01,7.33494e-03
9.354294130e+00,0.00000e+00,9.99999e-01,0.00000e+00,2.83181e-05,9.99626e-01,2.28959e-02
9.401065601e+00,0.00000e+00,9.99999e-01,0.00000e+00,2.10309e-08,9.99633e-01,5.52415e-02
9.448070929e+00,0.00000e+00,9.99999e-01,0.00000e+00,1.39460e-05,9.99640e-01,1.02554e-01
9.495311283e+00,0.00000e+00,9.99999e-01,0.00000e+00,5.89981e-04,9.99647e-01,1.66835e-01
9.542787840e+00,0.00000e+00,9.99999e-01,0.00000e+00,4.29086e-03,9.99654e-01,2.52630e-01
9.590501779e+00,0.00000e+00,9.99999e-01,0.00000e+00,5.08706e-04,9.99661e-01,3.48210e-01
9.638454288e+00,0.00000e+00,9.99999e-01,0.00000e+00,1.96397e-04,9.99668e-01,4.36247e-01
9.686646559e+00,0.00000e+00,9.99999e-01,0.00000e+00,3.04853e-04,9.99674e-01,5.20861e-01
9.735079792e+00,0.00000e+00,9.99999e-01,0.00000e+00,2.39088e-03,9.99681e-01,5.98723e-01
9.783755191e+00,0.00000e+00,9.99999e-01,0.00000e+00,1.06103e-03,9.99687e-01,6.68023e-01
9.832673967e+00,0.00000e+00,9.99999e-01,0.00000e+00,9.37273e-06,9.99693e-01,7.28123e-01
9.881837337e+00,0.00000e+00,9.99999e-01,0.00000e+00,1.17243e-10,9.99699e-01,7.79111e-01
9.931246523e+00,0.00000e+00,9.99999e-01,0.00000e+00,9.72872e-05,9.99705e-01,8.21754e-01
9.980902756e+00,0.00000e+00,9.99999e-01,0.00000e+00,7.24230e-04,9.99711e-01,9.99518e-01
1.003080727e+01,0.00000e+00,9.99999e-01,0.00000e+00,6.64923e-04,9.99717e-01,9.99512e-01
1.008096131e+01,0.00000e+00,9.99999e-01,0.00000e+00,1.87521e-03,9.99722e-01,9.99507e-01
1.013136611e+01,0.00000e+00,9.99999e-01,0.00000e+00,9.05186e-03,9.99728e-01,9.99502e-01
1.018202294e+01,0.00000e+00,9.99999e-01,0.00000e+00,1.29570e-02,9.99733e-01,9.99496e-01
1.023293306e+01,0.00000e+00,9.99999e-01,0.00000e+00,1.67082e-03,9.99738e-01,9.99491e-01
1.028409772e+01,0.00000e+00,9.99999e-01,0.00000e+00,7.86201e-06,9.99743e-01,9.99485e-01
1.033551821e+01,0.00000e+00,9.99999e-01,0.00000e+00,5.07954e-07,9.99749e-01,9.99479e-01
1.038719580e+01,0.00000e+00,9.99999e-01,0.00000e+00,1.29356e-08,9.99753e-01,9.99473e-01
1.043913178e+01,0.00000e+00,9.99999e-01,0.00000e+00,5.62646e-09,9.99758e-01,9.99467e-01
1.049132744e+01,0.00000e+00,9.99999e-01,0.00000e+00,1.28624e-05,9.99763e-01,9.99460e-01
1.054378408e+01,0.00000e+00,9.99999e-01,0.00000e+00,4.45309e-05,9.99768e-01,9.99453e-01
1.059650300e+01,0.00000e+00,9.99999e-01,0.00000e+00,2.45050e-05,9.99772e-01,9.99444e-01
1.064948551e+01,0.00000e+00,9.99999e-01,0.00000e+00,1.16031e-05,9.99777e-01,9.99435e-01
1.070273294e+01,0.00000e+00,9.99999e-01,0.00000e+00,4.69157e-07,9.99781e-01,9.99424e-01
1.075624661e+01,0.00000e+00,9.99999e-01,0.00000e+00,2.56045e-07,9.99785e-01,9.99413e-01
1.081002784e+01,0.00000e+00,9.99999e-01,0.00000e+00,5.09924e-07,9.99790e-01,9.99403e-01
1.086407798e+01,0.00000e+00,9.99999e-01,0.00000e+00,2.04734e-09,9.99794e-01,9.99393e-01
1.091839837e+01,0.00000e+00,9.99999e-01,0.00000e+00,1.17868e-13,9.99798e-01,9.99382e-01
1.097299036e+01,0.00000e+00,9.99999e-01,0.00000e+00,3.17267e-22,9.99802e-01,9.99370e-01
1.102785531e+01,0.00000e+00,9.99999e-01,0.00000e+00,2.14971e-26,9.99806e-01,9.99363e-01
1.108299459e+01,0.00000e+00,9.99999e-01,0.00000e+00,1.46622e-10,9.99810e-01,9.99356e-01
1.113840956e+01,0.00000e+00,9.99999e-01,0.00000e+00,1.52678e-07,9.99813e-01,9.99348e-01
1.119410161e+01,0.00000e+00,9.99999e-01,0.00000e+00,1.69587e-06,9.99817e-01,9.99339e-01
1.125007212e+01,0.00000e+00,9.99999e-01,0.00000e+00,3.73818e-08,9.99821e-01,9.99330e-01
1.130632248e+01,0.00000e+00,9.99999e-01,0.00000e+00,1.67958e-08,9.99824e-01,9.99320e-01
1.136285409e+01,0.00000e+00,9.99999e-01,0.00000e+00,3.71938e-07,9.99828e-01,9.99311e-01
1.141966836e+01,0.00000e+00,9.99999e-01,0.00000e+00,9.84686e-07,9.99831e-01,9.99302e-01
1.147676670e+01,0.00000e+00,9.99999e-01,0.00000e+00,5.29498e-08,9.99834e-01,9.99293e-01
1.153415054e+01,0.00000e+00,9.99999e-01,0.00000e+00,1.56474e-09,9.99838e-01,9.99283e-01
1.159182129e+01,0.00000e+00,9.99999e-01,0.00000e+00,3.22038e-16,9.99841e-01,9.99273e-01
1.164978039e+01,0.00000e+00,9.99999e-01,0.00000e+00,1.82287e-20,9.99844e-01,9.99262e-01
1.170802930e+01,0.00000e+00,9.99999e-01,0.00000e+00,2.70784e-28,9.99847e-01,9.99252e-01
1.176656944e+01,0.00000e+00,9.99999e-01,0.00000e+00,1.06493e-16,9.99850e-01,9.99241e-01
1.182540229e+01,0.00000e+00,9.99999e-01,0.00000e+00,1.34408e-12,9.99853e-01,9.99230e-01
1.188452930e+01,0.00000e+00,9.99999e-01,0.00000e+00,2.63272e-12,9.99856e-01,9.99220e-01
1.194395195e+01,0.00000e+00,9.99999e-01,0.00000e+00,1.44385e-11,9.99859e-01,9.99207e-01
1.200367171e+01,0.00000e+00,9.99999e-01,0.00000e+00,1.83121e-09,9.99861e-01,9.99194e-01
1.206369007e+01,0.00000e+00,9.99999e-01,0.00000e+00,7.37480e-11,9.99864e-01,9.99180e-01
1.212400852e+01,0.00000e+00,9.99999e-01,0.00000e+00,1.97776e-09,9.99867e-01,9.99166e-01
1.218462856e+01,0.00000e+00,9.99999e-01,0.00000e+00,1.66967e-09,9.99869e-01,9.99152e-01
1.224555170e+01,0.00000e+00,9.99999e-01,0.00000e+00,2.38054e-12,9.99872e-01,9.99135e-01
1.230677946e+01,0.00000e+00,9.99999e-01,0.00000e+00,7.67308e-23,9.99874e-01,9.99118e-01
1.236831336e+01,0.00000e+00,9.99999e-01,0.00000e+00,1.52117e-25,9.99877e-01,9.99100e-01
1.243015492e+01,0.00000e+00,9.99999e-01,0.00000e+00,4.88693e-47,9.99879e-01,9.99081e-01
1.249230570e+01,0.00000e+00,9.99999e-01,0.00000e+00,4.89327e-44,9.99882e-01,9.99062e-01
1.255476723e+01,0.00000e+00,9.99999e-01,0.00000e+00,3.75162e-38,9.99884e-01,9.99041e-01
1.261754106e+01,0.00000e+00,9.99999e-01,0.00000e+00,5.06966e-18,9.99886e-01,9.99019e-01
1.268062877e+01,0.00000e+00,9.99999e-01,0.00000e+00,3.08756e-16,9.99888e-01,9.98996e-01
1.274403191e+01,0.00000e+00,9.99999e-01,0.00000e+00,2.97573e-15,9.99891e-01,9.98972e-01
1.280775207e+01,0.00000e+00,9.99999e-01,0.00000e+00,3.88928e-14,9.99893e-01,9.98948e-01
1.287179083e+01,0.00000e+00,9.99999e-01,0.00000e+00,5.25843e-16,9.99895e-01,9.98922e-01
1.293614979e+01,0.00000e+00,9.99999e-01,0.00000e+00,2.45494e-16,9.99897e-01,9.98895e-01
1.300083054e+01,0.00000e+00,9.99999e-01,0.00000e+00,6.76237e-20,9.99899e-01,9.98868e-01
1.306583469e+01,0.00000e+00,9.99999e-01,0.00000e+00,2.42352e-26,9.99901e-01,9.98838e-01
1.313116386e+01,0.00000e+00,9.99999e-01,0.00000e+00,6.61500e-27,9.99903e-01,9.98809e-01
1.319681968e+01,0.00000e+00,9.99999e-01,0.00000e+00,2.72443e-29,9.99905e-01,9.98778e-01
1.326280378e+01,0.00000e+00,9.99999e-01,0.00000e+00,2.06227e-43,9.99907e-01,9.98745e-01
1.332911780e+01,0.00000e+00,9.99999e-01,0.00000e+00,2.56156e-49,9.99908e-01,9.98713e-01
1.339576339e+01,0.00000e+00,9.99999e-01,0.00000e+00,8.42178e-50,9.99910e-01,9.49470e-01
1.346274221e+01,0.00000e+00,9.99999e-01,0.00000e+00,7.94164e-75,9.99912e-01,9.44511e-01
1.353005592e+01,0.00000e+00,9.99999e-01,0.00000e+00,1.12395e-38,9.99914e-01,9.39073e-01
1.359770620e+01,0.00000e+00,9.99999e-01,0.00000e+00,1.63525e-36,9.99915e-01,9.33894e-01
1.366569473e+01,0.00000e+00,9.99999e-01,0.00000e+00,1.64907e-34,9.99917e-01,9.28267e-01
1.373402320e+01,0.00000e+00,9.99999e-01,0.00000e+00,7.40847e-26,9.99919e-01,9.22195e-01
1.380269332e+01,0.00000e+00,9.99999e-01,0.00000e+00,8.44399e-25,9.99920e-01,9.15610e-01
1.387170678e+01,0.00000e+00,9.99999e-01,0.00000e+00,1.13167e-30,9.99922e-01,9.07451e-01
1.394106532e+01,0.00000e+00,9.99999e-01,0.00000e+00,4.41683e-37,9.99923e-01,8.99704e-01
1.401077064e+01,0.00000e+00,9.99999e-01,0.00000e+00,1.79593e-43,9.99925e-01,8.91311e-01
1.408082450e+01,0.00000e+00,9.99999e-01,0.00000e+00,7.07736e-45,9.99926e-01,8.82297e-01
1.415122862e+01,0.00000e+00,9.99999e-01,0.00000e+00,1.29780e-62,9.99928e-01,8.72544e-01
1.422198476e+01,0.00000e+00,9.99999e-01,0.00000e+00,1.82517e-85,9.99929e-01,8.62109e-01
1.429309469e+01,0.00000e+00,9.99999e-01,0.00000e+00,5.14191e-85,9.99931e-01,8.50815e-01
1.436456016e+01,0.00000e+00,9.99999e-01,0.00000e+00,7.92977e-104,9.99932e-01,8.38740e-01
1.443638296e+01,0.00000e+00,9.99999e-01,0.00000e+00,1.23251e-121,9.99933e-01,8.25745e-01
1.450856487e+01,0.00000e+00,9.99999e-01,0.00000e+00,3.18070e-79,9.99934e-01,8.11846e-01
1.458110770e+01,0.00000e+00,9.99999e-01,0.00000e+00,1.61881e-57,9.99936e-01,7.96946e-01
1.465401324e+01,0.00000e+00,9.99999e-01,0.00000e+00,4.86209e-53,9.99937e-01,7.81087e-01
1.472728330e+01,0.00000e+00,9.99999e-01,0.00000e+00,1.27555e-52,9.99938e-01,7.66611e-01
1.480091972e+01,0.00000e+00,9.99999e-01,0.00000e+00,4.85309e-56,9.99939e-01,7.48707e-01
1.487492432e+01,0.00000e+00,9.99999e-01,0.00000e+00,1.89065e-98,9.99941e-01,7.29750e-01
1.494929894e+01,0.00000e+00,9.99999e-01,0.00000e+00,1.86747e-76,9.99942e-01,7.12581e-01
1.502404544e+01,0.00000e+00,9.99999e-01,0.00000e+00,3.82225e-65,9.99943e-01,6.91411e-01
1.509916566e+01,0.00000e+00,9.99999e-01,0.00000e+00,1.20346e-63,9.99944e-01,6.69160e-01
1.517466149e+01,0.00000e+00,9.99999e-01,0.00000e+00,2.09806e-67,9.99945e-01,6.49137e-01
1.525053480e+01,0.00000e+00,9.99999e-01,0.00000e+00,1.20409e-63,9.99946e-01,6.24626e-01
1.532678747e+01,0.00000e+00,9.99999e-01,0.00000e+00,1.82218e-72,9.99947e-01,5.99130e-01
1.540342141e+01,0.00000e+00,9.99999e-01,0.00000e+00,8.15830e-94,9.99948e-01,5.76344e-01
1.548043852e+01,0.00000e+00,9.99999e-01,0.00000e+00,1.11555e-104,9.99949e-01,5.52795e-01
1.555784071e+01,0.00000e+00,9.99999e-01,0.00000e+00,2.36921e-131,9.99950e-01,5.24403e-01
1.563562991e+01,0.00000e+00,9.99999e-01,0.00000e+00,1.17904e-199,9.99951e-01,4.95254e-01
1.571380806e+01,0.00000e+00,9.99999e-01,0.00000e+00,1.64073e-201,9.99952e-01,4.69633e-01
1.579237710e+01,0.00000e+00,9.99999e-01,0.00000e+00,9.20522e-144,9.99953e-01,4.43512e-01
1.587133899e+01,0.00000e+00,9.99999e-01,0.00000e+00,1.45305e-127,9.99954e-01,4.17060e-01
1.595069568e+01,0.00000e+00,9.99999e-01,0.00000e+00,1.54817e-136,9.99955e-01,3.90374e-01
1.603044916e+01,0.00000e+00,9.99999e-01,0.00000e+00,1.45720e-190,9.99956e-01,3.63575e-01
1.611060141e+01,0.00000e+00,9.99999e-01,0.00000e+00,3.53428e-183,9.99957e-01,3.32295e-01
1.619115441e+01,0.00000e+00,9.99999e-01,0.00000e+00,6.83644e-180,9.99957e-01,3.01400e-01
1.627211019e+01,0.00000e+00,9.99999e-01,0.00000e+00,5.47441e-201,9.99958e-01,2.75285e-01
1.635347074e+01,0.00000e+00,9.99999e-01,0.00000e+00,1.93808e-185,9.99959e-01,2.49720e-01
1.643523809e+01,0.00000e+00,9.99999e-01,0.00000e+00,5.97025e-189,9.99960e-01,2.24862e-01
1.651741428e+01,0.00000e+00,9.99999e-01,0.00000e+00,7.05186e-198,9.99961e-01,2.00867e-01
1.660000135e+01,0.00000e+00,9.99999e-01,0.00000e+00,1.07015e-251,9.99961e-01,1.78012e-01
1.668300136e+01,0.00000e+00,9.99999e-01,0.00000e+00,9.27723e-258,9.99962e-01,1.56234e-01
1.676641637e+01,0.00000e+00,9.99999e-01,0.00000e+00,7.14399e-230,9.99963e-01,1.35800e-01
1.685024845e+01,0.00000e+00,9.99999e-01,0.00000e+00,4.11258e-235,9.99964e-01,1.16788e-01
1.693449969e+01,0.00000e+00,9.99999e-01,0.00000e+00,5.12800e-293,9.99964e-01,9.93202e-02
1.701917219e+01,0.00000e+00,9.99999e-01,0.00000e+00,1.12338e-313,9.99965e-01,8.34385e-02
1.710426805e+01,0.00000e+00,9.99999e-01,0.00000e+00,0.00000e+00,9.99966e-01,6.91874e-02
1.718978939e+01,0.00000e+00,9.99999e-01,0.00000e+00,0.00000e+00,9.99966e-01,5.85664e-02
1.727573834e+01,0.00000e+00,9.99999e-01,0.00000e+00,0.00000e+00,9.99967e-01,4.90482e-02
1.736211703e+01,0.00000e+00,9.99999e-01,0.00000e+00,0.00000e+00,9.99968e-01,3.90872e-02
1.744892761e+01,0.00000e+00,9.99999e-01,0.00000e+00,0.00000e+00,9.99968e-01,3.06045e-02
1.753617225e+01,0.00000e+00,9.99999e-01,0.00000e+00,0.00000e+00,9.99969e-01,2.35362e-02
1.762385311e+01,0.00000e+00,9.99999e-01,0.00000e+00,0.00000e+00,9.99969e-01,1.77485e-02
1.771197238e+01,0.00000e+00,9.99999e-01,0.00000e+00,0.00000e+00,9.99970e-01,1.31015e-02
1.780053224e+01,0.00000e+00,9.99999e-01,0.00000e+00,0.00000e+00,9.99971e-01,1.00023e-02
1.788953490e+01,0.00000e+00,9.99999e-01,0.00000e+00,0.00000e+00,9.99971e-01,7.50612e-03
1.797898258e+01,0.00000e+00,9.99999e-01,0.00000e+00,0.00000e+00,9.99972e-01,5.19354e-03
1.806887749e+01,0.00000e+00,9.99999e-01,0.00000e+00,0.00000e+00,9.99972e-01,3.49631e-03
1.815922188e+01,0.00000e+00,9.99999e-01,0.00000e+00,0.00000e+00,9.99973e-01,2.45921e-03
1.825001799e+01,0.00000e+00,9.99999e-01,0.00000e+00,0.00000e+00,9.99973e-01,1.69118e-03
1.834126808e+01,0.00000e+00,9.99999e-01,0.00000e+00,0.00000e+00,9.99974e-01,1.04695e-03
1.843297442e+01,0.00000e+00,9.99999e-01,0.00000e+00,0.00000e+00,9.99974e-01,6.25487e-04
1.852513929e+01,0.00000e+00,9.99999e-01,0.00000e+00,0.00000e+00,9.99975e-01,3.95703e-04
1.861776499e+01,0.00000e+00,9.99999e-01,0.00000e+00,0.00000e+00,9.99975e-01,2.42889e-04
1.871085381e+01,0.00000e+00,9.99999e-01,0.00000e+00,0.00000e+00,9.99976e-01,1.30063e-04
1.880440808e+01,0.00000e+00,9.99999e-01,0.00000e+00,0.00000e+00,9.99976e-01,7.46779e-05
1.889843012e+01,0.00000e+00,9.99999e-01,0.00000e+00,0.00000e+00,9.99977e-01,4.13430e-05
1.899292227e+01,0.00000e+00,9.99999e-01,0.00000e+00,0.00000e+00,9.99977e-01,2.21273e-05
1.908788688e+01,0.00000e+00,9.99999e-01,0.00000e+00,0.00000e+00,9.99977e-01,1.13640e-05
1.918332632e+01,0.00000e+00,9.99999e-01,0.00000e+00,0.00000e+00,9.99978e-01,4.84400e-06
1.927924295e+01,0.00000e+00,9.99999e-01,0.00000e+00,0.00000e+00,9.99978e-01,2.27222e-06
1.937563916e+01,0.00000e+00,9.99999e-01,0.00000e+00,0.00000e+00,9.99979e-01,1.01319e-06
1.947251736e+01,0.00000e+00,9.99999e-01,0.00000e+00,0.00000e+00,9.99979e-01,4.31648e-07
1.956987994e+01,0.00000e+00,9.99999e-01,0.00000e+00,0.00000e+00,9.99980e-01,1.73990e-07
1.966772934e+01,0.00000e+00,9.99999e-01,0.00000e+00,0.00000e+00,9.99980e-01,5.42951e-08
1.976606799e+01,0.00000e+00,9.99999e-01,0.00000e+00,0.00000e+00,9.99980e-01,1.93313e-08
1.986489833e+01,0.00000e+00,9.99999e-01,0.00000e+00,0.00000e+00,9.99981e-01,6.43607e-09
1.996422282e+01,0.00000e+00,9.99999e-01,0.00000e+00,0.00000e+00,9.99981e-01,2.01722e-09
