#,Wave/freq,Total,N2,CO2,H2O,Rayleigh,CIA
4.000000000e-01,2.41939e-10,9.99999e-01,9.99999e-01,9.99956e-01,2.41949e-10,9.99999e-01
4.020000000e-01,3.74851e-10,9.99999e-01,9.99999e-01,9.99972e-01,3.74861e-10,9.99999e-01
4.040100000e-01,5.75513e-10,9.99999e-01,9.99999e-01,9.99988e-01,5.75519e-10,9.99999e-01
4.060300500e-01,8.76133e-10,9.99999e-01,9.99999e-01,9.99996e-01,8.76136e-10,9.99999e-01
4.080602003e-01,1.32275e-09,9.99999e-01,9.99999e-01,9.99998e-01,1.32275e-09,9.99999e-01
4.101005013e-01,1.98085e-09,9.99999e-01,9.99999e-01,9.99999e-01,1.98085e-09,9.99999e-01
4.121510038e-01,2.94279e-09,9.99999e-01,9.99999e-01,9.99997e-01,2.94279e-09,9.99999e-01
4.142117588e-01,4.33778e-09,9.99999e-01,9.99999e-01,9.99987e-01,4.33783e-09,9.99999e-01
4.162828176e-01,6.34504e-09,9.99999e-01,9.99999e-01,9.99946e-01,6.34538e-09,9.99999e-01
4.183642317e-01,9.21225e-09,9.99999e-01,9.99999e-01,9.99968e-01,9.21253e-09,9.99999e-01
4.204560528e-01,1.32768e-08,9.99999e-01,9.99999e-01,9.99980e-01,1.32771e-08,9.99999e-01
4.225583331e-01,1.89971e-08,9.99999e-01,9.99999e-01,9.99992e-01,1.89973e-08,9.99999e-01
4.246711247e-01,2.69900e-08,9.99999e-01,9.99999e-01,9.99993e-01,2.69902e-08,9.99999e-01
4.267944804e-01,3.80807e-08,9.99999e-01,9.99999e-01,9.99991e-01,3.80810e-08,9.99999e-01
4.289284528e-01,5.33648e-08,9.99999e-01,9.99999e-01,9.99992e-01,5.33651e-08,9.99999e-01
4.310730950e-01,7.42867e-08,9.99999e-01,9.99999e-01,9.99996e-01,7.42869e-08,9.99999e-01
4.332284605e-01,1.02738e-07,9.99999e-01,9.99999e-01,9.99998e-01,1.02738e-07,9.99999e-01
4.353946028e-01,1.41177e-07,9.99999e-01,9.99999e-01,9.99999e-01,1.41177e-07,9.99999e-01
4.375715758e-01,1.92784e-07,9.99999e-01,9.99999e-01,9.99994e-01,1.92785e-07,9.99999e-01
4.397594337e-01,2.61632e-07,9.99999e-01,9.99999e-01,9.99953e-01,2.61644e-07,9.99999e-01
4.419582309e-01,3.52880e-07,9.99999e-01,9.99999e-01,9.99768e-01,3.52961e-07,9.99999e-01
4.441680220e-01,4.73255e-07,9.99999e-01,9.99999e-01,9.99814e-01,4.73342e-07,9.99999e-01
4.463888621e-01,6.30991e-07,9.99999e-01,9.99999e-01,9.99808e-01,6.31112e-07,9.99999e-01
4.486208064e-01,8.36600e-07,9.99999e-01,9.99999e-01,9.99880e-01,8.36700e-07,9.99999e-01
4.508639105e-01,1.10304e-06,9.99999e-01,9.99999e-01,9.99943e-01,1.10310e-06,9.99999e-01
4.531182300e-01,1.44636e-06,9.99999e-01,9.99999e-01,9.99977e-01,1.44640e-06,9.99999e-01
4.553838212e-01,1.88638e-06,9.99999e-01,9.99999e-01,9.99984e-01,1.88641e-06,9.99999e-01
4.576607403e-01,2.44739e-06,9.99999e-01,9.99999e-01,9.99992e-01,2.44741e-06,9.99999e-01
4.599490440e-01,3.15894e-06,9.99999e-01,9.99999e-01,9.99994e-01,3.15895e-06,9.99999e-01
4.622487892e-01,4.05686e-06,9.99999e-01,9.99999e-01,9.99998e-01,4.05687e-06,9.99999e-01
4.645600332e-01,5.18431e-06,9.99999e-01,9.99999e-01,9.99996e-01,5.18433e-06,9.99999e-01
4.668828333e-01,6.59274e-06,9.99999e-01,9.99999e-01,9.99943e-01,6.59311e-06,9.99999e-01
4.692172475e-01,8.34400e-06,9.99999e-01,9.99999e-01,9.99879e-01,8.34500e-06,9.99999e-01
4.715633337e-01,1.05125e-05,9.99999e-01,9.99999e-01,9.99921e-01,1.05133e-05,9.99999e-01
4.739211504e-01,1.31838e-05,9.99999e-01,9.99999e-01,9.99924e-01,1.31848e-05,9.99999e-01
4.762907561e-01,1.64607e-05,9.99999e-01,9.99999e-01,9.99960e-01,1.64613e-05,9.99999e-01
4.786722099e-01,2.04618e-05,9.99999e-01,9.99999e-01,9.99983e-01,2.04621e-05,9.99999e-01
4.810655710e-01,2.53261e-05,9.99999e-01,9.99999e-01,9.99994e-01,2.53263e-05,9.99999e-01
4.834708988e-01,3.12135e-05,9.99999e-01,9.99999e-01,9.99954e-01,3.12149e-05,9.99999e-01
4.858882533e-01,3.83109e-05,9.99999e-01,9.99999e-01,9.99914e-01,3.83142e-05,9.99999e-01
4.883176946e-01,4.68348e-05,9.99999e-01,9.99999e-01,9.99928e-01,4.68381e-05,9.99999e-01
4.907592831e-01,5.70279e-05,9.99999e-01,9.99999e-01,9.99935e-01,5.70316e-05,9.99999e-01
4.932130795e-01,6.91708e-05,9.99999e-01,9.99999e-01,9.99953e-01,6.91740e-05,9.99999e-01
4.956791449e-01,8.35803e-05,9.99999e-01,9.99999e-01,9.99975e-01,8.35823e-05,9.99999e-01
4.981575406e-01,1.00603e-04,9.99999e-01,9.99999e-01,9.99879e-01,1.00615e-04,9.99999e-01
5.006483283e-01,1.20638e-04,9.99999e-01,9.99999e-01,9.99690e-01,1.20676e-04,9.99997e-01
5.031515699e-01,1.43987e-04,9.99999e-01,9.99999e-01,9.98420e-01,1.44217e-04,9.99982e-01
5.056673278e-01,1.71599e-04,9.99999e-01,9.99999e-01,9.99162e-01,1.71746e-04,9.99980e-01
5.081956644e-01,2.03607e-04,9.99999e-01,9.99999e-01,9.98943e-01,2.03825e-04,9.99987e-01
5.107366428e-01,2.40906e-04,9.99999e-01,9.99999e-01,9.99285e-01,2.41078e-04,9.99997e-01
5.132903260e-01,2.84081e-04,9.99999e-01,9.99999e-01,9.99590e-01,2.84197e-04,9.99999e-01
5.158567776e-01,3.33883e-04,9.99999e-01,9.99999e-01,9.99826e-01,3.33941e-04,9.99999e-01
5.184360615e-01,3.91116e-04,9.99999e-01,9.99999e-01,9.99930e-01,3.91143e-04,9.99999e-01
5.210282418e-01,4.56703e-04,9.99999e-01,9.99999e-01,9.99973e-01,4.56715e-04,9.99999e-01
5.236333830e-01,5.31594e-04,9.99999e-01,9.99999e-01,9.99896e-01,5.31650e-04,9.99998e-01
5.262515499e-01,6.16984e-04,9.99999e-01,9.99999e-01,9.99934e-01,6.17025e-04,9.99998e-01
5.288828077e-01,7.13964e-04,9.99999e-01,9.99999e-01,9.99940e-01,7.14006e-04,9.99998e-01
5.315272217e-01,8.23809e-04,9.99999e-01,9.99999e-01,9.99947e-01,8.23852e-04,9.99999e-01
5.341848578e-01,9.47881e-04,9.99999e-01,9.99999e-01,9.99965e-01,9.47914e-04,9.99999e-01
5.368557821e-01,1.08751e-03,9.99999e-01,9.99999e-01,9.99880e-01,1.08764e-03,9.99999e-01
5.395400610e-01,1.24404e-03,9.99999e-01,9.99999e-01,9.99571e-01,1.24458e-03,9.99995e-01
5.422377613e-01,1.41956e-03,9.99999e-01,9.99999e-01,9.99437e-01,1.42037e-03,9.99989e-01
5.449489501e-01,1.61592e-03,9.99999e-01,9.99999e-01,9.99481e-01,1.61677e-03,9.99988e-01
5.476736949e-01,1.83477e-03,9.99999e-01,9.99999e-01,9.99535e-01,1.83563e-03,9.99994e-01
5.504120634e-01,2.07819e-03,9.99999e-01,9.99999e-01,9.99663e-01,2.07889e-03,9.99998e-01
5.531641237e-01,2.34822e-03,9.99999e-01,9.99999e-01,9.99830e-01,2.34862e-03,9.99999e-01
5.559299443e-01,2.64673e-03,9.99999e-01,9.99999e-01,9.99917e-01,2.64694e-03,9.99999e-01
5.587095940e-01,2.97598e-03,9.99999e-01,9.99999e-01,9.99948e-01,2.97613e-03,9.99999e-01
5.615031420e-01,3.33833e-03,9.99999e-01,9.99999e-01,9.99942e-01,3.33852e-03,9.99999e-01
5.643106577e-01,3.73630e-03,9.99999e-01,9.99999e-01,9.99936e-01,3.73654e-03,9.99999e-01
5.671322110e-01,4.16950e-03,9.99999e-01,9.99999e-01,9.99233e-01,4.17272e-03,9.99993e-01
5.699678720e-01,4.64566e-03,9.99999e-01,9.99999e-01,9.99158e-01,4.64967e-03,9.99978e-01
5.728177114e-01,5.16550e-03,9.99999e-01,9.99999e-01,9.99134e-01,5.17007e-03,9.99981e-01
5.756818000e-01,5.73205e-03,9.99999e-01,9.99999e-01,9.99203e-01,5.73668e-03,9.99988e-01
5.785602090e-01,6.34788e-03,9.99999e-01,9.99999e-01,9.99304e-01,6.35232e-03,9.99996e-01
5.814530100e-01,7.01498e-03,9.99999e-01,9.99999e-01,9.99303e-01,7.01988e-03,9.99998e-01
5.843602750e-01,7.73590e-03,9.99999e-01,9.99999e-01,9.99177e-01,7.74230e-03,9.99994e-01
5.872820764e-01,8.46178e-03,9.99999e-01,9.99999e-01,9.92917e-01,8.52256e-03,9.99949e-01
5.902184868e-01,9.28124e-03,9.99999e-01,9.99999e-01,9.91331e-01,9.36368e-03,9.99862e-01
5.931695792e-01,1.02046e-02,9.99999e-01,9.99999e-01,9.93892e-01,1.02687e-02,9.99866e-01
5.961354271e-01,1.11644e-02,9.99999e-01,9.99999e-01,9.93288e-01,1.12407e-02,9.99918e-01
5.991161043e-01,1.22222e-02,9.99999e-01,9.99999e-01,9.95094e-01,1.22827e-02,9.99976e-01
6.021116848e-01,1.33605e-02,9.99999e-01,9.99999e-01,9.97210e-01,1.33979e-02,9.99996e-01
6.051222432e-01,1.45686e-02,9.99999e-01,9.99999e-01,9.98586e-01,1.45892e-02,9.99999e-01
6.081478544e-01,1.58501e-02,9.99999e-01,9.99999e-01,9.99390e-01,1.58598e-02,9.99999e-01
6.111885937e-01,1.72081e-02,9.99999e-01,9.99999e-01,9.99741e-01,1.72125e-02,9.99999e-01
6.142445367e-01,1.86484e-02,9.99999e-01,9.99999e-01,9.99884e-01,1.86505e-02,9.99999e-01
6.173157594e-01,2.01754e-02,9.99999e-01,9.99999e-01,9.99936e-01,2.01767e-02,9.99999e-01
6.204023382e-01,2.17926e-02,9.99999e-01,9.99999e-01,9.99946e-01,2.17938e-02,9.99999e-01
6.235043498e-01,2.34993e-02,9.99999e-01,9.99999e-01,9.99768e-01,2.35047e-02,9.99998e-01
6.266218716e-01,2.52804e-02,9.99999e-01,9.99999e-01,9.98753e-01,2.53121e-02,9.99990e-01
6.297549810e-01,2.72058e-02,9.99999e-01,9.99999e-01,9.99542e-01,2.72187e-02,9.99981e-01
6.329037559e-01,2.92000e-02,9.99999e-01,9.99999e-01,9.99093e-01,2.92269e-02,9.99985e-01
6.360682746e-01,3.13148e-02,9.99999e-01,9.99999e-01,9.99231e-01,3.13391e-02,9.99991e-01
6.392486160e-01,3.35241e-02,9.99999e-01,9.99999e-01,9.99001e-01,3.35577e-02,9.99995e-01
6.424448591e-01,3.58418e-02,9.99999e-01,9.99999e-01,9.98804e-01,3.58849e-02,9.99993e-01
6.456570834e-01,3.80882e-02,9.99999e-01,9.99999e-01,9.93915e-01,3.83227e-02,9.99965e-01
6.488853688e-01,4.06508e-02,9.99999e-01,9.99999e-01,9.94659e-01,4.08730e-02,9.99903e-01
6.521297956e-01,4.33324e-02,9.99999e-01,9.99999e-01,9.95368e-01,4.35375e-02,9.99918e-01
6.553904446e-01,4.61034e-02,9.99999e-01,9.99999e-01,9.95427e-01,4.63180e-02,9.99939e-01
6.586673968e-01,4.90201e-02,9.99999e-01,9.99999e-01,9.96043e-01,4.92158e-02,9.99979e-01
6.619607338e-01,5.21125e-02,9.99999e-01,9.99999e-01,9.97712e-01,5.22322e-02,9.99995e-01
6.652705375e-01,5.52948e-02,9.99999e-01,9.99999e-01,9.98670e-01,5.53685e-02,9.99997e-01
6.685968902e-01,5.85893e-02,9.99999e-01,9.99999e-01,9.99382e-01,5.86254e-02,9.99999e-01
6.719398746e-01,6.19862e-02,9.99999e-01,9.99999e-01,9.99713e-01,6.20040e-02,9.99999e-01
6.752995740e-01,6.54946e-02,9.99999e-01,9.99999e-01,9.99845e-01,6.55047e-02,9.99999e-01
6.786760719e-01,6.91127e-02,9.99999e-01,9.99999e-01,9.99778e-01,6.91280e-02,9.99999e-01
6.820694522e-01,7.28463e-02,9.99999e-01,9.99999e-01,9.99619e-01,7.28741e-02,9.99997e-01
6.854797995e-01,7.67054e-02,9.99999e-01,9.99999e-01,9.99510e-01,7.67433e-02,9.99995e-01
6.889071985e-01,8.06405e-02,9.99999e-01,9.99999e-01,9.98835e-01,8.07353e-02,9.99988e-01
6.923517345e-01,8.32212e-02,9.99999e-01,9.99999e-01,9.80894e-01,8.48500e-02,9.99906e-01
6.958134932e-01,8.81602e-02,9.99999e-01,9.99999e-01,9.89805e-01,8.90868e-02,9.99789e-01
6.992925606e-01,9.25417e-02,9.99999e-01,9.99999e-01,9.90512e-01,9.34453e-02,9.99814e-01
7.027890234e-01,9.67547e-02,9.99999e-01,9.99999e-01,9.88193e-01,9.79245e-02,9.99857e-01
7.063029686e-01,1.01499e-01,9.99999e-01,9.99999e-01,9.90074e-01,1.02524e-01,9.99929e-01
7.098344834e-01,1.06215e-01,9.99999e-01,9.99999e-01,9.90473e-01,1.07241e-01,9.99957e-01
7.133836558e-01,1.10668e-01,9.99999e-01,9.99999e-01,9.87513e-01,1.12077e-01,9.99916e-01
7.169505741e-01,1.05675e-01,9.99999e-01,9.99999e-01,9.03574e-01,1.17028e-01,9.99347e-01
7.205353270e-01,1.15923e-01,9.99999e-01,9.99999e-01,9.50548e-01,1.22094e-01,9.98849e-01
7.241380036e-01,1.19336e-01,9.99999e-01,9.99999e-01,9.38583e-01,1.27272e-01,9.98999e-01
7.277586936e-01,1.25081e-01,9.99999e-01,9.99999e-01,9.44358e-01,1.32561e-01,9.99168e-01
7.313974871e-01,1.29695e-01,9.99999e-01,9.99999e-01,9.40449e-01,1.37959e-01,9.99619e-01
7.350544745e-01,1.38722e-01,9.99999e-01,9.99999e-01,9.67071e-01,1.43464e-01,9.99867e-01
7.387297469e-01,1.45432e-01,9.99999e-01,9.99999e-01,9.75630e-01,1.49073e-01,9.99938e-01
7.424233956e-01,1.52920e-01,9.99999e-01,9.99999e-01,9.87968e-01,1.54784e-01,9.99987e-01
7.461355126e-01,1.59424e-01,9.99999e-01,9.99999e-01,9.92706e-01,1.60595e-01,9.99997e-01
7.498661902e-01,1.65934e-01,9.99999e-01,9.99999e-01,9.96588e-01,1.66503e-01,9.99998e-01
7.536155211e-01,1.72216e-01,9.99999e-01,9.99999e-01,9.98330e-01,1.72504e-01,9.99999e-01
7.573835987e-01,1.78444e-01,9.99999e-01,9.99999e-01,9.99139e-01,1.78597e-01,9.99999e-01
7.611705167e-01,1.84680e-01,9.99999e-01,9.99999e-01,9.99465e-01,1.84779e-01,9.99999e-01
7.649763693e-01,1.90982e-01,9.99999e-01,9.99999e-01,9.99665e-01,1.91046e-01,9.99999e-01
7.688012511e-01,1.97349e-01,9.99999e-01,9.99999e-01,9.99767e-01,1.97395e-01,9.99999e-01
7.726452574e-01,2.03785e-01,9.99999e-01,9.99999e-01,9.99808e-01,2.03824e-01,9.99999e-01
7.765084837e-01,2.10273e-01,9.99999e-01,9.99999e-01,9.99730e-01,2.10329e-01,9.99999e-01
7.803910261e-01,2.03490e-01,9.99999e-01,9.39173e-01,9.98838e-01,2.16907e-01,9.99998e-01
7.842929812e-01,1.63465e-01,9.99999e-01,7.33912e-01,9.95951e-01,2.23555e-01,9.99991e-01
7.882144461e-01,1.64829e-01,9.99999e-01,7.21463e-01,9.91593e-01,2.30269e-01,9.99948e-01
7.921555184e-01,1.93971e-01,9.99999e-01,8.22008e-01,9.95357e-01,2.37046e-01,9.99899e-01
7.961162960e-01,2.11783e-01,9.99999e-01,8.75406e-01,9.91907e-01,2.43883e-01,9.99904e-01
8.000968774e-01,2.31133e-01,9.99999e-01,9.30461e-01,9.90595e-01,2.50776e-01,9.99897e-01
8.040973618e-01,2.45884e-01,9.99999e-01,9.63150e-01,9.90608e-01,2.57722e-01,9.99918e-01
8.081178486e-01,2.54776e-01,9.99999e-01,9.82986e-01,9.79116e-01,2.64718e-01,9.99923e-01
8.121584379e-01,2.47488e-01,9.99999e-01,9.94665e-01,9.15742e-01,2.71759e-01,9.99702e-01
8.162192301e-01,2.50334e-01,9.99999e-01,9.98819e-01,8.99784e-01,2.78844e-01,9.98881e-01
8.203003262e-01,2.71334e-01,9.99999e-01,9.99979e-01,9.50086e-01,2.85967e-01,9.98689e-01
8.244018279e-01,2.72131e-01,9.99999e-01,9.99999e-01,9.29343e-01,2.93127e-01,9.98957e-01
8.285238370e-01,2.81845e-01,9.99999e-01,9.99999e-01,9.39255e-01,3.00319e-01,9.99180e-01
8.326664562e-01,2.88491e-01,9.99999e-01,9.99999e-01,9.38378e-01,3.07540e-01,9.99660e-01
8.368297885e-01,3.00732e-01,9.99999e-01,9.99999e-01,9.55424e-01,3.14787e-01,9.99922e-01
8.410139374e-01,3.13428e-01,9.99999e-01,9.99999e-01,9.73251e-01,3.22056e-01,9.99954e-01
8.452190071e-01,3.24982e-01,9.99999e-01,9.99999e-01,9.86776e-01,3.29345e-01,9.99972e-01
8.494451021e-01,3.34064e-01,9.99999e-01,9.99999e-01,9.92338e-01,3.36650e-01,9.99977e-01
8.536923276e-01,3.42397e-01,9.99999e-01,9.99999e-01,9.95445e-01,3.43968e-01,9.99985e-01
8.579607893e-01,3.50312e-01,9.99999e-01,9.99999e-01,9.97202e-01,3.51296e-01,9.99995e-01
8.622505932e-01,3.57991e-01,9.99999e-01,9.99999e-01,9.98217e-01,3.58631e-01,9.99998e-01
8.665618462e-01,3.26779e-01,9.99999e-01,8.93841e-01,9.98901e-01,3.65969e-01,9.99999e-01
8.708946554e-01,1.73482e-01,9.99999e-01,4.65261e-01,9.98745e-01,3.73308e-01,9.99998e-01
8.752491287e-01,2.02096e-01,9.99999e-01,5.31776e-01,9.98320e-01,3.80645e-01,9.99997e-01
8.796253743e-01,2.71955e-01,9.99999e-01,7.02494e-01,9.97683e-01,3.87977e-01,9.99994e-01
8.840235012e-01,3.27738e-01,9.99999e-01,8.31232e-01,9.97351e-01,3.95301e-01,9.99983e-01
8.884436187e-01,3.70621e-01,9.99999e-01,9.29165e-01,9.90574e-01,4.02615e-01,9.99953e-01
8.928858368e-01,3.59812e-01,9.99999e-01,9.70739e-01,9.03997e-01,4.09915e-01,9.99733e-01
8.973502660e-01,3.45544e-01,9.99999e-01,9.92760e-01,8.35170e-01,4.17200e-01,9.98639e-01
9.018370173e-01,3.85782e-01,9.99999e-01,9.99197e-01,9.11497e-01,4.24466e-01,9.97861e-01
9.063462024e-01,3.90424e-01,9.99999e-01,9.80549e-01,9.22873e-01,4.31712e-01,9.98120e-01
9.108779334e-01,3.69063e-01,9.99999e-01,9.54350e-01,8.81737e-01,4.38935e-01,9.98047e-01
9.154323231e-01,3.81792e-01,9.99999e-01,9.88973e-01,8.66305e-01,4.46132e-01,9.98385e-01
9.200094847e-01,3.53664e-01,9.99999e-01,8.64421e-01,8.93554e-01,4.53302e-01,9.99096e-01
9.246095321e-01,3.11451e-01,9.99999e-01,7.96402e-01,8.44177e-01,4.60442e-01,9.98958e-01
9.292325798e-01,1.32471e-01,9.99999e-01,8.39692e-01,3.28833e-01,4.67550e-01,9.95945e-01
9.338787427e-01,9.52537e-02,9.99999e-01,8.42179e-01,2.35353e-01,4.74624e-01,9.83348e-01
9.385481364e-01,2.34239e-01,9.99999e-01,8.80933e-01,5.55778e-01,4.81662e-01,9.80226e-01
9.432408771e-01,2.03313e-01,9.99999e-01,9.24823e-01,4.54318e-01,4.88663e-01,9.82917e-01
9.479570815e-01,1.59473e-01,9.99999e-01,9.60816e-01,3.38384e-01,4.95623e-01,9.86074e-01
9.526968669e-01,2.12537e-01,9.99999e-01,9.80883e-01,4.33624e-01,5.02543e-01,9.91483e-01
9.574603512e-01,2.28892e-01,9.99999e-01,9.91772e-01,4.54549e-01,5.09420e-01,9.95664e-01
9.622476530e-01,2.68045e-01,9.99999e-01,9.97423e-01,5.21965e-01,5.16252e-01,9.96999e-01
9.670588912e-01,3.58105e-01,9.99999e-01,9.99225e-01,6.86549e-01,5.23038e-01,9.97947e-01
9.718941857e-01,4.16994e-01,9.99999e-01,9.99943e-01,7.88341e-01,5.29777e-01,9.98488e-01
9.767536566e-01,4.39807e-01,9.99999e-01,9.99999e-01,8.20768e-01,5.36467e-01,9.98844e-01
9.816374249e-01,4.68619e-01,9.99999e-01,9.99999e-01,8.63192e-01,5.43107e-01,9.99599e-01
9.865456120e-01,5.01297e-01,9.99999e-01,9.99999e-01,9.12030e-01,5.49695e-01,9.99916e-01
9.914783401e-01,5.25436e-01,9.99999e-01,9.99999e-01,9.44658e-01,5.56231e-01,9.99976e-01
9.964357318e-01,5.45521e-01,9.99999e-01,9.99999e-01,9.69461e-01,5.62713e-01,9.99986e-01
1.001417910e+00,5.58643e-01,9.99999e-01,9.99999e-01,9.81576e-01,5.69140e-01,9.99978e-01
1.006425000e+00,5.69441e-01,9.99999e-01,9.99999e-01,9.89480e-01,5.75512e-01,9.99970e-01
1.011457125e+00,5.77994e-01,9.99999e-01,9.99999e-01,9.93438e-01,5.81827e-01,9.99972e-01
1.016514411e+00,5.85456e-01,9.99999e-01,9.99999e-01,9.95549e-01,5.88085e-01,9.99980e-01
1.021596983e+00,5.92111e-01,9.99999e-01,9.99905e-01,9.96454e-01,5.94284e-01,9.99980e-01
1.026704968e+00,5.94179e-01,9.99999e-01,9.92346e-01,9.97236e-01,6.00424e-01,9.99986e-01
1.031838492e+00,5.63881e-01,9.99999e-01,9.31523e-01,9.97985e-01,6.06505e-01,9.99995e-01
1.036997685e+00,4.80645e-02,9.99999e-01,7.85410e-02,9.98806e-01,6.12525e-01,9.99998e-01
1.042182673e+00,1.02075e-02,9.99999e-01,1.65231e-02,9.98581e-01,6.18484e-01,9.99999e-01
1.047393587e+00,2.02433e-02,9.99999e-01,3.24735e-02,9.98116e-01,6.24382e-01,9.99999e-01
1.052630555e+00,2.77623e-05,9.99999e-01,4.41275e-05,9.97419e-01,6.30218e-01,9.99998e-01
1.057893707e+00,9.54925e-05,9.99999e-01,1.50513e-04,9.95702e-01,6.35991e-01,9.99998e-01
1.063183176e+00,9.08467e-04,9.99999e-01,1.42198e-03,9.92928e-01,6.41702e-01,9.99995e-01
1.068499092e+00,5.37455e-03,9.99999e-01,8.37556e-03,9.88169e-01,6.47350e-01,9.99991e-01
1.073841587e+00,3.03394e-02,9.99999e-01,4.69665e-02,9.86201e-01,6.52934e-01,9.99981e-01
1.079210795e+00,9.39682e-02,9.99999e-01,1.44865e-01,9.82280e-01,6.58455e-01,9.99952e-01
1.084606849e+00,2.19067e-01,9.99999e-01,3.38218e-01,9.73355e-01,6.63913e-01,9.99885e-01
1.090029883e+00,3.66617e-01,9.99999e-01,5.68199e-01,9.62214e-01,6.69306e-01,9.99762e-01
1.095480033e+00,4.60074e-01,9.99999e-01,7.56128e-01,9.00189e-01,6.74635e-01,9.99570e-01
1.100957433e+00,4.56325e-01,9.99999e-01,8.73665e-01,7.66631e-01,6.79900e-01,9.99210e-01
1.106462220e+00,3.35204e-01,9.99999e-01,9.45567e-01,5.16164e-01,6.85101e-01,9.98660e-01
1.111994531e+00,1.70609e-01,9.99999e-01,9.79457e-01,2.52573e-01,6.90238e-01,9.96449e-01
1.117554504e+00,7.68103e-02,9.99999e-01,9.94919e-01,1.12286e-01,6.95311e-01,9.87243e-01
1.123142276e+00,1.45034e-01,9.99999e-01,9.99663e-01,2.13516e-01,7.00320e-01,9.70013e-01
1.128757988e+00,2.42428e-01,9.99999e-01,9.99999e-01,3.56062e-01,7.05265e-01,9.65392e-01
1.134401778e+00,1.12453e-01,9.99999e-01,9.99999e-01,1.63281e-01,7.10146e-01,9.69808e-01
1.140073787e+00,3.70533e-01,9.99999e-01,9.99999e-01,5.31142e-01,7.14964e-01,9.75733e-01
1.145774156e+00,1.96400e-01,9.99999e-01,9.99999e-01,2.78928e-01,7.19718e-01,9.78335e-01
1.151503026e+00,1.75208e-01,9.99999e-01,9.99999e-01,2.44832e-01,7.24409e-01,9.87872e-01
1.157260541e+00,2.12919e-01,9.99999e-01,9.99999e-01,2.93122e-01,7.29037e-01,9.96357e-01
1.163046844e+00,2.93406e-01,9.99999e-01,9.99999e-01,4.00366e-01,7.33602e-01,9.98966e-01
1.168862078e+00,3.86293e-01,9.99999e-01,9.99999e-01,5.23636e-01,7.38105e-01,9.99467e-01
1.174706389e+00,4.97584e-01,9.99999e-01,9.99999e-01,6.70579e-01,7.42545e-01,9.99293e-01
1.180579921e+00,5.84428e-01,9.99999e-01,9.99999e-01,7.83281e-01,7.46924e-01,9.98932e-01
1.186482820e+00,6.53456e-01,9.99999e-01,9.99989e-01,8.70795e-01,7.51241e-01,9.98904e-01
1.192415234e+00,6.78343e-01,9.99999e-01,9.73587e-01,9.22414e-01,7.55498e-01,9.99179e-01
1.198377311e+00,3.86559e-01,9.99999e-01,5.38926e-01,9.34345e-01,7.59693e-01,9.99224e-01
1.204369197e+00,3.92166e-21,9.99999e-01,5.33233e-21,9.37787e-01,7.63829e-01,9.99298e-01
1.210391043e+00,2.55391e-83,9.99999e-01,3.44286e-83,9.40355e-01,7.67904e-01,9.99573e-01
1.216442998e+00,3.37598e-72,9.99999e-01,4.51856e-72,9.48912e-01,7.71921e-01,9.99738e-01
1.222525213e+00,4.03698e-71,9.99999e-01,5.31424e-71,9.60007e-01,7.75878e-01,9.99837e-01
1.228637839e+00,5.57669e-55,9.99999e-01,7.29045e-55,9.72077e-01,7.79776e-01,9.99924e-01
1.234781029e+00,1.66119e-34,9.99999e-01,2.13926e-34,9.79166e-01,7.83617e-01,9.99977e-01
1.240954934e+00,4.76440e-23,9.99999e-01,6.10105e-23,9.86791e-01,7.87401e-01,9.99993e-01
1.247159708e+00,6.92850e-15,9.99999e-01,8.81662e-15,9.89689e-01,7.91127e-01,9.99995e-01
1.253395507e+00,9.01283e-08,9.99999e-01,1.14139e-07,9.90855e-01,7.94797e-01,9.99994e-01
1.259662485e+00,4.87499e-05,9.99999e-01,6.14495e-05,9.91401e-01,7.98410e-01,9.99991e-01
1.265960797e+00,4.49809e-03,9.99999e-01,5.66034e-03,9.86212e-01,8.01969e-01,9.99986e-01
1.272290601e+00,6.55812e-02,9.99999e-01,8.27949e-02,9.79781e-01,8.05472e-01,9.99975e-01
1.278652054e+00,6.83544e-02,9.99999e-01,8.70901e-02,9.57755e-01,8.08921e-01,9.99957e-01
1.285045314e+00,3.45342e-04,9.99999e-01,4.39458e-04,9.34527e-01,8.12317e-01,9.99920e-01
1.291470541e+00,3.01033e-10,9.99999e-01,3.98928e-10,8.72502e-01,8.15659e-01,9.99861e-01
1.297927893e+00,7.28822e-05,9.99999e-01,9.65966e-05,8.37108e-01,8.18948e-01,9.99741e-01
1.304417533e+00,9.72018e-03,9.99999e-01,1.42542e-02,7.95250e-01,8.22185e-01,9.99453e-01
1.310939621e+00,2.52808e-03,9.99999e-01,3.56543e-03,7.70491e-01,8.25371e-01,9.98879e-01
1.317494319e+00,8.52625e-29,9.99999e-01,1.20482e-28,7.52165e-01,8.28506e-01,9.97928e-01
1.324081790e+00,3.46000e-19,9.99999e-01,5.06197e-19,6.56339e-01,8.31591e-01,9.96620e-01
1.330702199e+00,1.28300e-11,9.99999e-01,2.87261e-11,2.48421e-01,8.34625e-01,9.94180e-01
1.337355710e+00,9.04167e-12,9.99999e-01,1.63385e-10,1.98936e-02,8.37611e-01,9.88823e-01
1.344042489e+00,1.07336e-12,9.99999e-01,7.14949e-11,5.82807e-04,8.40548e-01,9.66714e-01
1.350762701e+00,3.67279e-19,9.99999e-01,1.47694e-11,4.30477e-09,8.43437e-01,8.90564e-01
1.357516515e+00,9.84921e-19,9.99999e-01,2.48434e-07,4.48952e-13,8.46278e-01,7.11669e-01
1.364304097e+00,1.21520e-12,9.99999e-01,2.61418e-05,2.27495e-08,8.49073e-01,5.50943e-01
1.371125618e+00,6.75061e-08,9.99999e-01,4.46827e-03,1.22211e-05,8.51821e-01,5.70053e-01
1.377981246e+00,4.36975e-07,9.99999e-01,1.00301e-02,4.14880e-05,8.54524e-01,6.17692e-01
1.384871152e+00,1.30887e-08,9.99999e-01,6.86019e-02,2.16806e-07,8.57181e-01,6.35232e-01
1.391795508e+00,2.08129e-09,9.99999e-01,8.38441e-02,2.45431e-08,8.59795e-01,6.50812e-01
1.398754485e+00,1.31055e-07,9.99999e-01,2.13137e-01,8.36406e-07,8.62364e-01,7.02242e-01
1.405748258e+00,2.61451e-07,9.99999e-01,3.22227e-01,9.33463e-07,8.64890e-01,8.13311e-01
1.412776999e+00,4.20063e-07,9.99999e-01,4.87059e-01,8.84081e-07,8.67373e-01,9.09967e-01
1.419840884e+00,9.53288e-07,9.99999e-01,4.47154e-01,1.88069e-06,8.69814e-01,9.59475e-01
1.426940089e+00,1.81058e-05,9.99999e-01,2.27656e-02,5.57056e-05,8.72214e-01,9.69060e-01
1.434074789e+00,0.00000e+00,9.99999e-01,0.00000e+00,4.13002e-04,8.74573e-01,9.63592e-01
1.441245163e+00,0.00000e+00,9.99999e-01,0.00000e+00,1.81896e-03,8.76891e-01,9.60625e-01
1.448451389e+00,0.00000e+00,9.99999e-01,0.00000e+00,1.25627e-02,8.79169e-01,9.65438e-01
1.455693646e+00,0.00000e+00,9.99999e-01,0.00000e+00,4.98208e-02,8.81408e-01,9.73002e-01
1.462972114e+00,0.00000e+00,9.99999e-01,0.00000e+00,7.07819e-02,8.83609e-01,9.74235e-01
1.470286975e+00,2.02666e-138,9.99999e-01,1.46975e-137,4.64347e-02,8.85771e-01,9.74669e-01
1.477638409e+00,2.18746e-87,9.99999e-01,1.56942e-86,6.26185e-02,8.87896e-01,9.82827e-01
1.485026601e+00,4.90009e-49,9.99999e-01,2.80141e-48,9.79365e-02,8.89984e-01,9.92059e-01
1.492451734e+00,1.04236e-41,9.99999e-01,3.85340e-41,1.80059e-01,8.92035e-01,9.96521e-01
1.499913993e+00,2.43901e-18,9.99999e-01,5.35969e-18,3.07590e-01,8.94050e-01,9.98497e-01
1.507413563e+00,4.33398e-17,9.99999e-01,9.41836e-17,4.25177e-01,8.96030e-01,9.99294e-01
1.514950631e+00,2.03436e-18,9.99999e-01,3.21560e-18,5.83328e-01,8.97975e-01,9.99670e-01
1.522525384e+00,1.01090e-61,9.99999e-01,1.42255e-61,7.05131e-01,8.99886e-01,9.99878e-01
1.530138011e+00,6.52179e-147,9.99999e-01,8.32328e-147,7.72516e-01,9.01763e-01,9.99957e-01
1.537788701e+00,9.92989e-109,9.99999e-01,1.21131e-108,8.64527e-01,9.03607e-01,9.99980e-01
1.545477645e+00,3.71185e-23,9.99999e-01,4.36380e-23,9.11186e-01,9.05418e-01,9.99989e-01
1.553205033e+00,7.70907e-17,9.99999e-01,8.95901e-17,9.27275e-01,9.07196e-01,9.99993e-01
1.560971058e+00,3.64891e-17,9.99999e-01,4.13090e-17,9.53893e-01,9.08943e-01,9.99995e-01
1.568775913e+00,0.00000e+00,9.99999e-01,0.00000e+00,9.69512e-01,9.10659e-01,9.99996e-01
1.576619793e+00,0.00000e+00,9.99999e-01,0.00000e+00,9.76155e-01,9.12344e-01,9.99996e-01
1.584502892e+00,0.00000e+00,9.99999e-01,0.00000e+00,9.85480e-01,9.13999e-01,9.99994e-01
1.592425406e+00,0.00000e+00,9.99999e-01,0.00000e+00,9.86556e-01,9.15624e-01,9.99993e-01
1.600387533e+00,0.00000e+00,9.99999e-01,0.00000e+00,9.90723e-01,9.17219e-01,9.99993e-01
1.608389471e+00,0.00000e+00,9.99999e-01,0.00000e+00,9.90398e-01,9.18786e-01,9.99993e-01
1.616431418e+00,0.00000e+00,9.99999e-01,0.00000e+00,9.90216e-01,9.20325e-01,9.99993e-01
1.624513575e+00,0.00000e+00,9.99999e-01,0.00000e+00,9.89539e-01,9.21835e-01,9.99993e-01
1.632636143e+00,1.37195e-312,9.99999e-01,1.49761e-312,9.83636e-01,9.23318e-01,9.99990e-01
1.640799324e+00,1.62865e-127,9.99999e-01,1.78169e-127,9.78253e-01,9.24774e-01,9.99985e-01
1.649003321e+00,1.61849e-127,9.99999e-01,1.78109e-127,9.72190e-01,9.26204e-01,9.99980e-01
1.657248337e+00,1.34913e-98,9.99999e-01,1.48324e-98,9.63685e-01,9.27608e-01,9.99978e-01
1.665534579e+00,2.92565e-99,9.99999e-01,3.25746e-99,9.50893e-01,9.28985e-01,9.99977e-01
1.673862252e+00,2.27265e-63,9.99999e-01,2.50800e-63,9.33012e-01,9.30338e-01,9.99972e-01
1.682231563e+00,6.02805e-44,9.99999e-01,6.64232e-44,9.41730e-01,9.31666e-01,9.99959e-01
1.690642721e+00,1.58946e-24,9.99999e-01,1.78734e-24,9.00150e-01,9.32969e-01,9.99936e-01
1.699095934e+00,9.67713e-16,9.99999e-01,1.10099e-15,8.84676e-01,9.34249e-01,9.99902e-01
1.707591414e+00,2.54972e-08,9.99999e-01,2.90080e-08,8.78180e-01,9.35505e-01,9.99850e-01
1.716129371e+00,3.54218e-05,9.99999e-01,4.20715e-05,8.50496e-01,9.36738e-01,9.99782e-01
1.724710018e+00,2.45192e-03,9.99999e-01,3.10832e-03,7.84897e-01,9.37948e-01,9.99682e-01
1.733333568e+00,1.60633e-02,9.99999e-01,2.20878e-02,7.30876e-01,9.39135e-01,9.99501e-01
1.742000236e+00,6.63721e-02,9.99999e-01,1.08256e-01,6.20272e-01,9.40301e-01,9.99210e-01
1.750710237e+00,3.65507e-04,9.99999e-01,6.89244e-04,4.15303e-01,9.41445e-01,9.98733e-01
1.759463788e+00,7.55840e-61,9.99999e-01,1.80071e-60,1.94008e-01,9.42567e-01,9.97858e-01
1.768261107e+00,4.69791e-64,9.99999e-01,2.74721e-63,5.10699e-02,9.43669e-01,9.96310e-01
1.777102413e+00,6.29836e-63,9.99999e-01,1.34035e-61,7.62142e-03,9.44751e-01,9.94225e-01
1.785987925e+00,3.74388e-60,9.99999e-01,9.25635e-58,4.60469e-04,9.45812e-01,9.90716e-01
1.794917864e+00,4.00842e-58,9.99999e-01,3.67267e-55,4.20633e-05,9.46853e-01,9.81825e-01
1.803892454e+00,6.00230e-59,9.99999e-01,5.00522e-53,4.01696e-08,9.47875e-01,9.62227e-01
1.812911916e+00,3.46389e-59,9.99999e-01,5.92275e-51,3.36675e-10,9.48878e-01,9.24058e-01
1.821976476e+00,2.69093e-59,9.99999e-01,5.12447e-51,6.00873e-10,9.49862e-01,8.40056e-01
1.831086358e+00,4.15439e-50,9.99999e-01,5.36004e-41,3.81046e-11,9.50827e-01,6.67768e-01
1.840241790e+00,2.00330e-42,9.99999e-01,6.11061e-35,3.03363e-09,9.51775e-01,5.05909e-01
1.849442999e+00,1.40143e-31,9.99999e-01,2.67426e-24,1.54071e-08,9.52704e-01,4.40665e-01
1.858690214e+00,1.40201e-34,9.99999e-01,7.69654e-23,5.65720e-13,9.53617e-01,4.41001e-01
1.867983665e+00,3.47982e-35,9.99999e-01,1.93503e-23,1.32658e-13,9.54512e-01,4.70793e-01
1.877323583e+00,7.33669e-120,9.99999e-01,1.82203e-115,7.07993e-06,9.55390e-01,5.14165e-01
1.886710201e+00,3.20295e-155,9.99999e-01,1.09289e-151,2.31571e-05,9.56251e-01,5.59263e-01
1.896143752e+00,1.46911e-176,9.99999e-01,3.10010e-173,1.12377e-04,9.57097e-01,5.65983e-01
1.905624471e+00,9.67052e-208,9.99999e-01,6.25196e-201,3.65229e-08,9.57926e-01,5.95527e-01
1.915152593e+00,9.71744e-164,9.99999e-01,9.88938e-156,6.94259e-10,9.58740e-01,6.90473e-01
1.924728356e+00,3.24950e-195,9.99999e-01,2.39433e-186,5.51931e-11,9.59538e-01,8.11039e-01
1.934351998e+00,0.00000e+00,9.99999e-01,0.00000e+00,5.04698e-12,9.60321e-01,9.04629e-01
1.944023758e+00,0.00000e+00,9.99999e-01,0.00000e+00,2.78317e-07,9.61089e-01,9.65509e-01
1.953743877e+00,0.00000e+00,9.99999e-01,0.00000e+00,1.11083e-06,9.61843e-01,9.85424e-01
1.963512596e+00,0.00000e+00,9.99999e-01,0.00000e+00,8.65280e-05,9.62582e-01,9.92606e-01
1.973330159e+00,0.00000e+00,9.99999e-01,0.00000e+00,8.87500e-04,9.63308e-01,9.96126e-01
1.983196810e+00,0.00000e+00,9.99999e-01,0.00000e+00,2.66995e-02,9.64019e-01,9.97874e-01
1.993112794e+00,0.00000e+00,9.99999e-01,0.00000e+00,5.69869e-02,9.64717e-01,9.98840e-01
2.003078358e+00,0.00000e+00,9.99999e-01,0.00000e+00,1.60796e-01,9.65402e-01,9.99348e-01
2.013093750e+00,0.00000e+00,9.99999e-01,0.00000e+00,3.05629e-01,9.66074e-01,9.99611e-01
2.023159218e+00,0.00000e+00,9.99999e-01,0.00000e+00,5.00196e-01,9.66733e-01,9.99726e-01
2.033275015e+00,0.00000e+00,9.99999e-01,0.00000e+00,5.88190e-01,9.67379e-01,9.99779e-01
2.043441390e+00,0.00000e+00,9.99999e-01,0.00000e+00,7.18872e-01,9.68013e-01,9.99767e-01
2.053658597e+00,0.00000e+00,9.99998e-01,0.00000e+00,7.62400e-01,9.68634e-01,9.99678e-01
2.063926890e+00,0.00000e+00,9.99997e-01,0.00000e+00,8.33734e-01,9.69244e-01,9.99511e-01
2.074246524e+00,0.00000e+00,9.99995e-01,0.00000e+00,8.54116e-01,9.69843e-01,9.99224e-01
2.084617757e+00,0.00000e+00,9.99992e-01,0.00000e+00,9.01858e-01,9.70429e-01,9.98773e-01
2.095040845e+00,0.00000e+00,9.99989e-01,0.00000e+00,9.22086e-01,9.71005e-01,9.98151e-01
2.105516050e+00,0.00000e+00,9.99987e-01,0.00000e+00,9.32545e-01,9.71569e-01,9.97398e-01
2.116043630e+00,0.00000e+00,9.99988e-01,0.00000e+00,9.35333e-01,9.72123e-01,9.96804e-01
2.126623848e+00,0.00000e+00,9.99989e-01,0.00000e+00,9.60241e-01,9.72666e-01,9.96411e-01
2.137256967e+00,0.00000e+00,9.99991e-01,0.00000e+00,9.62283e-01,9.73199e-01,9.95999e-01
2.147943252e+00,0.00000e+00,9.99995e-01,0.00000e+00,9.63594e-01,9.73721e-01,9.95194e-01
2.158682968e+00,2.18976e-256,9.99971e-01,2.32188e-256,9.66740e-01,9.74233e-01,9.94406e-01
2.169476383e+00,2.72375e-124,9.99989e-01,2.88180e-124,9.64584e-01,9.74736e-01,9.95667e-01
2.180323765e+00,1.88417e-77,9.99994e-01,1.99166e-77,9.59770e-01,9.75229e-01,9.96813e-01
2.191225384e+00,3.36041e-39,9.99993e-01,3.54677e-39,9.51081e-01,9.75712e-01,9.97344e-01
2.202181511e+00,2.09138e-25,9.99994e-01,2.22798e-25,9.39079e-01,9.76186e-01,9.97955e-01
2.213192418e+00,2.36211e-13,9.99996e-01,2.50299e-13,9.39279e-01,9.76651e-01,9.98580e-01
2.224258381e+00,7.64202e-09,9.99996e-01,8.16461e-09,9.27507e-01,9.77107e-01,9.99082e-01
2.235379672e+00,2.73696e-06,9.99997e-01,2.93187e-06,9.39437e-01,9.77554e-01,9.99450e-01
2.246556571e+00,1.61372e-04,9.99998e-01,1.78250e-04,8.92959e-01,9.77992e-01,9.99655e-01
2.257789354e+00,3.71341e-03,9.99998e-01,4.09579e-03,9.18330e-01,9.78422e-01,9.99751e-01
2.269078300e+00,5.71724e-03,9.99998e-01,7.14272e-03,8.06861e-01,9.78844e-01,9.99792e-01
2.280423692e+00,7.76134e-03,9.99999e-01,9.26739e-03,8.38837e-01,9.79257e-01,9.99785e-01
2.291825810e+00,3.10347e-02,9.99999e-01,4.38100e-02,7.07225e-01,9.79663e-01,9.99749e-01
2.303284939e+00,6.14764e-02,9.99999e-01,8.43606e-02,7.34030e-01,9.80060e-01,9.99658e-01
2.314801364e+00,6.53796e-02,9.99999e-01,1.10479e-01,5.90982e-01,9.80450e-01,9.99519e-01
2.326375371e+00,1.33351e-01,9.99999e-01,2.31329e-01,5.75110e-01,9.80833e-01,9.99358e-01
2.338007248e+00,1.11650e-01,9.99999e-01,2.03169e-01,5.45008e-01,9.81208e-01,9.99125e-01
2.349697284e+00,9.20521e-02,9.99999e-01,2.50542e-01,3.54080e-01,9.81575e-01,9.98815e-01
2.361445770e+00,1.38589e-01,9.99999e-01,3.30296e-01,4.20530e-01,9.81936e-01,9.98363e-01
2.373252999e+00,1.20983e-01,9.99999e-01,3.66971e-01,3.17552e-01,9.82290e-01,9.97747e-01
2.385119264e+00,9.21369e-02,9.99999e-01,6.43899e-01,1.37457e-01,9.82636e-01,9.96974e-01
2.397044861e+00,2.38942e-01,9.99999e-01,8.34405e-01,2.89427e-01,9.82976e-01,9.95466e-01
2.409030085e+00,7.60030e-02,9.99999e-01,7.29660e-01,1.03784e-01,9.83310e-01,9.93413e-01
2.421075235e+00,8.11664e-02,9.99999e-01,5.87301e-01,1.23601e-01,9.83637e-01,9.90762e-01
2.433180612e+00,6.46468e-03,9.99999e-01,6.73917e-02,5.27144e-02,9.83957e-01,9.87236e-01
2.445346515e+00,5.16822e-03,9.99999e-01,2.58524e-01,1.39078e-02,9.84272e-01,9.82252e-01
2.457573247e+00,1.51881e-04,9.99999e-01,1.40539e-02,2.83335e-03,9.84580e-01,9.74083e-01
2.469861113e+00,3.62254e-19,9.99999e-01,4.50078e-16,6.08718e-05,9.84882e-01,9.62354e-01
2.482210419e+00,1.67210e-61,9.99999e-01,7.57321e-55,7.76289e-09,9.85179e-01,9.45865e-01
2.494621471e+00,2.75023e-126,9.99999e-01,1.26381e-114,8.35525e-14,9.85469e-01,9.21769e-01
2.507094578e+00,1.62410e-130,9.99999e-01,5.32669e-111,1.26145e-21,9.85754e-01,8.79734e-01
2.519630051e+00,3.80990e-184,9.99999e-01,2.41825e-147,5.97423e-39,9.86034e-01,8.02409e-01
2.532228202e+00,6.51779e-239,9.99999e-01,7.96882e-189,3.79674e-52,9.86307e-01,6.68932e-01
2.544889343e+00,8.62662e-265,9.99999e-01,6.74962e-196,9.02134e-71,9.86576e-01,4.47715e-01
2.557613789e+00,3.90290e-300,9.99999e-01,2.40137e-232,2.40505e-69,9.86839e-01,2.08366e-01
2.570401858e+00,0.00000e+00,9.99999e-01,0.00000e+00,4.43735e-115,9.87098e-01,5.30145e-02
2.583253867e+00,0.00000e+00,9.99999e-01,0.00000e+00,1.80116e-97,9.87351e-01,1.43746e-02
2.596170137e+00,0.00000e+00,9.99999e-01,0.00000e+00,8.69860e-83,9.87599e-01,4.15541e-03
2.609150988e+00,0.00000e+00,9.99999e-01,0.00000e+00,3.41925e-58,9.87843e-01,1.20609e-03
2.622196742e+00,0.00000e+00,9.99999e-01,0.00000e+00,6.70872e-49,9.88081e-01,1.04587e-03
2.635307726e+00,0.00000e+00,9.99999e-01,0.00000e+00,2.41841e-22,9.88315e-01,1.63705e-03
2.648484265e+00,0.00000e+00,9.99999e-01,0.00000e+00,7.05502e-27,9.88545e-01,1.88544e-03
2.661726686e+00,0.00000e+00,9.99999e-01,0.00000e+00,2.85433e-47,9.88770e-01,1.71102e-03
2.675035320e+00,0.00000e+00,9.99999e-01,0.00000e+00,1.82641e-172,9.88990e-01,1.80893e-03
2.688410496e+00,0.00000e+00,9.99999e-01,0.00000e+00,1.05761e-83,9.89207e-01,2.52886e-03
2.701852549e+00,0.00000e+00,9.99999e-01,0.00000e+00,3.89521e-73,9.89419e-01,3.04158e-03
2.715361811e+00,0.00000e+00,9.99999e-01,0.00000e+00,1.63946e-72,9.89627e-01,3.71243e-03
2.728938620e+00,0.00000e+00,9.99999e-01,0.00000e+00,1.02349e-51,9.89830e-01,6.43866e-03
2.742583314e+00,0.00000e+00,9.99999e-01,0.00000e+00,2.64771e-55,9.90030e-01,1.77883e-02
2.756296230e+00,0.00000e+00,9.99999e-01,0.00000e+00,2.85104e-57,9.90226e-01,5.88929e-02
2.770077711e+00,0.00000e+00,9.99999e-01,0.00000e+00,1.32365e-78,9.90418e-01,1.60845e-01
2.783928100e+00,0.00000e+00,9.99999e-01,0.00000e+00,1.68471e-78,9.90607e-01,2.76639e-01
2.797847740e+00,0.00000e+00,9.99999e-01,0.00000e+00,1.02057e-59,9.90791e-01,4.25479e-01
2.811836979e+00,0.00000e+00,9.99999e-01,0.00000e+00,1.09439e-63,9.90972e-01,5.91718e-01
2.825896164e+00,0.00000e+00,9.99999e-01,0.00000e+00,4.44876e-55,9.91150e-01,7.12802e-01
2.840025645e+00,0.00000e+00,9.99999e-01,0.00000e+00,3.89432e-42,9.91324e-01,7.82596e-01
2.854225773e+00,0.00000e+00,9.99999e-01,0.00000e+00,6.97436e-37,9.91495e-01,8.31565e-01
2.868496902e+00,0.00000e+00,9.99999e-01,0.00000e+00,8.12035e-35,9.91662e-01,8.83620e-01
2.882839386e+00,0.00000e+00,9.99999e-01,0.00000e+00,8.46933e-28,9.91826e-01,9.19954e-01
2.897253583e+00,0.00000e+00,9.99999e-01,0.00000e+00,1.06695e-23,9.91987e-01,9.39700e-01
2.911739851e+00,0.00000e+00,9.99999e-01,0.00000e+00,3.82448e-16,9.92144e-01,9.53289e-01
2.926298550e+00,0.00000e+00,9.99999e-01,0.00000e+00,1.11704e-11,9.92299e-01,9.65344e-01
2.940930043e+00,0.00000e+00,9.99999e-01,0.00000e+00,2.27577e-11,9.92450e-01,9.72073e-01
2.955634693e+00,0.00000e+00,9.99999e-01,0.00000e+00,2.94086e-11,9.92599e-01,9.75030e-01
2.970412867e+00,0.00000e+00,9.99999e-01,0.00000e+00,3.55283e-10,9.92745e-01,9.78116e-01
2.985264931e+00,0.00000e+00,9.99999e-01,0.00000e+00,7.17698e-08,9.92887e-01,9.79566e-01
3.000191256e+00,0.00000e+00,9.99999e-01,0.00000e+00,1.05016e-06,9.93027e-01,9.79120e-01
3.015192212e+00,0.00000e+00,9.99999e-01,0.00000e+00,6.46986e-06,9.93165e-01,9.75944e-01
3.030268173e+00,0.00000e+00,9.99999e-01,0.00000e+00,4.29303e-05,9.93299e-01,9.70824e-01
3.045419514e+00,1.15412e-295,9.99999e-01,1.98814e-291,6.13188e-06,9.93431e-01,9.66323e-01
3.060646612e+00,5.70725e-136,9.99999e-01,3.04517e-133,5.37142e-04,9.93560e-01,9.59655e-01
3.075949845e+00,1.74742e-109,9.99999e-01,1.01757e-105,7.13383e-04,9.93687e-01,6.89207e-02
3.091329594e+00,4.03361e-105,9.99999e-01,3.10401e-100,6.44702e-04,9.93811e-01,1.97290e-03
3.106786242e+00,4.44617e-109,9.99999e-01,1.72907e-99,2.37241e-03,9.93933e-01,3.68267e-08
3.122320173e+00,2.43813e-91,9.99999e-01,4.88176e-69,5.51869e-03,9.94053e-01,2.67824e-21
3.137931774e+00,9.61083e-80,9.99999e-01,5.27864e-68,6.70022e-03,9.94170e-01,1.13086e-10
3.153621433e+00,1.81736e-73,9.99999e-01,4.56562e-70,3.62523e-02,9.94285e-01,2.97136e-03
3.169389540e+00,4.85873e-105,9.99999e-01,4.51911e-94,5.05372e-02,9.94397e-01,8.02346e-11
3.185236488e+00,3.03438e-93,9.99999e-01,1.54489e-75,2.86603e-02,9.94508e-01,2.35872e-17
3.201162670e+00,8.70281e-92,9.99999e-01,2.58072e-60,8.38613e-04,9.94616e-01,5.85912e-30
3.217168483e+00,3.43887e-102,9.99999e-01,4.88744e-58,5.11579e-03,9.94722e-01,5.84537e-43
3.233254326e+00,5.32322e-114,9.99999e-01,6.16351e-49,2.89386e-02,9.94826e-01,1.17594e-64
3.249420598e+00,1.43531e-133,9.99999e-01,6.02521e-28,9.27453e-02,9.94928e-01,1.27936e-105
3.265667701e+00,5.09633e-194,9.99999e-01,3.49088e-24,2.73183e-02,9.95028e-01,1.70696e-169
3.281996039e+00,1.61447e-284,9.99999e-01,4.22408e-18,5.56393e-02,9.95126e-01,3.94153e-266
3.298406019e+00,0.00000e+00,9.99999e-01,1.42907e-15,9.80804e-03,9.95222e-01,0.00000e+00
3.314898049e+00,0.00000e+00,9.99999e-01,3.82975e-15,8.00262e-03,9.95316e-01,0.00000e+00
3.331472540e+00,0.00000e+00,9.99999e-01,1.79495e-14,2.06208e-02,9.95408e-01,0.00000e+00
3.348129902e+00,0.00000e+00,9.99999e-01,1.66983e-11,1.55350e-02,9.95498e-01,6.52167e-322
3.364870552e+00,8.35622e-231,9.99999e-01,5.21256e-11,3.38627e-02,9.95587e-01,3.29207e-219
3.381694905e+00,9.32122e-145,9.99999e-01,1.75207e-09,5.09314e-02,9.95674e-01,3.56280e-135
3.398603379e+00,1.26627e-88,9.99999e-01,2.42778e-07,1.10880e-01,9.95759e-01,3.57730e-81
3.415596396e+00,2.91614e-54,9.99999e-01,6.09942e-07,1.96353e-01,9.95843e-01,2.03728e-47
3.432674378e+00,1.03363e-36,9.99999e-01,4.45211e-08,2.16328e-01,9.95925e-01,7.77948e-29
3.449837750e+00,1.06610e-23,9.99999e-01,1.07382e-10,3.48695e-01,9.96005e-01,2.08643e-13
3.467086939e+00,1.37416e-21,9.99999e-01,4.73559e-19,4.82328e-01,9.96084e-01,5.05838e-03
3.484422373e+00,3.89715e-26,9.99999e-01,1.34777e-25,5.03978e-01,9.96161e-01,4.43785e-01
3.501844485e+00,5.04385e-38,9.99999e-01,6.03332e-37,6.73658e-01,9.96237e-01,1.12038e-01
3.519353708e+00,1.34359e-44,9.99999e-01,1.66402e-44,7.18030e-01,9.96311e-01,9.97679e-01
3.536950476e+00,1.40037e-55,9.99999e-01,1.77321e-55,7.43094e-01,9.96384e-01,9.95772e-01
3.554635228e+00,2.88841e-54,9.99999e-01,3.37142e-54,8.31367e-01,9.96455e-01,9.90859e-01
3.572408405e+00,1.20765e-44,9.99999e-01,1.38657e-44,8.37015e-01,9.96525e-01,9.84878e-01
3.590270447e+00,7.10788e-42,9.99999e-01,7.80477e-42,8.83716e-01,9.96593e-01,9.90636e-01
3.608221799e+00,1.10509e-29,9.99999e-01,1.19547e-29,9.08395e-01,9.96660e-01,9.94156e-01
3.626262908e+00,6.51382e-17,9.99999e-01,6.83886e-17,9.21093e-01,9.96726e-01,9.97014e-01
3.644394222e+00,2.14398e-13,9.99999e-01,2.24881e-13,9.52228e-01,9.96791e-01,9.96781e-01
3.662616193e+00,9.46535e-07,9.99999e-01,1.00124e-06,9.22800e-01,9.96854e-01,9.94554e-01
3.680929274e+00,1.10700e-03,9.99999e-01,1.23656e-03,8.75969e-01,9.96916e-01,9.86268e-01
3.699333921e+00,3.35680e-02,9.99999e-01,3.65859e-02,9.39907e-01,9.96977e-01,9.73958e-01
3.717830590e+00,1.64448e-02,9.99999e-01,1.80191e-02,9.53028e-01,9.97037e-01,9.52572e-01
3.736419743e+00,1.31872e-04,9.99998e-01,1.48453e-04,9.45102e-01,9.97095e-01,9.29229e-01
3.755101842e+00,1.32716e-14,9.99998e-01,1.48634e-14,9.41334e-01,9.97152e-01,9.33321e-01
3.773877351e+00,1.46913e-33,9.99997e-01,1.60598e-33,9.51408e-01,9.97208e-01,9.52945e-01
3.792746738e+00,3.28267e-85,9.99995e-01,3.53992e-85,9.41404e-01,9.97263e-01,9.67631e-01
3.811710472e+00,1.86605e-55,9.99991e-01,2.00875e-55,9.28724e-01,9.97317e-01,9.69416e-01
3.830769024e+00,2.76888e-55,9.99987e-01,3.01522e-55,9.23325e-01,9.97370e-01,9.66551e-01
3.849922869e+00,2.61187e-76,9.99977e-01,2.90333e-76,8.91275e-01,9.97422e-01,9.60095e-01
3.869172484e+00,2.70301e-47,9.99968e-01,3.06635e-47,8.72282e-01,9.97473e-01,9.45918e-01
3.888518346e+00,3.59818e-20,9.99944e-01,4.12405e-20,9.27067e-01,9.97523e-01,9.26162e-01
3.907960938e+00,7.18258e-16,9.99932e-01,8.53288e-16,9.19205e-01,9.97572e-01,9.01074e-01
3.927500742e+00,3.64910e-16,9.99883e-01,4.73815e-16,6.02915e-01,9.97620e-01,8.75409e-01
3.947138246e+00,1.15166e-23,9.99836e-01,1.72031e-23,7.19599e-01,9.97667e-01,8.57050e-01
3.966873937e+00,6.77783e-36,9.99813e-01,9.64005e-36,4.46892e-01,9.97713e-01,8.30703e-01
3.986708307e+00,6.84977e-56,9.99696e-01,9.41356e-56,8.62676e-01,9.97758e-01,7.90699e-01
4.006641849e+00,5.37378e-102,9.99603e-01,7.49962e-102,9.48473e-01,9.97802e-01,7.41933e-01
4.026675058e+00,0.00000e+00,9.99677e-01,0.00000e+00,9.40698e-01,9.97845e-01,6.89121e-01
4.046808433e+00,0.00000e+00,9.99657e-01,0.00000e+00,9.29259e-01,9.97888e-01,6.36251e-01
4.067042475e+00,0.00000e+00,9.99507e-01,0.00000e+00,9.18663e-01,9.97929e-01,5.87126e-01
4.087377688e+00,0.00000e+00,9.99425e-01,0.00000e+00,9.13259e-01,9.97970e-01,5.44388e-01
4.107814576e+00,0.00000e+00,9.99330e-01,0.00000e+00,8.81482e-01,9.98010e-01,5.11759e-01
4.128353649e+00,0.00000e+00,9.99325e-01,0.00000e+00,8.20294e-01,9.98050e-01,4.91213e-01
4.148995417e+00,0.00000e+00,9.99538e-01,0.00000e+00,7.82650e-01,9.98088e-01,4.81670e-01
4.169740394e+00,0.00000e+00,9.99568e-01,0.00000e+00,6.76728e-01,9.98126e-01,4.83277e-01
4.190589096e+00,0.00000e+00,9.99597e-01,0.00000e+00,6.20183e-01,9.98163e-01,4.91778e-01
4.211542042e+00,0.00000e+00,9.99627e-01,0.00000e+00,4.73197e-01,9.98199e-01,4.94363e-01
4.232599752e+00,0.00000e+00,9.99775e-01,0.00000e+00,4.38479e-01,9.98234e-01,4.80641e-01
4.253762751e+00,0.00000e+00,9.99840e-01,0.00000e+00,3.50301e-01,9.98269e-01,4.39899e-01
4.275031564e+00,0.00000e+00,9.99743e-01,0.00000e+00,2.34922e-01,9.98303e-01,3.71968e-01
4.296406722e+00,0.00000e+00,9.97462e-01,0.00000e+00,1.52522e-01,9.98337e-01,3.51431e-01
4.317888756e+00,0.00000e+00,9.99498e-01,0.00000e+00,1.90586e-01,9.98370e-01,4.05423e-01
4.339478200e+00,0.00000e+00,9.99706e-01,0.00000e+00,1.25012e-01,9.98402e-01,4.93153e-01
4.361175591e+00,0.00000e+00,9.99764e-01,0.00000e+00,9.11773e-02,9.98433e-01,5.54250e-01
4.382981469e+00,0.00000e+00,9.99746e-01,0.00000e+00,9.33754e-02,9.98464e-01,5.87581e-01
4.404896376e+00,0.00000e+00,9.99645e-01,0.00000e+00,8.44621e-02,9.98495e-01,6.07147e-01
4.426920858e+00,0.00000e+00,9.99644e-01,0.00000e+00,4.06203e-02,9.98524e-01,6.24194e-01
4.449055462e+00,0.00000e+00,9.99751e-01,0.00000e+00,8.56163e-02,9.98553e-01,6.44025e-01
4.471300739e+00,0.00000e+00,9.99741e-01,0.00000e+00,4.40288e-02,9.98582e-01,6.68620e-01
4.493657243e+00,0.00000e+00,9.99778e-01,0.00000e+00,8.18557e-02,9.98610e-01,6.98124e-01
4.516125529e+00,0.00000e+00,9.99785e-01,0.00000e+00,2.63947e-02,9.98637e-01,7.30503e-01
4.538706157e+00,0.00000e+00,9.99746e-01,0.00000e+00,6.18780e-02,9.98664e-01,7.65067e-01
4.561399688e+00,0.00000e+00,9.99823e-01,0.00000e+00,5.83662e-02,9.98690e-01,7.99643e-01
4.584206686e+00,0.00000e+00,9.99859e-01,0.00000e+00,9.04945e-02,9.98716e-01,8.32337e-01
4.607127720e+00,0.00000e+00,9.99862e-01,0.00000e+00,5.05925e-02,9.98742e-01,8.62306e-01
4.630163358e+00,0.00000e+00,9.99914e-01,0.00000e+00,7.86315e-03,9.98766e-01,8.88828e-01
4.653314175e+00,0.00000e+00,9.99917e-01,0.00000e+00,6.14156e-03,9.98791e-01,9.10863e-01
4.676580746e+00,0.00000e+00,9.99921e-01,0.00000e+00,8.71954e-04,9.98815e-01,9.28811e-01
4.699963650e+00,0.00000e+00,9.99957e-01,0.00000e+00,4.36903e-03,9.98838e-01,9.43304e-01
4.723463468e+00,0.00000e+00,9.99948e-01,0.00000e+00,6.59454e-04,9.98861e-01,9.54573e-01
4.747080785e+00,0.00000e+00,9.99971e-01,0.00000e+00,7.94865e-03,9.98883e-01,9.62936e-01
4.770816189e+00,0.00000e+00,9.99975e-01,0.00000e+00,1.38090e-03,9.98905e-01,9.69190e-01
4.794670270e+00,0.00000e+00,9.99978e-01,0.00000e+00,9.10498e-05,9.98927e-01,9.73789e-01
4.818643622e+00,0.00000e+00,9.99987e-01,0.00000e+00,8.32376e-05,9.98948e-01,9.77032e-01
4.842736840e+00,0.00000e+00,9.99986e-01,0.00000e+00,4.83887e-06,9.98969e-01,9.78869e-01
4.866950524e+00,0.00000e+00,9.99993e-01,0.00000e+00,3.50002e-04,9.98989e-01,9.79436e-01
4.891285276e+00,0.00000e+00,9.99993e-01,0.00000e+00,8.80754e-06,9.99009e-01,9.78804e-01
4.915741703e+00,0.00000e+00,9.99995e-01,0.00000e+00,3.84946e-05,9.99029e-01,9.77755e-01
4.940320411e+00,0.00000e+00,9.99996e-01,0.00000e+00,4.27374e-06,9.99048e-01,9.75262e-01
4.965022013e+00,0.00000e+00,9.99996e-01,0.00000e+00,8.27249e-08,9.99067e-01,9.72105e-01
4.989847123e+00,0.00000e+00,9.99998e-01,0.00000e+00,1.23605e-06,9.99085e-01,9.68956e-01
5.014796359e+00,0.00000e+00,9.99998e-01,0.00000e+00,1.80589e-08,9.99103e-01,9.64346e-01
5.039870341e+00,0.00000e+00,9.99998e-01,0.00000e+00,4.23711e-08,9.99121e-01,9.58827e-01
5.065069693e+00,0.00000e+00,9.99998e-01,0.00000e+00,6.68322e-08,9.99138e-01,9.50159e-01
5.090395041e+00,0.00000e+00,9.99999e-01,0.00000e+00,3.19668e-11,9.99155e-01,9.41084e-01
5.115847016e+00,0.00000e+00,9.99999e-01,0.00000e+00,9.78402e-12,9.99172e-01,9.29252e-01
5.141426251e+00,0.00000e+00,9.99999e-01,0.00000e+00,5.18053e-15,9.99188e-01,9.13139e-01
5.167133383e+00,0.00000e+00,9.99999e-01,0.00000e+00,5.79927e-17,9.99204e-01,8.97669e-01
5.192969049e+00,0.00000e+00,9.99999e-01,0.00000e+00,7.54982e-17,9.99220e-01,8.80035e-01
5.218933895e+00,0.00000e+00,9.99999e-01,0.00000e+00,2.52360e-26,9.99235e-01,8.57175e-01
5.245028564e+00,0.00000e+00,9.99999e-01,0.00000e+00,5.38673e-20,9.99250e-01,8.28162e-01
5.271253707e+00,0.00000e+00,9.99999e-01,0.00000e+00,4.95664e-21,9.99265e-01,7.90417e-01
5.297609976e+00,0.00000e+00,9.99999e-01,0.00000e+00,4.50628e-25,9.99280e-01,7.47257e-01
5.324098025e+00,0.00000e+00,9.99999e-01,0.00000e+00,1.69281e-25,9.99294e-01,6.98294e-01
5.350718516e+00,0.00000e+00,9.99999e-01,0.00000e+00,4.57213e-31,9.99308e-01,6.35393e-01
5.377472108e+00,0.00000e+00,9.99999e-01,0.00000e+00,2.98960e-32,9.99321e-01,5.80058e-01
5.404359469e+00,0.00000e+00,9.99999e-01,0.00000e+00,3.59442e-32,9.99335e-01,5.21767e-01
5.431381266e+00,0.00000e+00,9.99999e-01,0.00000e+00,4.18977e-59,9.99348e-01,4.73175e-01
5.458538172e+00,0.00000e+00,9.99999e-01,0.00000e+00,3.69480e-59,9.99361e-01,4.15984e-01
5.485830863e+00,0.00000e+00,9.99999e-01,0.00000e+00,3.24958e-63,9.99373e-01,3.49743e-01
5.513260018e+00,0.00000e+00,9.99999e-01,8.51966e-276,9.22828e-67,9.99386e-01,2.90580e-01
5.540826318e+00,2.52673e-251,9.99999e-01,6.89702e-183,4.80010e-70,9.99398e-01,2.32655e-01
5.568530449e+00,3.62818e-246,9.99999e-01,3.29177e-138,1.90919e-109,9.99410e-01,1.74370e-01
5.596373101e+00,3.43412e-205,9.99999e-01,4.73585e-102,1.66293e-104,9.99421e-01,1.30942e-01
5.624354967e+00,1.63561e-183,9.99999e-01,3.96325e-90,2.27968e-94,9.99433e-01,9.54514e-02
5.652476742e+00,3.03125e-178,9.99999e-01,2.12354e-76,6.48029e-103,9.99444e-01,6.66869e-02
5.680739126e+00,1.00190e-186,9.99999e-01,8.37808e-69,1.08768e-118,9.99455e-01,4.42400e-02
5.709142821e+00,1.30473e-194,9.99999e-01,2.80742e-65,2.45080e-129,9.99466e-01,2.82457e-02
5.737688535e+00,9.41693e-193,9.99999e-01,3.42608e-67,2.08700e-125,9.99476e-01,1.60337e-02
5.766376978e+00,4.10978e-154,9.99999e-01,6.48705e-59,2.31340e-95,9.99486e-01,8.22249e-03
5.795208863e+00,2.25517e-130,9.99999e-01,6.33075e-43,4.90832e-87,9.99497e-01,3.74604e-03
5.824184907e+00,3.50493e-138,9.99999e-01,3.66440e-31,6.84748e-106,9.99507e-01,1.59672e-03
5.853305832e+00,4.04997e-137,9.99999e-01,1.36081e-31,3.48728e-104,9.99516e-01,6.83448e-04
5.882572361e+00,4.12064e-166,9.99999e-01,8.56298e-37,4.78883e-128,9.99526e-01,3.04204e-04
5.911985223e+00,7.28136e-157,9.99999e-01,5.95792e-32,5.44457e-123,9.99535e-01,1.31743e-04
5.941545149e+00,1.88287e-145,9.99999e-01,7.70992e-17,1.36520e-126,9.99544e-01,5.40800e-05
5.971252874e+00,1.38392e-122,9.99999e-01,1.36769e-10,3.10895e-109,9.99553e-01,2.31348e-05
6.001109139e+00,2.68743e-86,9.99999e-01,1.47071e-08,1.02038e-73,9.99562e-01,1.00390e-05
6.031114685e+00,3.02648e-94,9.99999e-01,1.96785e-09,4.25076e-81,9.99571e-01,4.40079e-06
6.061270258e+00,1.27829e-96,9.99999e-01,2.10626e-12,1.20802e-80,9.99579e-01,1.73331e-06
6.091576609e+00,2.26035e-90,9.99999e-01,1.83381e-17,2.16270e-68,9.99587e-01,4.62790e-07
6.122034492e+00,9.44392e-71,9.99999e-01,1.72132e-22,2.29502e-43,9.99596e-01,8.00976e-08
6.152644665e+00,8.56578e-81,9.99999e-01,1.06822e-30,4.26240e-44,9.99604e-01,8.67340e-09
6.183407888e+00,3.46938e-72,9.99999e-01,1.79714e-35,1.61684e-29,9.99611e-01,3.89666e-10
6.214324928e+00,1.44562e-67,9.99999e-01,7.46250e-38,4.29923e-20,9.99619e-01,5.12536e-12
6.245396552e+00,4.24027e-55,9.99999e-01,8.58843e-29,5.56573e-14,9.99626e-01,1.33649e-14
6.276623535e+00,6.68234e-57,9.99999e-01,2.48439e-26,1.70246e-14,9.99634e-01,4.77853e-18
6.308006653e+00,1.02273e-61,9.99999e-01,1.89487e-27,2.52688e-14,9.99641e-01,1.57599e-22
6.339546686e+00,1.77973e-92,9.99999e-01,8.19303e-37,2.32305e-30,9.99648e-01,3.02141e-28
6.371244419e+00,6.51872e-139,9.99999e-01,8.84548e-42,3.54957e-65,9.99655e-01,6.25889e-35
6.403100641e+00,1.18604e-162,9.99999e-01,1.71422e-30,5.90895e-92,9.99662e-01,3.98360e-43
6.435116145e+00,3.69167e-267,9.99999e-01,3.72059e-14,2.69116e-202,9.99669e-01,1.10799e-53
6.467291725e+00,4.44514e-280,9.99999e-01,1.35810e-07,1.76155e-203,9.99675e-01,1.10179e-71
6.499628184e+00,9.88131e-324,9.99999e-01,6.76257e-04,2.16767e-232,9.99681e-01,7.72615e-90
6.532126325e+00,4.22315e-316,9.99999e-01,1.26663e-02,3.68405e-205,9.99688e-01,3.93182e-110
6.564786956e+00,0.00000e+00,9.99999e-01,4.50542e-02,1.22170e-246,9.99694e-01,7.92250e-140
6.597610891e+00,0.00000e+00,9.99999e-01,7.81228e-02,0.00000e+00,9.99700e-01,8.88367e-170
6.630598946e+00,0.00000e+00,9.99999e-01,1.08244e-01,1.53665e-218,9.99706e-01,3.14117e-212
6.663751940e+00,0.00000e+00,9.99999e-01,1.08499e-01,1.81972e-203,9.99712e-01,3.78558e-257
6.697070700e+00,0.00000e+00,9.99999e-01,5.99089e-02,8.05569e-161,9.99717e-01,4.95785e-315
6.730556054e+00,0.00000e+00,9.99999e-01,1.95482e-02,4.53322e-110,9.99723e-01,0.00000e+00
6.764208834e+00,0.00000e+00,9.99999e-01,2.67004e-03,4.30202e-110,9.99728e-01,0.00000e+00
6.798029878e+00,0.00000e+00,9.99999e-01,1.34850e-04,4.35357e-135,9.99734e-01,0.00000e+00
6.832020027e+00,0.00000e+00,9.99999e-01,1.56421e-06,4.22368e-135,9.99739e-01,0.00000e+00
6.866180128e+00,0.00000e+00,9.99999e-01,9.54379e-10,2.40368e-155,9.99744e-01,0.00000e+00
6.900511028e+00,0.00000e+00,9.99999e-01,9.60130e-14,8.23676e-89,9.99749e-01,0.00000e+00
6.935013583e+00,0.00000e+00,9.99999e-01,1.11032e-22,1.01518e-88,9.99754e-01,0.00000e+00
6.969688651e+00,0.00000e+00,9.99999e-01,4.49936e-32,1.29618e-111,9.99759e-01,0.00000e+00
7.004537095e+00,0.00000e+00,9.99999e-01,1.15003e-50,4.03191e-110,9.99764e-01,0.00000e+00
7.039559780e+00,0.00000e+00,9.99999e-01,2.48106e-65,1.78732e-119,9.99768e-01,0.00000e+00
7.074757579e+00,0.00000e+00,9.99999e-01,7.07294e-90,7.01408e-94,9.99773e-01,0.00000e+00
7.110131367e+00,0.00000e+00,9.99999e-01,1.16475e-104,4.57521e-93,9.99777e-01,0.00000e+00
7.145682024e+00,0.00000e+00,9.99999e-01,4.68248e-125,2.61331e-104,9.99782e-01,0.00000e+00
7.181410434e+00,0.00000e+00,9.99999e-01,1.90384e-136,1.15238e-132,9.99786e-01,0.00000e+00
7.217317486e+00,0.00000e+00,9.99999e-01,2.66484e-143,6.00437e-98,9.99790e-01,0.00000e+00
7.253404073e+00,0.00000e+00,9.99999e-01,2.18395e-141,5.02734e-98,9.99794e-01,0.00000e+00
7.289671094e+00,0.00000e+00,9.99999e-01,3.97464e-112,7.54999e-86,9.99798e-01,0.00000e+00
7.326119449e+00,0.00000e+00,9.99999e-01,7.39523e-106,1.28899e-85,9.99802e-01,0.00000e+00
7.362750046e+00,0.00000e+00,9.99999e-01,4.17400e-115,1.76565e-62,9.99806e-01,0.00000e+00
7.399563797e+00,0.00000e+00,9.99999e-01,3.08973e-114,3.72652e-51,9.99810e-01,0.00000e+00
7.436561616e+00,0.00000e+00,9.99999e-01,3.62226e-95,1.05417e-55,9.99814e-01,0.00000e+00
7.473744424e+00,0.00000e+00,9.99999e-01,1.14624e-62,1.73141e-52,9.99817e-01,0.00000e+00
7.511113146e+00,0.00000e+00,9.99999e-01,4.66491e-44,2.10715e-45,9.99821e-01,0.00000e+00
7.548668712e+00,0.00000e+00,9.99999e-01,6.36485e-27,1.51316e-47,9.99824e-01,0.00000e+00
7.586412055e+00,0.00000e+00,9.99999e-01,1.34174e-22,1.70803e-85,9.99828e-01,0.00000e+00
7.624344115e+00,0.00000e+00,9.99999e-01,4.49230e-22,3.50814e-42,9.99831e-01,0.00000e+00
7.662465836e+00,0.00000e+00,9.99999e-01,2.71998e-25,3.77311e-26,9.99835e-01,0.00000e+00
7.700778165e+00,0.00000e+00,9.99999e-01,7.93232e-34,1.96912e-26,9.99838e-01,0.00000e+00
7.739282056e+00,0.00000e+00,9.99999e-01,7.80851e-56,5.03439e-43,9.99841e-01,0.00000e+00
7.777978466e+00,0.00000e+00,9.99999e-01,1.17293e-74,1.35813e-29,9.99844e-01,0.00000e+00
7.816868359e+00,0.00000e+00,9.99999e-01,8.42137e-101,2.41664e-24,9.99847e-01,0.00000e+00
7.855952700e+00,0.00000e+00,9.99999e-01,4.24379e-103,8.69727e-25,9.99850e-01,0.00000e+00
7.895232464e+00,0.00000e+00,9.99999e-01,1.06868e-86,1.10875e-24,9.99853e-01,0.00000e+00
7.934708626e+00,0.00000e+00,9.99999e-01,5.84192e-80,2.94377e-15,9.99856e-01,0.00000e+00
7.974382169e+00,0.00000e+00,9.99999e-01,7.36257e-88,1.94947e-11,9.99859e-01,0.00000e+00
8.014254080e+00,0.00000e+00,9.99999e-01,4.40756e-106,4.13811e-12,9.99862e-01,0.00000e+00
8.054325351e+00,0.00000e+00,9.99999e-01,1.30778e-108,1.53158e-11,9.99864e-01,0.00000e+00
8.094596977e+00,0.00000e+00,9.99999e-01,6.88671e-104,3.30527e-09,9.99867e-01,0.00000e+00
8.135069962e+00,0.00000e+00,9.99999e-01,4.67624e-94,5.15333e-09,9.99870e-01,0.00000e+00
8.175745312e+00,0.00000e+00,9.99999e-01,6.72953e-78,7.87988e-10,9.99872e-01,0.00000e+00
8.216624039e+00,0.00000e+00,9.99999e-01,2.19946e-67,1.30210e-07,9.99875e-01,0.00000e+00
8.257707159e+00,0.00000e+00,9.99999e-01,2.29917e-53,8.31797e-06,9.99877e-01,7.93208e-280
8.298995695e+00,1.78521e-265,9.99999e-01,2.09337e-48,1.24098e-04,9.99880e-01,3.45271e-214
8.340490673e+00,4.96502e-210,9.99999e-01,8.68388e-45,1.47789e-05,9.99882e-01,5.27122e-162
8.382193126e+00,2.90973e-166,9.99999e-01,1.28817e-41,4.46550e-04,9.99884e-01,2.32025e-122
8.424104092e+00,1.33959e-128,9.99999e-01,1.78022e-33,9.28014e-05,9.99886e-01,7.46257e-93
8.466224613e+00,1.80655e-99,9.99999e-01,3.02300e-26,2.86464e-04,9.99889e-01,1.10991e-70
8.508555736e+00,6.44683e-68,9.99999e-01,1.76499e-15,1.52033e-04,9.99891e-01,8.84239e-51
8.551098514e+00,2.49115e-50,9.99999e-01,2.38572e-11,6.74872e-03,9.99893e-01,6.86126e-38
8.593854007e+00,2.66509e-41,9.99999e-01,6.56513e-11,4.07796e-02,9.99895e-01,7.01906e-30
8.636823277e+00,4.21869e-36,9.99999e-01,1.02609e-12,5.53216e-02,9.99897e-01,5.91971e-23
8.680007393e+00,6.38428e-33,9.99999e-01,1.86158e-14,9.87710e-03,9.99899e-01,1.34138e-17
8.723407430e+00,4.30236e-30,9.99999e-01,1.67211e-15,2.39873e-02,9.99901e-01,9.01349e-14
8.767024467e+00,2.10662e-29,9.99999e-01,1.07316e-17,1.26310e-02,9.99903e-01,8.22024e-11
8.810859590e+00,2.86076e-66,9.99999e-01,1.05313e-57,1.95766e-02,9.99905e-01,2.56013e-08
8.854913888e+00,2.51256e-205,9.99999e-01,8.73385e-199,1.57754e-01,9.99907e-01,1.45383e-06
8.899188457e+00,0.00000e+00,9.99999e-01,0.00000e+00,1.23099e-01,9.99909e-01,3.20705e-05
8.943684399e+00,0.00000e+00,9.99999e-01,0.00000e+00,6.33592e-02,9.99910e-01,4.24596e-04
8.988402821e+00,0.00000e+00,9.99999e-01,0.00000e+00,5.25024e-02,9.99912e-01,2.58703e-03
9.033344836e+00,0.00000e+00,9.99999e-01,0.00000e+00,2.98508e-02,9.99914e-01,1.02563e-02
9.078511560e+00,0.00000e+00,9.99999e-01,0.00000e+00,6.77054e-02,9.99916e-01,2.98076e-02
9.123904118e+00,0.00000e+00,9.99999e-01,0.00000e+00,1.48922e-01,9.99917e-01,6.72345e-02
9.169523638e+00,0.00000e+00,9.99999e-01,0.00000e+00,1.00693e-01,9.99919e-01,1.26169e-01
9.215371256e+00,0.00000e+00,9.99999e-01,0.00000e+00,2.86154e-01,9.99920e-01,1.96373e-01
9.261448113e+00,0.00000e+00,9.99999e-01,0.00000e+00,2.56418e-01,9.99922e-01,2.86256e-01
9.307755353e+00,0.00000e+00,9.99999e-01,0.00000e+00,1.37095e-01,9.99923e-01,3.83209e-01
9.354294130e+00,0.00000e+00,9.99999e-01,0.00000e+00,9.63880e-02,9.99925e-01,4.78488e-01
9.401065601e+00,0.00000e+00,9.99999e-01,0.00000e+00,2.44528e-02,9.99926e-01,5.68178e-01
9.448070929e+00,0.00000e+00,9.99999e-01,0.00000e+00,5.99207e-02,9.99928e-01,6.41053e-01
9.495311283e+00,0.00000e+00,9.99999e-01,0.00000e+00,2.18534e-01,9.99929e-01,7.04877e-01
9.542787840e+00,0.00000e+00,9.99999e-01,0.00000e+00,3.37355e-01,9.99931e-01,7.64291e-01
9.590501779e+00,0.00000e+00,9.99999e-01,0.00000e+00,1.85657e-01,9.99932e-01,8.13647e-01
9.638454288e+00,0.00000e+00,9.99999e-01,0.00000e+00,1.75873e-01,9.99933e-01,8.50208e-01
9.686646559e+00,0.00000e+00,9.99999e-01,0.00000e+00,1.99403e-01,9.99935e-01,8.80110e-01
9.735079792e+00,0.00000e+00,9.99999e-01,0.00000e+00,2.97691e-01,9.99936e-01,9.04340e-01
9.783755191e+00,0.00000e+00,9.99999e-01,0.00000e+00,2.29416e-01,9.99937e-01,9.23850e-01
9.832673967e+00,0.00000e+00,9.99999e-01,0.00000e+00,4.16818e-02,9.99938e-01,9.39484e-01
9.881837337e+00,0.00000e+00,9.99999e-01,0.00000e+00,5.97946e-03,9.99940e-01,9.51945e-01
9.931246523e+00,0.00000e+00,9.99999e-01,0.00000e+00,1.14246e-01,9.99941e-01,9.61864e-01
9.980902756e+00,0.00000e+00,9.99999e-01,0.00000e+00,2.36225e-01,9.99942e-01,9.99288e-01
1.003080727e+01,0.00000e+00,9.99999e-01,0.00000e+00,2.37090e-01,9.99943e-01,9.99254e-01
1.008096131e+01,0.00000e+00,9.99999e-01,0.00000e+00,2.86515e-01,9.99944e-01,9.99219e-01
1.013136611e+01,0.00000e+00,9.99999e-01,0.00000e+00,3.83468e-01,9.99945e-01,9.99181e-01
1.018202294e+01,0.00000e+00,9.99999e-01,0.00000e+00,4.25618e-01,9.99946e-01,9.99142e-01
1.023293306e+01,0.00000e+00,9.99999e-01,0.00000e+00,2.29651e-01,9.99947e-01,9.99099e-01
1.028409772e+01,0.00000e+00,9.99999e-01,0.00000e+00,7.11537e-02,9.99948e-01,9.99054e-01
1.033551821e+01,0.00000e+00,9.99999e-01,0.00000e+00,5.41437e-02,9.99949e-01,9.99006e-01
1.038719580e+01,0.00000e+00,9.99999e-01,0.00000e+00,1.23642e-02,9.99950e-01,9.98956e-01
1.043913178e+01,0.00000e+00,9.99999e-01,0.00000e+00,1.32695e-02,9.99951e-01,9.98902e-01
1.049132744e+01,0.00000e+00,9.99999e-01,0.00000e+00,7.34852e-02,9.99952e-01,9.98844e-01
1.054378408e+01,0.00000e+00,9.99999e-01,0.00000e+00,1.33748e-01,9.99953e-01,9.98784e-01
1.059650300e+01,0.00000e+00,9.99999e-01,0.00000e+00,1.19269e-01,9.99954e-01,9.98721e-01
1.064948551e+01,0.00000e+00,9.99999e-01,0.00000e+00,9.65069e-02,9.99955e-01,9.98655e-01
1.070273294e+01,0.00000e+00,9.99999e-01,0.00000e+00,3.79331e-02,9.99956e-01,9.98583e-01
1.075624661e+01,0.00000e+00,9.99999e-01,0.00000e+00,4.35715e-02,9.99957e-01,9.98510e-01
1.081002784e+01,0.00000e+00,9.99999e-01,0.00000e+00,4.88676e-02,9.99957e-01,9.98433e-01
1.086407798e+01,0.00000e+00,9.99999e-01,0.00000e+00,6.80804e-03,9.99958e-01,9.98356e-01
1.091839837e+01,0.00000e+00,9.99999e-01,0.00000e+00,9.94772e-04,9.99959e-01,9.98267e-01
1.097299036e+01,0.00000e+00,9.99999e-01,0.00000e+00,1.68014e-05,9.99960e-01,9.98178e-01
1.102785531e+01,0.00000e+00,9.99999e-01,0.00000e+00,4.69384e-06,9.99961e-01,9.98081e-01
1.108299459e+01,0.00000e+00,9.99999e-01,0.00000e+00,3.13056e-03,9.99961e-01,9.97982e-01
1.113840956e+01,0.00000e+00,9.99999e-01,0.00000e+00,3.42021e-02,9.99962e-01,9.97878e-01
1.119410161e+01,0.00000e+00,9.99999e-01,0.00000e+00,7.00321e-02,9.99963e-01,9.97769e-01
1.125007212e+01,0.00000e+00,9.99999e-01,0.00000e+00,2.66605e-02,9.99964e-01,9.97654e-01
1.130632248e+01,0.00000e+00,9.99999e-01,0.00000e+00,1.88446e-02,9.99964e-01,9.97529e-01
1.136285409e+01,0.00000e+00,9.99999e-01,0.00000e+00,4.78852e-02,9.99965e-01,9.97402e-01
1.141966836e+01,0.00000e+00,9.99999e-01,0.00000e+00,6.24216e-02,9.99966e-01,9.97269e-01
1.147676670e+01,0.00000e+00,9.99999e-01,0.00000e+00,3.39764e-02,9.99966e-01,9.97135e-01
1.153415054e+01,0.00000e+00,9.99999e-01,0.00000e+00,4.49627e-03,9.99967e-01,9.96990e-01
1.159182129e+01,0.00000e+00,9.99999e-01,0.00000e+00,6.10868e-04,9.99968e-01,9.96841e-01
1.164978039e+01,0.00000e+00,9.99999e-01,0.00000e+00,1.32712e-05,9.99968e-01,9.96684e-01
1.170802930e+01,0.00000e+00,9.99999e-01,0.00000e+00,7.43459e-07,9.99969e-01,9.96517e-01
1.176656944e+01,0.00000e+00,9.99999e-01,0.00000e+00,1.52719e-04,9.99969e-01,9.96347e-01
1.182540229e+01,0.00000e+00,9.99999e-01,0.00000e+00,2.77230e-03,9.99970e-01,9.96154e-01
1.188452930e+01,0.00000e+00,9.99999e-01,0.00000e+00,2.99254e-03,9.99971e-01,9.95960e-01
1.194395195e+01,0.00000e+00,9.99999e-01,0.00000e+00,6.21770e-03,9.99971e-01,9.95742e-01
1.200367171e+01,0.00000e+00,9.99999e-01,0.00000e+00,1.77935e-02,9.99972e-01,9.95515e-01
1.206369007e+01,0.00000e+00,9.99999e-01,0.00000e+00,4.50156e-03,9.99972e-01,9.95279e-01
1.212400852e+01,0.00000e+00,9.99999e-01,0.00000e+00,1.63041e-02,9.99973e-01,9.95025e-01
1.218462856e+01,0.00000e+00,9.99999e-01,0.00000e+00,1.55585e-02,9.99973e-01,9.94769e-01
1.224555170e+01,0.00000e+00,9.99999e-01,0.00000e+00,5.92176e-04,9.99974e-01,9.94511e-01
1.230677946e+01,0.00000e+00,9.99999e-01,0.00000e+00,3.18371e-05,9.99974e-01,9.94251e-01
1.236831336e+01,0.00000e+00,9.99999e-01,0.00000e+00,9.58602e-07,9.99975e-01,9.93980e-01
1.243015492e+01,0.00000e+00,9.99999e-01,0.00000e+00,2.96704e-10,9.99975e-01,9.93694e-01
1.249230570e+01,0.00000e+00,9.99999e-01,0.00000e+00,1.00944e-09,9.99976e-01,9.93407e-01
1.255476723e+01,0.00000e+00,9.99999e-01,0.00000e+00,1.51092e-08,9.99976e-01,9.93098e-01
1.261754106e+01,0.00000e+00,9.99999e-01,0.00000e+00,8.11691e-05,9.99977e-01,9.92787e-01
1.268062877e+01,0.00000e+00,9.99999e-01,0.00000e+00,8.11444e-04,9.99977e-01,9.92453e-01
1.274403191e+01,0.00000e+00,9.99999e-01,0.00000e+00,4.07778e-04,9.99978e-01,9.92091e-01
1.280775207e+01,0.00000e+00,9.99999e-01,0.00000e+00,1.93715e-03,9.99978e-01,9.91727e-01
1.287179083e+01,0.00000e+00,9.99999e-01,0.00000e+00,2.84757e-04,9.99978e-01,9.91330e-01
1.293614979e+01,0.00000e+00,9.99999e-01,0.00000e+00,6.58326e-04,9.99979e-01,9.90927e-01
1.300083054e+01,0.00000e+00,9.99999e-01,0.00000e+00,1.62260e-05,9.99979e-01,9.90516e-01
1.306583469e+01,0.00000e+00,9.99999e-01,0.00000e+00,5.77272e-06,9.99980e-01,9.90089e-01
1.313116386e+01,0.00000e+00,9.99999e-01,0.00000e+00,2.84452e-06,9.99980e-01,9.89660e-01
1.319681968e+01,0.00000e+00,9.99999e-01,0.00000e+00,9.84229e-07,9.99980e-01,9.89196e-01
1.326280378e+01,0.00000e+00,9.99999e-01,0.00000e+00,2.98559e-10,9.99981e-01,9.88713e-01
1.332911780e+01,0.00000e+00,9.99999e-01,0.00000e+00,1.51088e-10,9.99981e-01,9.88227e-01
1.339576339e+01,0.00000e+00,9.99999e-01,0.00000e+00,3.94007e-11,9.99981e-01,9.77962e-01
1.346274221e+01,0.00000e+00,9.99999e-01,0.00000e+00,2.98063e-16,9.99982e-01,9.76395e-01
1.353005592e+01,0.00000e+00,9.99999e-01,0.00000e+00,7.97464e-09,9.99982e-01,9.74686e-01
1.359770620e+01,0.00000e+00,9.99999e-01,0.00000e+00,4.89042e-08,9.99982e-01,9.72938e-01
1.366569473e+01,0.00000e+00,9.99999e-01,0.00000e+00,3.99482e-08,9.99983e-01,9.71093e-01
1.373402320e+01,0.00000e+00,9.99999e-01,0.00000e+00,4.77721e-06,9.99983e-01,9.69134e-01
1.380269332e+01,0.00000e+00,9.99999e-01,0.00000e+00,1.39152e-05,9.99983e-01,9.67051e-01
1.387170678e+01,0.00000e+00,9.99999e-01,0.00000e+00,3.44943e-07,9.99984e-01,9.64632e-01
1.394106532e+01,0.00000e+00,9.99999e-01,0.00000e+00,3.14450e-08,9.99984e-01,9.62289e-01
1.401077064e+01,0.00000e+00,9.99999e-01,0.00000e+00,8.61615e-10,9.99984e-01,9.59798e-01
1.408082450e+01,0.00000e+00,9.99999e-01,0.00000e+00,8.69730e-10,9.99985e-01,9.57161e-01
1.415122862e+01,0.00000e+00,9.99999e-01,0.00000e+00,8.14217e-14,9.99985e-01,9.54306e-01
1.422198476e+01,0.00000e+00,9.99999e-01,0.00000e+00,2.02774e-18,9.99985e-01,9.51286e-01
1.429309469e+01,0.00000e+00,9.99999e-01,0.00000e+00,1.29370e-17,9.99985e-01,9.48036e-01
1.436456016e+01,0.00000e+00,9.99999e-01,0.00000e+00,7.28976e-22,9.99986e-01,9.44482e-01
1.443638296e+01,0.00000e+00,9.99999e-01,0.00000e+00,5.42203e-25,9.99986e-01,9.40695e-01
1.450856487e+01,0.00000e+00,9.99999e-01,0.00000e+00,2.90342e-17,9.99986e-01,9.36649e-01
1.458110770e+01,0.00000e+00,9.99999e-01,0.00000e+00,1.66343e-12,9.99986e-01,9.32283e-01
1.465401324e+01,0.00000e+00,9.99999e-01,0.00000e+00,3.01623e-11,9.99987e-01,9.27646e-01
1.472728330e+01,0.00000e+00,9.99999e-01,0.00000e+00,3.99227e-11,9.99987e-01,9.23248e-01
1.480091972e+01,0.00000e+00,9.99999e-01,0.00000e+00,1.20017e-12,9.99987e-01,9.17929e-01
1.487492432e+01,0.00000e+00,9.99999e-01,0.00000e+00,6.48080e-21,9.99987e-01,9.12277e-01
1.494929894e+01,0.00000e+00,9.99999e-01,0.00000e+00,1.00893e-16,9.99988e-01,9.06915e-01
1.502404544e+01,0.00000e+00,9.99999e-01,0.00000e+00,6.51427e-14,9.99988e-01,9.00366e-01
1.509916566e+01,0.00000e+00,9.99999e-01,0.00000e+00,2.47692e-13,9.99988e-01,8.93413e-01
1.517466149e+01,0.00000e+00,9.99999e-01,0.00000e+00,1.01474e-14,9.99988e-01,8.86870e-01
1.525053480e+01,0.00000e+00,9.99999e-01,0.00000e+00,3.34815e-13,9.99989e-01,8.78911e-01
1.532678747e+01,0.00000e+00,9.99999e-01,0.00000e+00,1.01051e-15,9.99989e-01,8.70476e-01
1.540342141e+01,0.00000e+00,9.99999e-01,0.00000e+00,1.54033e-19,9.99989e-01,8.55170e-01
1.548043852e+01,0.00000e+00,9.99999e-01,0.00000e+00,9.82330e-22,9.99989e-01,8.46317e-01
1.555784071e+01,0.00000e+00,9.99999e-01,0.00000e+00,1.97986e-27,9.99989e-01,8.36006e-01
1.563562991e+01,0.00000e+00,9.99999e-01,0.00000e+00,2.29855e-40,9.99990e-01,8.25073e-01
1.571380806e+01,0.00000e+00,9.99999e-01,0.00000e+00,6.17812e-41,9.99990e-01,8.14853e-01
1.579237710e+01,0.00000e+00,9.99999e-01,0.00000e+00,7.74788e-30,9.99990e-01,8.04101e-01
1.587133899e+01,0.00000e+00,9.99999e-01,0.00000e+00,9.40054e-26,9.99990e-01,7.92800e-01
1.595069568e+01,0.00000e+00,9.99999e-01,0.00000e+00,2.58690e-28,9.99990e-01,7.80601e-01
1.603044916e+01,0.00000e+00,9.99999e-01,0.00000e+00,1.33259e-38,9.99990e-01,7.67825e-01
1.611060141e+01,0.00000e+00,9.99999e-01,0.00000e+00,1.89214e-37,9.99991e-01,7.52474e-01
1.619115441e+01,0.00000e+00,9.99999e-01,0.00000e+00,3.44414e-36,9.99991e-01,7.36254e-01
1.627211019e+01,0.00000e+00,9.99999e-01,0.00000e+00,1.03281e-40,9.99991e-01,7.21335e-01
1.635347074e+01,0.00000e+00,9.99999e-01,0.00000e+00,3.32731e-37,9.99991e-01,7.05765e-01
1.643523809e+01,0.00000e+00,9.99999e-01,0.00000e+00,6.25622e-38,9.99991e-01,6.89472e-01
1.651741428e+01,0.00000e+00,9.99999e-01,0.00000e+00,2.14312e-40,9.99991e-01,6.72457e-01
1.660000135e+01,0.00000e+00,9.99999e-01,0.00000e+00,7.47546e-51,9.99992e-01,6.54834e-01
1.668300136e+01,0.00000e+00,9.99999e-01,0.00000e+00,4.32840e-52,9.99992e-01,6.36469e-01
1.676641637e+01,0.00000e+00,9.99999e-01,0.00000e+00,4.37138e-46,9.99992e-01,6.17489e-01
1.685024845e+01,0.00000e+00,9.99999e-01,0.00000e+00,1.84219e-47,9.99992e-01,5.97818e-01
1.693449969e+01,0.00000e+00,9.99999e-01,0.00000e+00,1.01379e-58,9.99992e-01,5.77499e-01
1.701917219e+01,0.00000e+00,9.99999e-01,0.00000e+00,5.55534e-63,9.99992e-01,5.56440e-01
1.710426805e+01,0.00000e+00,9.99999e-01,0.00000e+00,9.57916e-81,9.99992e-01,5.34762e-01
1.718978939e+01,0.00000e+00,9.99999e-01,0.00000e+00,4.09806e-88,9.99993e-01,5.15992e-01
1.727573834e+01,0.00000e+00,9.99999e-01,0.00000e+00,2.82119e-90,9.99993e-01,4.96696e-01
1.736211703e+01,0.00000e+00,9.99999e-01,0.00000e+00,1.40388e-96,9.99993e-01,4.73359e-01
1.744892761e+01,0.00000e+00,9.99999e-01,0.00000e+00,4.77665e-83,9.99993e-01,4.49557e-01
1.753617225e+01,0.00000e+00,9.99999e-01,0.00000e+00,1.73441e-66,9.99993e-01,4.25447e-01
1.762385311e+01,0.00000e+00,9.99999e-01,0.00000e+00,2.68546e-65,9.99993e-01,4.01059e-01
1.771197238e+01,0.00000e+00,9.99999e-01,0.00000e+00,1.19710e-69,9.99993e-01,3.76486e-01
1.780053224e+01,0.00000e+00,9.99999e-01,0.00000e+00,1.56535e-75,9.99993e-01,3.55741e-01
1.788953490e+01,0.00000e+00,9.99999e-01,0.00000e+00,8.58239e-82,9.99993e-01,3.34863e-01
1.797898258e+01,0.00000e+00,9.99999e-01,0.00000e+00,1.83151e-93,9.99994e-01,3.10075e-01
1.806887749e+01,0.00000e+00,9.99999e-01,0.00000e+00,2.40549e-95,9.99994e-01,2.85584e-01
1.815922188e+01,0.00000e+00,9.99999e-01,0.00000e+00,7.96442e-107,9.99994e-01,2.65278e-01
1.825001799e+01,0.00000e+00,9.99999e-01,0.00000e+00,7.56242e-100,9.99994e-01,2.45314e-01
1.834126808e+01,0.00000e+00,9.99999e-01,0.00000e+00,8.31675e-92,9.99994e-01,2.22238e-01
1.843297442e+01,0.00000e+00,9.99999e-01,0.00000e+00,1.59025e-92,9.99994e-01,1.99935e-01
1.852513929e+01,0.00000e+00,9.99999e-01,0.00000e+00,9.71863e-103,9.99994e-01,1.81880e-01
1.861776499e+01,0.00000e+00,9.99999e-01,0.00000e+00,8.89992e-151,9.99994e-01,1.64458e-01
1.871085381e+01,0.00000e+00,9.99999e-01,0.00000e+00,3.52038e-118,9.99994e-01,1.44794e-01
1.880440808e+01,0.00000e+00,9.99999e-01,0.00000e+00,9.63524e-101,9.99994e-01,1.29222e-01
1.889843012e+01,0.00000e+00,9.99999e-01,0.00000e+00,2.14153e-101,9.99995e-01,1.14507e-01
1.899292227e+01,0.00000e+00,9.99999e-01,0.00000e+00,1.95805e-141,9.99995e-01,1.00801e-01
1.908788688e+01,0.00000e+00,9.99999e-01,0.00000e+00,2.33349e-135,9.99995e-01,8.80210e-02
1.918332632e+01,0.00000e+00,9.99999e-01,0.00000e+00,5.96737e-136,9.99995e-01,7.41155e-02
1.927924295e+01,0.00000e+00,9.99999e-01,0.00000e+00,7.56765e-168,9.99995e-01,6.35566e-02
1.937563916e+01,0.00000e+00,9.99999e-01,0.00000e+00,3.92116e-261,9.99995e-01,5.39497e-02
1.947251736e+01,0.00000e+00,9.99999e-01,0.00000e+00,3.39618e-266,9.99995e-01,4.53875e-02
1.956987994e+01,0.00000e+00,9.99999e-01,0.00000e+00,8.85568e-255,9.99995e-01,3.77725e-02
1.966772934e+01,0.00000e+00,9.99999e-01,0.00000e+00,2.00842e-209,9.99995e-01,2.98835e-02
1.976606799e+01,0.00000e+00,9.99999e-01,0.00000e+00,1.31409e-205,9.99995e-01,2.42497e-02
1.986489833e+01,0.00000e+00,9.99999e-01,0.00000e+00,1.02834e-218,9.99995e-01,1.94216e-02
1.996422282e+01,0.00000e+00,9.99999e-01,0.00000e+00,2.31142e-204,9.99995e-01,1.53719e-02
