#,Wave/freq,Total,N2,CO2,H2O,Rayleigh,CIA
4.000000000e-01,2.80369e-06,9.99999e-01,9.99999e-01,9.99974e-01,2.80376e-06,9.99999e-01
4.020000000e-01,3.61009e-06,9.99999e-01,9.99999e-01,9.99984e-01,3.61015e-06,9.99999e-01
4.040100000e-01,4.62407e-06,9.99999e-01,9.99999e-01,9.99993e-01,4.62410e-06,9.99999e-01
4.060300500e-01,5.89394e-06,9.99999e-01,9.99999e-01,9.99998e-01,5.89395e-06,9.99999e-01
4.080602003e-01,7.47659e-06,9.99999e-01,9.99999e-01,9.99999e-01,7.47659e-06,9.99999e-01
4.101005013e-01,9.43976e-06,9.99999e-01,9.99999e-01,9.99999e-01,9.43976e-06,9.99999e-01
4.121510038e-01,1.18636e-05,9.99999e-01,9.99999e-01,9.99998e-01,1.18636e-05,9.99999e-01
4.142117588e-01,1.48426e-05,9.99999e-01,9.99999e-01,9.99992e-01,1.48427e-05,9.99999e-01
4.162828176e-01,1.84874e-05,9.99999e-01,9.99999e-01,9.99969e-01,1.84879e-05,9.99999e-01
4.183642317e-01,2.29283e-05,9.99999e-01,9.99999e-01,9.99981e-01,2.29287e-05,9.99999e-01
4.204560528e-01,2.83151e-05,9.99999e-01,9.99999e-01,9.99988e-01,2.83154e-05,9.99999e-01
4.225583331e-01,3.48221e-05,9.99999e-01,9.99999e-01,9.99995e-01,3.48223e-05,9.99999e-01
4.246711247e-01,4.26496e-05,9.99999e-01,9.99999e-01,9.99996e-01,4.26498e-05,9.99999e-01
4.267944804e-01,5.20277e-05,9.99999e-01,9.99999e-01,9.99994e-01,5.20279e-05,9.99999e-01
4.289284528e-01,6.32193e-05,9.99999e-01,9.99999e-01,9.99995e-01,6.32196e-05,9.99999e-01
4.310730950e-01,7.65234e-05,9.99999e-01,9.99999e-01,9.99997e-01,7.65235e-05,9.99999e-01
4.332284605e-01,9.22784e-05,9.99999e-01,9.99999e-01,9.99999e-01,9.22784e-05,9.99999e-01
4.353946028e-01,1.10866e-04,9.99999e-01,9.99999e-01,9.99999e-01,1.10866e-04,9.99999e-01
4.375715758e-01,1.32716e-04,9.99999e-01,9.99999e-01,9.99996e-01,1.32716e-04,9.99999e-01
4.397594337e-01,1.58305e-04,9.99999e-01,9.99999e-01,9.99972e-01,1.58309e-04,9.99999e-01
4.419582309e-01,1.88155e-04,9.99999e-01,9.99999e-01,9.99863e-01,1.88181e-04,9.99999e-01
4.441680220e-01,2.22903e-04,9.99999e-01,9.99999e-01,9.99893e-01,2.22927e-04,9.99999e-01
4.463888621e-01,2.63176e-04,9.99999e-01,9.99999e-01,9.99889e-01,2.63205e-04,9.99999e-01
4.486208064e-01,3.09723e-04,9.99999e-01,9.99999e-01,9.99930e-01,3.09744e-04,9.99999e-01
4.508639105e-01,3.63329e-04,9.99999e-01,9.99999e-01,9.99967e-01,3.63341e-04,9.99999e-01
4.531182300e-01,4.24865e-04,9.99999e-01,9.99999e-01,9.99986e-01,4.24870e-04,9.99999e-01
4.553838212e-01,4.95283e-04,9.99999e-01,9.99999e-01,9.99990e-01,4.95287e-04,9.99999e-01
4.576607403e-01,5.75625e-04,9.99999e-01,9.99999e-01,9.99995e-01,5.75627e-04,9.99999e-01
4.599490440e-01,6.67015e-04,9.99999e-01,9.99999e-01,9.99996e-01,6.67017e-04,9.99999e-01
4.622487892e-01,7.70669e-04,9.99999e-01,9.99999e-01,9.99999e-01,7.70669e-04,9.99999e-01
4.645600332e-01,8.87890e-04,9.99999e-01,9.99999e-01,9.99997e-01,8.87892e-04,9.99999e-01
4.668828333e-01,1.02005e-03,9.99999e-01,9.99999e-01,9.99967e-01,1.02009e-03,9.99999e-01
4.692172475e-01,1.16868e-03,9.99999e-01,9.99999e-01,9.99930e-01,1.16876e-03,9.99999e-01
4.715633337e-01,1.33544e-03,9.99999e-01,9.99999e-01,9.99954e-01,1.33550e-03,9.99999e-01
4.739211504e-01,1.52195e-03,9.99999e-01,9.99999e-01,9.99956e-01,1.52202e-03,9.99999e-01
4.762907561e-01,1.73007e-03,9.99999e-01,9.99999e-01,9.99977e-01,1.73011e-03,9.99999e-01
4.786722099e-01,1.96166e-03,9.99999e-01,9.99999e-01,9.99990e-01,1.96168e-03,9.99999e-01
4.810655710e-01,2.21873e-03,9.99999e-01,9.99999e-01,9.99996e-01,2.21874e-03,9.99999e-01
4.834708988e-01,2.50331e-03,9.99999e-01,9.99999e-01,9.99973e-01,2.50338e-03,9.99999e-01
4.858882533e-01,2.81768e-03,9.99999e-01,9.99999e-01,9.99950e-01,2.81781e-03,9.99999e-01
4.883176946e-01,3.16421e-03,9.99999e-01,9.99999e-01,9.99958e-01,3.16434e-03,9.99999e-01
4.907592831e-01,3.54521e-03,9.99999e-01,9.99999e-01,9.99962e-01,3.54535e-03,9.99999e-01
4.932130795e-01,3.96321e-03,9.99999e-01,9.99999e-01,9.99973e-01,3.96332e-03,9.99999e-01
4.956791449e-01,4.42076e-03,9.99999e-01,9.99999e-01,9.99985e-01,4.42082e-03,9.99999e-01
4.981575406e-01,4.92017e-03,9.99999e-01,9.99999e-01,9.99929e-01,4.92051e-03,9.99999e-01
5.006483283e-01,5.46412e-03,9.99999e-01,9.99999e-01,9.99819e-01,5.46511e-03,9.99998e-01
5.031515699e-01,6.05181e-03,9.99999e-01,9.99999e-01,9.99085e-01,6.05741e-03,9.99989e-01
5.056673278e-01,6.69696e-03,9.99999e-01,9.99999e-01,9.99516e-01,6.70027e-03,9.99988e-01
5.081956644e-01,7.39205e-03,9.99999e-01,9.99999e-01,9.99390e-01,7.39660e-03,9.99992e-01
5.107366428e-01,8.14601e-03,9.99999e-01,9.99999e-01,9.99588e-01,8.14937e-03,9.99998e-01
5.132903260e-01,8.95947e-03,9.99999e-01,9.99999e-01,9.99764e-01,8.96158e-03,9.99999e-01
5.158567776e-01,9.83529e-03,9.99999e-01,9.99999e-01,9.99900e-01,9.83626e-03,9.99999e-01
5.184360615e-01,1.07760e-02,9.99999e-01,9.99999e-01,9.99959e-01,1.07765e-02,9.99999e-01
5.210282418e-01,1.17851e-02,9.99999e-01,9.99999e-01,9.99984e-01,1.17853e-02,9.99999e-01
5.236333830e-01,1.28650e-02,9.99999e-01,9.99999e-01,9.99939e-01,1.28658e-02,9.99999e-01
5.262515499e-01,1.40205e-02,9.99999e-01,9.99999e-01,9.99962e-01,1.40210e-02,9.99998e-01
5.288828077e-01,1.52535e-02,9.99999e-01,9.99999e-01,9.99965e-01,1.52540e-02,9.99999e-01
5.315272217e-01,1.65674e-02,9.99999e-01,9.99999e-01,9.99969e-01,1.65679e-02,9.99999e-01
5.341848578e-01,1.79652e-02,9.99999e-01,9.99999e-01,9.99979e-01,1.79656e-02,9.99999e-01
5.368557821e-01,1.94487e-02,9.99999e-01,9.99999e-01,9.99930e-01,1.94500e-02,9.99999e-01
5.395400610e-01,2.10188e-02,9.99999e-01,9.99999e-01,9.99749e-01,2.10242e-02,9.99997e-01
5.422377613e-01,2.26833e-02,9.99999e-01,9.99999e-01,9.99675e-01,2.26908e-02,9.99993e-01
5.449489501e-01,2.44451e-02,9.99999e-01,9.99999e-01,9.99698e-01,2.44526e-02,9.99993e-01
5.476736949e-01,2.63053e-02,9.99999e-01,9.99999e-01,9.99732e-01,2.63123e-02,9.99996e-01
5.504120634e-01,2.82671e-02,9.99999e-01,9.99999e-01,9.99806e-01,2.82726e-02,9.99998e-01
5.531641237e-01,3.03328e-02,9.99999e-01,9.99999e-01,9.99902e-01,3.03358e-02,9.99999e-01
5.559299443e-01,3.25027e-02,9.99999e-01,9.99999e-01,9.99952e-01,3.25042e-02,9.99999e-01
5.587095940e-01,3.47792e-02,9.99999e-01,9.99999e-01,9.99970e-01,3.47803e-02,9.99999e-01
5.615031420e-01,3.71647e-02,9.99999e-01,9.99999e-01,9.99966e-01,3.71659e-02,9.99999e-01
5.643106577e-01,3.96618e-02,9.99999e-01,9.99999e-01,9.99962e-01,3.96632e-02,9.99999e-01
5.671322110e-01,4.22547e-02,9.99999e-01,9.99999e-01,9.99547e-01,4.22740e-02,9.99995e-01
5.699678720e-01,4.49777e-02,9.99999e-01,9.99999e-01,9.99518e-01,4.49999e-02,9.99987e-01
5.728177114e-01,4.78181e-02,9.99999e-01,9.99999e-01,9.99498e-01,4.78426e-02,9.99989e-01
5.756818000e-01,5.07796e-02,9.99999e-01,9.99999e-01,9.99539e-01,5.08032e-02,9.99993e-01
5.785602090e-01,5.38615e-02,9.99999e-01,9.99999e-01,9.99598e-01,5.38832e-02,9.99997e-01
5.814530100e-01,5.70604e-02,9.99999e-01,9.99999e-01,9.99597e-01,5.70834e-02,9.99998e-01
5.843602750e-01,6.03758e-02,9.99999e-01,9.99999e-01,9.99520e-01,6.04049e-02,9.99996e-01
5.872820764e-01,6.35827e-02,9.99999e-01,9.99999e-01,9.95869e-01,6.38482e-02,9.99970e-01
5.902184868e-01,6.70713e-02,9.99999e-01,9.99999e-01,9.94995e-01,6.74140e-02,9.99920e-01
5.931695792e-01,7.08457e-02,9.99999e-01,9.99999e-01,9.96462e-01,7.11026e-02,9.99923e-01
5.961354271e-01,7.46204e-02,9.99999e-01,9.99999e-01,9.96122e-01,7.49141e-02,9.99955e-01
5.991161043e-01,7.86245e-02,9.99999e-01,9.99999e-01,9.97171e-01,7.88485e-02,9.99985e-01
6.021116848e-01,8.27725e-02,9.99999e-01,9.99999e-01,9.98394e-01,8.29057e-02,9.99998e-01
6.051222432e-01,8.70146e-02,9.99999e-01,9.99999e-01,9.99187e-01,8.70854e-02,9.99999e-01
6.081478544e-01,9.13549e-02,9.99999e-01,9.99999e-01,9.99649e-01,9.13869e-02,9.99999e-01
6.111885937e-01,9.57954e-02,9.99999e-01,9.99999e-01,9.99851e-01,9.58096e-02,9.99999e-01
6.142445367e-01,1.00346e-01,9.99999e-01,9.99999e-01,9.99933e-01,1.00353e-01,9.99999e-01
6.173157594e-01,1.05011e-01,9.99999e-01,9.99999e-01,9.99963e-01,1.05015e-01,9.99999e-01
6.204023382e-01,1.09792e-01,9.99999e-01,9.99999e-01,9.99968e-01,1.09795e-01,9.99999e-01
6.235043498e-01,1.14677e-01,9.99999e-01,9.99999e-01,9.99863e-01,1.14692e-01,9.99999e-01
6.266218716e-01,1.19618e-01,9.99999e-01,9.99999e-01,9.99279e-01,1.19705e-01,9.99994e-01
6.297549810e-01,1.24796e-01,9.99999e-01,9.99999e-01,9.99735e-01,1.24830e-01,9.99989e-01
6.329037559e-01,1.29999e-01,9.99999e-01,9.99999e-01,9.99477e-01,1.30068e-01,9.99991e-01
6.360682746e-01,1.35354e-01,9.99999e-01,9.99999e-01,9.99554e-01,1.35415e-01,9.99994e-01
6.392486160e-01,1.40789e-01,9.99999e-01,9.99999e-01,9.99423e-01,1.40870e-01,9.99997e-01
6.424448591e-01,1.46317e-01,9.99999e-01,9.99999e-01,9.99228e-01,1.46431e-01,9.99996e-01
6.456570834e-01,1.51547e-01,9.99999e-01,9.99999e-01,9.96421e-01,1.52094e-01,9.99979e-01
6.488853688e-01,1.57436e-01,9.99999e-01,9.99999e-01,9.97377e-01,1.57859e-01,9.99944e-01
6.521297956e-01,1.63276e-01,9.99999e-01,9.99999e-01,9.97326e-01,1.63721e-01,9.99953e-01
6.553904446e-01,1.69222e-01,9.99999e-01,9.99999e-01,9.97340e-01,1.69679e-01,9.99965e-01
6.586673968e-01,1.75327e-01,9.99999e-01,9.99999e-01,9.97721e-01,1.75730e-01,9.99988e-01
6.619607338e-01,1.81630e-01,9.99999e-01,9.99999e-01,9.98682e-01,1.81870e-01,9.99997e-01
6.652705375e-01,1.87954e-01,9.99999e-01,9.99999e-01,9.99237e-01,1.88097e-01,9.99998e-01
6.685968902e-01,1.94340e-01,9.99999e-01,9.99999e-01,9.99645e-01,1.94409e-01,9.99999e-01
6.719398746e-01,2.00768e-01,9.99999e-01,9.99999e-01,9.99835e-01,2.00801e-01,9.99999e-01
6.752995740e-01,2.07252e-01,9.99999e-01,9.99999e-01,9.99910e-01,2.07270e-01,9.99999e-01
6.786760719e-01,2.13787e-01,9.99999e-01,9.99999e-01,9.99871e-01,2.13814e-01,9.99999e-01
6.820694522e-01,2.20381e-01,9.99999e-01,9.99999e-01,9.99779e-01,2.20430e-01,9.99998e-01
6.854797995e-01,2.27048e-01,9.99999e-01,9.99999e-01,9.99716e-01,2.27113e-01,9.99997e-01
6.889071985e-01,2.33699e-01,9.99999e-01,9.99999e-01,9.99313e-01,2.33861e-01,9.99993e-01
6.923517345e-01,2.37971e-01,9.99999e-01,9.99999e-01,9.88834e-01,2.40671e-01,9.99945e-01
6.958134932e-01,2.46067e-01,9.99999e-01,9.99999e-01,9.94177e-01,2.47538e-01,9.99880e-01
6.992925606e-01,2.53025e-01,9.99999e-01,9.99999e-01,9.94470e-01,2.54459e-01,9.99892e-01
7.027890234e-01,2.59627e-01,9.99999e-01,9.99999e-01,9.93174e-01,2.61432e-01,9.99917e-01
7.063029686e-01,2.66901e-01,9.99999e-01,9.99999e-01,9.94259e-01,2.68453e-01,9.99958e-01
7.098344834e-01,2.73993e-01,9.99999e-01,9.99999e-01,9.94491e-01,2.75517e-01,9.99975e-01
7.133836558e-01,2.80537e-01,9.99999e-01,9.99999e-01,9.92666e-01,2.82623e-01,9.99951e-01
7.169505741e-01,2.72984e-01,9.99999e-01,9.99999e-01,9.42440e-01,2.89766e-01,9.99623e-01
7.205353270e-01,2.88260e-01,9.99999e-01,9.99999e-01,9.71401e-01,2.96943e-01,9.99335e-01
7.241380036e-01,2.92980e-01,9.99999e-01,9.99999e-01,9.63825e-01,3.04151e-01,9.99426e-01
7.277586936e-01,3.01062e-01,9.99999e-01,9.99999e-01,9.67298e-01,3.11386e-01,9.99530e-01
7.313974871e-01,3.07507e-01,9.99999e-01,9.99999e-01,9.65255e-01,3.18646e-01,9.99779e-01
7.350544745e-01,3.19670e-01,9.99999e-01,9.99999e-01,9.80879e-01,3.25926e-01,9.99923e-01
7.387297469e-01,3.28513e-01,9.99999e-01,9.99999e-01,9.85897e-01,3.33224e-01,9.99964e-01
7.424233956e-01,3.38177e-01,9.99999e-01,9.99999e-01,9.93077e-01,3.40536e-01,9.99992e-01
7.461355126e-01,3.46399e-01,9.99999e-01,9.99999e-01,9.95800e-01,3.47860e-01,9.99998e-01
7.498661902e-01,3.54496e-01,9.99999e-01,9.99999e-01,9.98042e-01,3.55191e-01,9.99999e-01
7.536155211e-01,3.62180e-01,9.99999e-01,9.99999e-01,9.99039e-01,3.62528e-01,9.99999e-01
7.573835987e-01,3.69685e-01,9.99999e-01,9.99999e-01,9.99505e-01,3.69867e-01,9.99999e-01
7.611705167e-01,3.77090e-01,9.99999e-01,9.99999e-01,9.99692e-01,3.77206e-01,9.99999e-01
7.649763693e-01,3.84466e-01,9.99999e-01,9.99999e-01,9.99807e-01,3.84540e-01,9.99999e-01
7.688012511e-01,3.91816e-01,9.99999e-01,9.99999e-01,9.99865e-01,3.91868e-01,9.99999e-01
7.726452574e-01,3.99143e-01,9.99999e-01,9.99999e-01,9.99889e-01,3.99187e-01,9.99999e-01
7.765084837e-01,4.06431e-01,9.99999e-01,9.99999e-01,9.99842e-01,4.06494e-01,9.99999e-01
7.803910261e-01,3.97002e-01,9.99999e-01,9.60060e-01,9.99322e-01,4.13787e-01,9.99998e-01
7.842929812e-01,3.50168e-01,9.99999e-01,8.33490e-01,9.97637e-01,4.21062e-01,9.99995e-01
7.882144461e-01,3.50880e-01,9.99999e-01,8.23045e-01,9.95136e-01,4.28318e-01,9.99969e-01
7.921555184e-01,3.87497e-01,9.99999e-01,8.92035e-01,9.97330e-01,4.35552e-01,9.99941e-01
7.961162960e-01,4.08188e-01,9.99999e-01,9.26283e-01,9.95286e-01,4.42761e-01,9.99944e-01
8.000968774e-01,4.29284e-01,9.99999e-01,9.59343e-01,9.94556e-01,4.49944e-01,9.99940e-01
8.040973618e-01,4.44924e-01,9.99999e-01,9.78726e-01,9.94554e-01,4.57098e-01,9.99952e-01
8.081178486e-01,4.54028e-01,9.99999e-01,9.90178e-01,9.87763e-01,4.64222e-01,9.99955e-01
8.121584379e-01,4.46293e-01,9.99999e-01,9.96957e-01,9.49934e-01,4.71312e-01,9.99827e-01
8.162192301e-01,4.49469e-01,9.99999e-01,9.99327e-01,9.40815e-01,4.78367e-01,9.99353e-01
8.203003262e-01,4.70518e-01,9.99999e-01,9.99989e-01,9.70112e-01,4.85385e-01,9.99243e-01
8.244018279e-01,4.71620e-01,9.99999e-01,9.99999e-01,9.58442e-01,4.92365e-01,9.99397e-01
8.285238370e-01,4.81236e-01,9.99999e-01,9.99999e-01,9.64268e-01,4.99304e-01,9.99526e-01
8.326664562e-01,4.87823e-01,9.99999e-01,9.99999e-01,9.63881e-01,5.06201e-01,9.99803e-01
8.368297885e-01,4.99730e-01,9.99999e-01,9.99999e-01,9.74071e-01,5.13055e-01,9.99954e-01
8.410139374e-01,5.11801e-01,9.99999e-01,9.99999e-01,9.84518e-01,5.19863e-01,9.99973e-01
8.452190071e-01,5.22604e-01,9.99999e-01,9.99999e-01,9.92381e-01,5.26624e-01,9.99983e-01
8.494451021e-01,5.30970e-01,9.99999e-01,9.99999e-01,9.95574e-01,5.33337e-01,9.99986e-01
8.536923276e-01,5.38582e-01,9.99999e-01,9.99999e-01,9.97381e-01,5.40000e-01,9.99991e-01
8.579607893e-01,5.45730e-01,9.99999e-01,9.99999e-01,9.98386e-01,5.46613e-01,9.99997e-01
8.622505932e-01,5.52606e-01,9.99999e-01,9.99999e-01,9.98974e-01,5.53173e-01,9.99999e-01
8.665618462e-01,5.12754e-01,9.99999e-01,9.16708e-01,9.99365e-01,5.59681e-01,9.99999e-01
8.708946554e-01,3.56983e-01,9.99999e-01,6.31000e-01,9.99273e-01,5.66134e-01,9.99999e-01
8.752491287e-01,3.94086e-01,9.99999e-01,6.88966e-01,9.99028e-01,5.72532e-01,9.99998e-01
8.796253743e-01,4.70780e-01,9.99999e-01,8.14327e-01,9.98655e-01,5.78874e-01,9.99996e-01
8.840235012e-01,5.25134e-01,9.99999e-01,8.98786e-01,9.98464e-01,5.85158e-01,9.99990e-01
8.884436187e-01,5.63870e-01,9.99999e-01,9.58797e-01,9.94408e-01,5.91385e-01,9.99972e-01
8.928858368e-01,5.53724e-01,9.99999e-01,9.83101e-01,9.42557e-01,5.97553e-01,9.99846e-01
8.973502660e-01,5.41038e-01,9.99999e-01,9.95871e-01,9.00592e-01,6.03661e-01,9.99213e-01
9.018370173e-01,5.77007e-01,9.99999e-01,9.99544e-01,9.47949e-01,6.09710e-01,9.98764e-01
9.063462024e-01,5.80215e-01,9.99999e-01,9.88378e-01,9.54067e-01,6.15698e-01,9.98914e-01
9.108779334e-01,5.61926e-01,9.99999e-01,9.73468e-01,9.29281e-01,6.21625e-01,9.98871e-01
9.154323231e-01,5.73244e-01,9.99999e-01,9.93709e-01,9.20042e-01,6.27490e-01,9.99067e-01
9.200094847e-01,5.43878e-01,9.99999e-01,9.13504e-01,9.36823e-01,6.33292e-01,9.99477e-01
9.246095321e-01,5.07198e-01,9.99999e-01,8.76745e-01,9.03314e-01,6.39033e-01,9.99398e-01
9.292325798e-01,2.99102e-01,9.99999e-01,9.02251e-01,5.08990e-01,6.44710e-01,9.97656e-01
9.338787427e-01,2.47265e-01,9.99999e-01,9.05218e-01,4.19025e-01,6.50324e-01,9.90349e-01
9.385481364e-01,4.26070e-01,9.99999e-01,9.29384e-01,7.03578e-01,6.55875e-01,9.88532e-01
9.432408771e-01,3.86416e-01,9.99999e-01,9.56139e-01,6.15403e-01,6.61362e-01,9.90098e-01
9.479570815e-01,3.32473e-01,9.99999e-01,9.77253e-01,5.13629e-01,6.66785e-01,9.91934e-01
9.526968669e-01,4.00227e-01,9.99999e-01,9.88970e-01,6.04386e-01,6.72145e-01,9.95072e-01
9.574603512e-01,4.21624e-01,9.99999e-01,9.95269e-01,6.26673e-01,6.77440e-01,9.97493e-01
9.622476530e-01,4.64755e-01,9.99999e-01,9.98522e-01,6.82908e-01,6.82671e-01,9.98266e-01
9.670588912e-01,5.51070e-01,9.99999e-01,9.99556e-01,8.02446e-01,6.87838e-01,9.98813e-01
9.718941857e-01,6.03078e-01,9.99999e-01,9.99968e-01,8.71101e-01,6.92941e-01,9.99126e-01
9.767536566e-01,6.22009e-01,9.99999e-01,9.99999e-01,8.91750e-01,6.97980e-01,9.99332e-01
9.816374249e-01,6.45561e-01,9.99999e-01,9.99999e-01,9.18565e-01,7.02955e-01,9.99768e-01
9.865456120e-01,6.71243e-01,9.99999e-01,9.99999e-01,9.48307e-01,7.07866e-01,9.99951e-01
9.914783401e-01,6.89702e-01,9.99999e-01,9.99999e-01,9.67725e-01,7.12713e-01,9.99986e-01
9.964357318e-01,7.04789e-01,9.99999e-01,9.99999e-01,9.82295e-01,7.17497e-01,9.99991e-01
1.001417910e+00,7.14520e-01,9.99999e-01,9.99999e-01,9.89353e-01,7.22217e-01,9.99987e-01
1.006425000e+00,7.22442e-01,9.99999e-01,9.99999e-01,9.93918e-01,7.26875e-01,9.99982e-01
1.011457125e+00,7.28694e-01,9.99999e-01,9.99999e-01,9.96221e-01,7.31469e-01,9.99983e-01
1.016514411e+00,7.34105e-01,9.99999e-01,9.99999e-01,9.97433e-01,7.36001e-01,9.99988e-01
1.021596983e+00,7.38903e-01,9.99999e-01,9.99938e-01,9.97954e-01,7.40471e-01,9.99988e-01
1.026704968e+00,7.40304e-01,9.99999e-01,9.95451e-01,9.98404e-01,7.44879e-01,9.99992e-01
1.031838492e+00,7.10605e-01,9.99999e-01,9.49518e-01,9.98840e-01,7.49225e-01,9.99997e-01
1.036997685e+00,9.63880e-02,9.99999e-01,1.27988e-01,9.99310e-01,7.53510e-01,9.99999e-01
1.042182673e+00,6.04304e-02,9.99999e-01,7.98084e-02,9.99178e-01,7.57734e-01,9.99999e-01
1.047393587e+00,7.95794e-02,9.99999e-01,1.04549e-01,9.98910e-01,7.61898e-01,9.99999e-01
1.052630555e+00,1.17899e-03,9.99999e-01,1.54080e-03,9.98505e-01,7.66001e-01,9.99999e-01
1.057893707e+00,3.30209e-03,9.99999e-01,4.29509e-03,9.97506e-01,7.70045e-01,9.99998e-01
1.063183176e+00,1.36136e-02,9.99999e-01,1.76379e-02,9.95898e-01,7.74030e-01,9.99997e-01
1.068499092e+00,4.50619e-02,9.99999e-01,5.82501e-02,9.93139e-01,7.77956e-01,9.99994e-01
1.073841587e+00,1.28354e-01,9.99999e-01,1.65278e-01,9.91975e-01,7.81824e-01,9.99989e-01
1.079210795e+00,2.48895e-01,9.99999e-01,3.19758e-01,9.89725e-01,7.85634e-01,9.99972e-01
1.084606849e+00,4.14256e-01,9.99999e-01,5.32629e-01,9.84486e-01,7.89387e-01,9.99933e-01
1.090029883e+00,5.59290e-01,9.99999e-01,7.20792e-01,9.77792e-01,7.93083e-01,9.99862e-01
1.095480033e+00,6.38084e-01,9.99999e-01,8.50963e-01,9.40634e-01,7.96723e-01,9.99751e-01
1.100957433e+00,6.34194e-01,9.99999e-01,9.25158e-01,8.56099e-01,8.00307e-01,9.99543e-01
1.106462220e+00,5.25948e-01,9.99999e-01,9.68340e-01,6.75284e-01,8.03836e-01,9.99226e-01
1.111994531e+00,3.50599e-01,9.99999e-01,9.88145e-01,4.39950e-01,8.07311e-01,9.97948e-01
1.117554504e+00,2.14434e-01,9.99999e-01,9.97093e-01,2.67072e-01,8.10731e-01,9.92612e-01
1.123142276e+00,3.07873e-01,9.99999e-01,9.99808e-01,3.84914e-01,8.14098e-01,9.82570e-01
1.128757988e+00,4.30336e-01,9.99999e-01,9.99999e-01,5.37279e-01,8.17413e-01,9.79864e-01
1.134401778e+00,2.31053e-01,9.99999e-01,9.99999e-01,2.86451e-01,8.20674e-01,9.82852e-01
1.140073787e+00,5.58756e-01,9.99999e-01,9.99999e-01,6.87633e-01,8.23884e-01,9.86275e-01
1.145774156e+00,3.77344e-01,9.99999e-01,9.99999e-01,4.62064e-01,8.27043e-01,9.87430e-01
1.151503026e+00,3.50126e-01,9.99999e-01,9.99999e-01,4.24744e-01,8.30151e-01,9.92977e-01
1.157260541e+00,4.02461e-01,9.99999e-01,9.99999e-01,4.84044e-01,8.33209e-01,9.97894e-01
1.163046844e+00,4.88159e-01,9.99999e-01,9.99999e-01,5.84119e-01,8.36217e-01,9.99402e-01
1.168862078e+00,5.76318e-01,9.99999e-01,9.99999e-01,6.86976e-01,8.39177e-01,9.99691e-01
1.174706389e+00,6.67612e-01,9.99999e-01,9.99999e-01,7.93128e-01,8.42088e-01,9.99591e-01
1.180579921e+00,7.33195e-01,9.99999e-01,9.99999e-01,8.68270e-01,8.44952e-01,9.99383e-01
1.186482820e+00,7.82186e-01,9.99999e-01,9.99991e-01,9.23231e-01,8.47768e-01,9.99366e-01
1.192415234e+00,7.98534e-01,9.99999e-01,9.83907e-01,9.54453e-01,8.50538e-01,9.99525e-01
1.198377311e+00,4.59089e-01,9.99999e-01,5.56235e-01,9.61476e-01,8.53262e-01,9.99551e-01
1.204369197e+00,3.72981e-13,9.99999e-01,4.45388e-13,9.63518e-01,8.55941e-01,9.99594e-01
1.210391043e+00,4.55855e-49,9.99999e-01,5.41656e-49,9.65078e-01,8.58575e-01,9.99753e-01
1.216442998e+00,1.20600e-42,9.99999e-01,1.42707e-42,9.70214e-01,8.61165e-01,9.99848e-01
1.222525213e+00,5.05549e-42,9.99999e-01,5.92510e-42,9.76734e-01,8.63711e-01,9.99905e-01
1.228637839e+00,1.49434e-32,9.99999e-01,1.74470e-32,9.83789e-01,8.66214e-01,9.99955e-01
1.234781029e+00,7.05861e-21,9.99999e-01,8.16848e-21,9.87938e-01,8.68675e-01,9.99987e-01
1.240954934e+00,4.59699e-14,9.99999e-01,5.30329e-14,9.92358e-01,8.71094e-01,9.99996e-01
1.247159708e+00,1.36759e-07,9.99999e-01,1.57126e-07,9.94044e-01,8.73472e-01,9.99997e-01
1.253395507e+00,5.74315e-05,9.99999e-01,6.58320e-05,9.94711e-01,8.75809e-01,9.99996e-01
1.259662485e+00,3.47614e-03,9.99999e-01,3.97438e-03,9.94976e-01,8.78106e-01,9.99994e-01
1.265960797e+00,3.61597e-02,9.99999e-01,4.13283e-02,9.91982e-01,8.80364e-01,9.99991e-01
1.272290601e+00,2.22598e-01,9.99999e-01,2.55098e-01,9.87433e-01,8.82582e-01,9.99985e-01
1.278652054e+00,1.88248e-01,9.99999e-01,2.16940e-01,9.75162e-01,8.84762e-01,9.99975e-01
1.285045314e+00,2.68336e-03,9.99999e-01,3.08493e-03,9.55396e-01,8.86905e-01,9.99954e-01
1.291470541e+00,1.97031e-06,9.99999e-01,2.32963e-06,9.23566e-01,8.89010e-01,9.99919e-01
1.297927893e+00,1.82065e-03,9.99999e-01,2.14772e-03,9.01541e-01,8.91078e-01,9.99850e-01
1.304417533e+00,6.57571e-02,9.99999e-01,8.27884e-02,8.75206e-01,8.93110e-01,9.99684e-01
1.310939621e+00,1.60301e-02,9.99999e-01,1.96087e-02,8.58401e-01,8.95106e-01,9.99352e-01
1.317494319e+00,2.45736e-17,9.99999e-01,3.01330e-17,8.47469e-01,8.97068e-01,9.98803e-01
1.324081790e+00,7.02633e-12,9.99999e-01,8.79133e-12,7.81027e-01,8.98995e-01,9.98046e-01
1.330702199e+00,3.36431e-07,9.99999e-01,5.88631e-07,3.95304e-01,9.00887e-01,9.96634e-01
1.337355710e+00,1.83725e-07,9.99999e-01,1.01748e-06,8.75022e-02,9.02747e-01,9.93530e-01
1.344042489e+00,2.79116e-08,9.99999e-01,3.28636e-07,4.17550e-03,9.04573e-01,9.80639e-01
1.350762701e+00,8.16495e-12,9.99999e-01,3.46903e-07,5.80179e-06,9.06366e-01,9.35257e-01
1.357516515e+00,1.20879e-11,9.99999e-01,8.12071e-05,3.25766e-08,9.08128e-01,8.21654e-01
1.364304097e+00,5.41006e-08,9.99999e-01,1.94969e-03,1.76335e-05,9.09859e-01,7.08739e-01
1.371125618e+00,3.14801e-05,9.99999e-01,3.92593e-02,6.69084e-04,9.11558e-01,7.22834e-01
1.377981246e+00,1.22448e-04,9.99999e-01,6.83644e-02,1.84194e-03,9.13227e-01,7.57127e-01
1.384871152e+00,7.01154e-06,9.99999e-01,2.09899e-01,3.55409e-05,9.14865e-01,7.71626e-01
1.391795508e+00,5.21373e-06,9.99999e-01,2.36275e-01,2.28581e-05,9.16475e-01,7.81042e-01
1.398754485e+00,5.25360e-05,9.99999e-01,4.09627e-01,1.56323e-04,9.18055e-01,8.15351e-01
1.405748258e+00,6.87376e-05,9.99999e-01,5.18826e-01,1.44201e-04,9.19607e-01,8.87508e-01
1.412776999e+00,8.96729e-05,9.99999e-01,6.60360e-01,1.41119e-04,9.21130e-01,9.46971e-01
1.419840884e+00,1.77243e-04,9.99999e-01,5.91576e-01,2.63604e-04,9.22626e-01,9.76392e-01
1.426940089e+00,5.08304e-04,9.99999e-01,4.73675e-02,1.61552e-03,9.24095e-01,9.82013e-01
1.434074789e+00,0.00000e+00,9.99999e-01,0.00000e+00,7.25515e-03,9.25537e-01,9.78809e-01
1.441245163e+00,0.00000e+00,9.99999e-01,0.00000e+00,2.05966e-02,9.26953e-01,9.77068e-01
1.448451389e+00,0.00000e+00,9.99999e-01,0.00000e+00,6.50946e-02,9.28343e-01,9.79892e-01
1.455693646e+00,0.00000e+00,9.99999e-01,0.00000e+00,1.58966e-01,9.29707e-01,9.84318e-01
1.462972114e+00,1.15615e-192,9.99999e-01,3.36406e-192,2.02491e-01,9.31047e-01,9.85038e-01
1.470286975e+00,6.88061e-81,9.99999e-01,2.16045e-80,1.56007e-01,9.32361e-01,9.85291e-01
1.477638409e+00,2.04112e-51,9.99999e-01,6.36942e-51,1.88466e-01,9.33652e-01,9.90046e-01
1.485026601e+00,3.01784e-29,9.99999e-01,8.28244e-29,2.54084e-01,9.34919e-01,9.95406e-01
1.492451734e+00,7.05977e-25,9.99999e-01,1.50767e-24,3.60051e-01,9.36162e-01,9.97989e-01
1.499913993e+00,1.75095e-11,9.99999e-01,2.78234e-11,5.01673e-01,9.37383e-01,9.99132e-01
1.507413563e+00,2.85783e-10,9.99999e-01,4.55601e-10,6.07524e-01,9.38581e-01,9.99592e-01
1.514950631e+00,1.37957e-11,9.99999e-01,1.79709e-11,7.31038e-01,9.39757e-01,9.99809e-01
1.522525384e+00,1.35341e-36,9.99999e-01,1.64855e-36,8.16623e-01,9.40911e-01,9.99929e-01
1.530138011e+00,8.72506e-86,9.99999e-01,1.00458e-85,8.61726e-01,9.42044e-01,9.99975e-01
1.537788701e+00,9.74891e-64,9.99999e-01,1.09349e-63,9.19510e-01,9.43155e-01,9.99988e-01
1.545477645e+00,2.52882e-14,9.99999e-01,2.77649e-14,9.47745e-01,9.44246e-01,9.99993e-01
1.553205033e+00,3.42025e-10,9.99999e-01,3.73643e-10,9.57232e-01,9.45317e-01,9.99996e-01
1.560971058e+00,1.09268e-10,9.99999e-01,1.17506e-10,9.73271e-01,9.46367e-01,9.99997e-01
1.568775913e+00,1.08395e-215,9.99999e-01,1.15813e-215,9.82300e-01,9.47398e-01,9.99997e-01
1.576619793e+00,0.00000e+00,9.99999e-01,0.00000e+00,9.86222e-01,9.48410e-01,9.99997e-01
1.584502892e+00,9.99913e-276,9.99999e-01,1.06006e-275,9.91606e-01,9.49403e-01,9.99996e-01
1.592425406e+00,2.62760e-192,9.99999e-01,2.77769e-192,9.92225e-01,9.50377e-01,9.99995e-01
1.600387533e+00,1.23362e-309,9.99999e-01,1.30198e-309,9.94632e-01,9.51333e-01,9.99995e-01
1.608389471e+00,0.00000e+00,9.99999e-01,0.00000e+00,9.94447e-01,9.52271e-01,9.99995e-01
1.616431418e+00,0.00000e+00,9.99999e-01,0.00000e+00,9.94323e-01,9.53191e-01,9.99996e-01
1.624513575e+00,3.80742e-244,9.99999e-01,4.00620e-244,9.93929e-01,9.54094e-01,9.99995e-01
1.632636143e+00,1.79477e-181,9.99999e-01,1.88793e-181,9.90495e-01,9.54980e-01,9.99994e-01
1.640799324e+00,1.36619e-74,9.99999e-01,1.43891e-74,9.87344e-01,9.55849e-01,9.99991e-01
1.649003321e+00,1.36748e-74,9.99999e-01,1.44520e-74,9.83858e-01,9.56702e-01,9.99988e-01
1.657248337e+00,7.04106e-58,9.99999e-01,7.43755e-58,9.78749e-01,9.57539e-01,9.99987e-01
1.665534579e+00,2.90012e-58,9.99999e-01,3.08575e-58,9.71165e-01,9.58360e-01,9.99986e-01
1.673862252e+00,1.63949e-37,9.99999e-01,1.73747e-37,9.60803e-01,9.59166e-01,9.99983e-01
1.682231563e+00,2.68523e-26,9.99999e-01,2.84010e-26,9.65747e-01,9.59956e-01,9.99976e-01
1.690642721e+00,4.24482e-15,9.99999e-01,4.54436e-15,9.40680e-01,9.60731e-01,9.99963e-01
1.699095934e+00,8.52556e-10,9.99999e-01,9.19631e-10,9.31716e-01,9.61492e-01,9.99943e-01
1.707591414e+00,1.67508e-05,9.99999e-01,1.81484e-05,9.27108e-01,9.62238e-01,9.99913e-01
1.716129371e+00,1.87833e-03,9.99999e-01,2.08598e-03,9.10282e-01,9.62969e-01,9.99874e-01
1.724710018e+00,2.79689e-02,9.99999e-01,3.24737e-02,8.68101e-01,9.63687e-01,9.99816e-01
1.733333568e+00,8.77548e-02,9.99999e-01,1.07021e-01,8.31807e-01,9.64392e-01,9.99711e-01
1.742000236e+00,1.97924e-01,9.99999e-01,2.64482e-01,7.56347e-01,9.65083e-01,9.99543e-01
1.750710237e+00,3.55865e-03,9.99999e-01,5.16247e-03,5.93860e-01,9.65760e-01,9.99268e-01
1.759463788e+00,5.15075e-36,9.99999e-01,8.66629e-36,3.76122e-01,9.66425e-01,9.98762e-01
1.768261107e+00,6.08363e-38,9.99999e-01,1.68695e-37,1.62125e-01,9.67077e-01,9.97867e-01
1.777102413e+00,4.06460e-37,9.99999e-01,2.94055e-36,4.95602e-02,9.67717e-01,9.96661e-01
1.785987925e+00,1.14364e-35,9.99999e-01,2.79142e-34,7.24498e-03,9.68344e-01,9.94628e-01
1.794917864e+00,1.66396e-34,9.99999e-01,1.02255e-32,1.19929e-03,9.68960e-01,9.89462e-01
1.803892454e+00,5.40856e-35,9.99999e-01,1.42142e-31,1.52608e-05,9.69564e-01,9.78008e-01
1.812911916e+00,4.27962e-35,9.99999e-01,2.73035e-30,1.42917e-06,9.70156e-01,9.47122e-01
1.821976476e+00,3.39637e-35,9.99999e-01,2.09017e-30,2.21987e-06,9.70736e-01,8.91277e-01
1.831086358e+00,6.89950e-30,9.99999e-01,1.27388e-24,2.77701e-07,9.71306e-01,7.91990e-01
1.840241790e+00,2.20272e-25,9.99999e-01,5.70936e-21,4.29865e-06,9.71865e-01,6.74682e-01
1.849442999e+00,6.07808e-19,9.99999e-01,1.16159e-14,1.56035e-05,9.72413e-01,6.22973e-01
1.858690214e+00,1.06142e-20,9.99999e-01,1.21080e-13,3.85540e-08,9.72950e-01,6.23248e-01
1.867983665e+00,2.87019e-21,9.99999e-01,2.15850e-14,8.50377e-09,9.73477e-01,6.47226e-01
1.877323583e+00,3.63121e-70,9.99999e-01,1.25921e-67,6.05394e-04,9.73994e-01,6.81019e-01
1.886710201e+00,1.36564e-90,9.99999e-01,1.49857e-88,1.05847e-03,9.74501e-01,7.14901e-01
1.896143752e+00,7.06357e-103,9.99999e-01,5.92114e-101,2.99187e-03,9.74999e-01,7.19850e-01
1.905624471e+00,6.37552e-121,9.99999e-01,5.46578e-117,2.93414e-05,9.75486e-01,7.41316e-01
1.915152593e+00,1.84391e-95,9.99999e-01,9.05768e-91,2.10461e-06,9.75965e-01,8.07432e-01
1.924728356e+00,1.09213e-113,9.99999e-01,1.44291e-108,3.72253e-07,9.76434e-01,8.86075e-01
1.934351998e+00,0.00000e+00,9.99999e-01,0.00000e+00,1.50283e-07,9.76894e-01,9.43759e-01
1.944023758e+00,0.00000e+00,9.99999e-01,0.00000e+00,4.52324e-05,9.77345e-01,9.79933e-01
1.953743877e+00,0.00000e+00,9.99999e-01,0.00000e+00,1.95196e-04,9.77788e-01,9.91556e-01
1.963512596e+00,0.00000e+00,9.99999e-01,0.00000e+00,3.19514e-03,9.78221e-01,9.95723e-01
1.973330159e+00,0.00000e+00,9.99999e-01,0.00000e+00,1.19259e-02,9.78647e-01,9.97760e-01
1.983196810e+00,0.00000e+00,9.99999e-01,0.00000e+00,1.07368e-01,9.79064e-01,9.98771e-01
1.993112794e+00,0.00000e+00,9.99999e-01,0.00000e+00,1.74475e-01,9.79474e-01,9.99329e-01
2.003078358e+00,0.00000e+00,9.99999e-01,0.00000e+00,3.40030e-01,9.79875e-01,9.99623e-01
2.013093750e+00,0.00000e+00,9.99999e-01,0.00000e+00,4.96800e-01,9.80268e-01,9.99775e-01
2.023159218e+00,0.00000e+00,9.99999e-01,0.00000e+00,6.67250e-01,9.80654e-01,9.99841e-01
2.033275015e+00,0.00000e+00,9.99999e-01,0.00000e+00,7.32305e-01,9.81033e-01,9.99871e-01
2.043441390e+00,0.00000e+00,9.99999e-01,0.00000e+00,8.24285e-01,9.81404e-01,9.99864e-01
2.053658597e+00,0.00000e+00,9.99998e-01,0.00000e+00,8.54807e-01,9.81768e-01,9.99814e-01
2.063926890e+00,0.00000e+00,9.99998e-01,0.00000e+00,9.00095e-01,9.82125e-01,9.99717e-01
2.074246524e+00,0.00000e+00,9.99997e-01,0.00000e+00,9.12914e-01,9.82475e-01,9.99551e-01
2.084617757e+00,0.00000e+00,9.99995e-01,0.00000e+00,9.42192e-01,9.82818e-01,9.99291e-01
2.095040845e+00,0.00000e+00,9.99993e-01,0.00000e+00,9.54185e-01,9.83154e-01,9.98932e-01
2.105516050e+00,0.00000e+00,9.99992e-01,0.00000e+00,9.60528e-01,9.83484e-01,9.98496e-01
2.116043630e+00,0.00000e+00,9.99992e-01,0.00000e+00,9.62220e-01,9.83808e-01,9.98153e-01
2.126623848e+00,0.00000e+00,9.99993e-01,0.00000e+00,9.76867e-01,9.84125e-01,9.97925e-01
2.137256967e+00,0.00000e+00,9.99994e-01,0.00000e+00,9.78013e-01,9.84436e-01,9.97687e-01
2.147943252e+00,1.25325e-247,9.99997e-01,1.29498e-247,9.78814e-01,9.84741e-01,9.97221e-01
2.158682968e+00,5.14172e-149,9.99983e-01,5.31860e-149,9.80631e-01,9.85040e-01,9.96773e-01
2.169476383e+00,9.92947e-73,9.99994e-01,1.02579e-72,9.79377e-01,9.85334e-01,9.97521e-01
2.180323765e+00,1.11726e-45,9.99996e-01,1.15363e-45,9.76459e-01,9.85621e-01,9.98158e-01
2.191225384e+00,1.37341e-23,9.99996e-01,1.41689e-23,9.71322e-01,9.85903e-01,9.98465e-01
2.202181511e+00,1.47980e-15,9.99996e-01,1.53512e-15,9.64397e-01,9.86180e-01,9.98818e-01
2.213192418e+00,1.23306e-08,9.99997e-01,1.27521e-08,9.64230e-01,9.86451e-01,9.99179e-01
2.224258381e+00,1.10121e-05,9.99997e-01,1.14733e-05,9.57606e-01,9.86717e-01,9.99475e-01
2.235379672e+00,4.77541e-04,9.99998e-01,4.98413e-04,9.64178e-01,9.86977e-01,9.99686e-01
2.246556571e+00,5.22610e-03,9.99998e-01,5.56927e-03,9.36833e-01,9.87233e-01,9.99800e-01
2.257789354e+00,3.79280e-02,9.99999e-01,4.02012e-02,9.51428e-01,9.87483e-01,9.99856e-01
2.269078300e+00,5.00275e-02,9.99999e-01,5.70578e-02,8.83443e-01,9.87729e-01,9.99879e-01
2.280423692e+00,5.72339e-02,9.99999e-01,6.37361e-02,9.03006e-01,9.87970e-01,9.99875e-01
2.291825810e+00,1.32888e-01,9.99999e-01,1.63181e-01,8.17722e-01,9.88206e-01,9.99854e-01
2.303284939e+00,1.98480e-01,9.99999e-01,2.39269e-01,8.35405e-01,9.88438e-01,9.99802e-01
2.314801364e+00,2.04660e-01,9.99999e-01,2.79593e-01,7.35051e-01,9.88665e-01,9.99722e-01
2.326375371e+00,3.09480e-01,9.99999e-01,4.28413e-01,7.24841e-01,9.88888e-01,9.99629e-01
2.338007248e+00,2.74912e-01,9.99999e-01,3.97624e-01,6.92563e-01,9.89106e-01,9.99494e-01
2.349697284e+00,2.43746e-01,9.99999e-01,4.48809e-01,5.37686e-01,9.89320e-01,9.99315e-01
2.361445770e+00,3.14754e-01,9.99999e-01,5.26739e-01,6.00681e-01,9.89530e-01,9.99054e-01
2.373252999e+00,2.84540e-01,9.99999e-01,5.59467e-01,5.04260e-01,9.89735e-01,9.98698e-01
2.385119264e+00,2.42807e-01,9.99999e-01,7.74801e-01,3.10033e-01,9.89937e-01,9.98251e-01
2.397044861e+00,4.26259e-01,9.99999e-01,9.00462e-01,4.77163e-01,9.90135e-01,9.97379e-01
2.409030085e+00,2.15911e-01,9.99999e-01,8.33383e-01,2.59768e-01,9.90329e-01,9.96190e-01
2.421075235e+00,2.12664e-01,9.99999e-01,7.25748e-01,2.77343e-01,9.90519e-01,9.94654e-01
2.433180612e+00,4.04335e-02,9.99999e-01,1.88820e-01,1.53802e-01,9.90705e-01,9.92608e-01
2.445346515e+00,2.82140e-02,9.99999e-01,4.50391e-01,5.09790e-02,9.90888e-01,9.89711e-01
2.457573247e+00,1.13476e-03,9.99999e-01,1.67348e-02,2.55206e-02,9.91067e-01,9.84949e-01
2.469861113e+00,5.09040e-12,9.99999e-01,3.11689e-10,1.26090e-03,9.91243e-01,9.78082e-01
2.482210419e+00,8.57801e-48,9.99999e-01,4.29418e-43,3.65165e-06,9.91415e-01,9.68369e-01
2.494621471e+00,1.58834e-73,9.99999e-01,8.63317e-67,7.27541e-09,9.91584e-01,9.54045e-01
2.507094578e+00,1.67821e-78,9.99999e-01,6.85964e-65,1.33925e-15,9.91749e-01,9.28672e-01
2.519630051e+00,2.69590e-107,9.99999e-01,4.83552e-86,1.91896e-23,9.91912e-01,8.80618e-01
2.532228202e+00,6.34522e-139,9.99999e-01,5.34790e-110,5.18634e-31,9.92071e-01,7.92787e-01
2.544889343e+00,7.20171e-154,9.99999e-01,5.26910e-114,8.04639e-42,9.92227e-01,6.28710e-01
2.557613789e+00,2.79011e-174,9.99999e-01,3.92927e-135,5.92980e-41,9.92380e-01,4.04219e-01
2.570401858e+00,0.00000e+00,9.99999e-01,1.40907e-272,2.09775e-67,9.92530e-01,1.83369e-01
2.583253867e+00,0.00000e+00,9.99999e-01,0.00000e+00,3.17753e-57,9.92677e-01,6.80333e-02
2.596170137e+00,0.00000e+00,9.99999e-01,0.00000e+00,1.03821e-48,9.92821e-01,3.40118e-02
2.609150988e+00,0.00000e+00,9.99999e-01,0.00000e+00,2.00677e-34,9.92962e-01,2.06287e-02
2.622196742e+00,0.00000e+00,9.99999e-01,0.00000e+00,5.51364e-29,9.93101e-01,1.89986e-02
2.635307726e+00,0.00000e+00,9.99999e-01,0.00000e+00,1.45953e-13,9.93236e-01,2.46092e-02
2.648484265e+00,0.00000e+00,9.99999e-01,0.00000e+00,3.10702e-16,9.93369e-01,2.67010e-02
2.661726686e+00,0.00000e+00,9.99999e-01,0.00000e+00,2.99926e-28,9.93500e-01,2.52453e-02
2.675035320e+00,0.00000e+00,9.99999e-01,0.00000e+00,1.50418e-100,9.93628e-01,2.60698e-02
2.688410496e+00,0.00000e+00,9.99999e-01,0.00000e+00,2.73948e-49,9.93753e-01,3.16349e-02
2.701852549e+00,0.00000e+00,9.99999e-01,0.00000e+00,4.32276e-43,9.93876e-01,3.52392e-02
2.715361811e+00,0.00000e+00,9.99999e-01,0.00000e+00,9.12183e-43,9.93997e-01,3.94873e-02
2.728938620e+00,0.00000e+00,9.99999e-01,0.00000e+00,1.44289e-30,9.94115e-01,5.42701e-02
2.742583314e+00,0.00000e+00,9.99999e-01,0.00000e+00,1.06215e-32,9.94231e-01,9.75971e-02
2.756296230e+00,0.00000e+00,9.99999e-01,0.00000e+00,5.02955e-34,9.94345e-01,1.94850e-01
2.770077711e+00,0.00000e+00,9.99999e-01,0.00000e+00,2.63158e-46,9.94456e-01,3.48091e-01
2.783928100e+00,0.00000e+00,9.99999e-01,0.00000e+00,2.77806e-46,9.94565e-01,4.77885e-01
2.797847740e+00,0.00000e+00,9.99999e-01,0.00000e+00,2.55724e-35,9.94672e-01,6.10483e-01
2.811836979e+00,0.00000e+00,9.99999e-01,0.00000e+00,1.43886e-37,9.94777e-01,7.38574e-01
2.825896164e+00,0.00000e+00,9.99999e-01,0.00000e+00,1.51303e-32,9.94880e-01,8.22409e-01
2.840025645e+00,0.00000e+00,9.99999e-01,0.00000e+00,3.72759e-25,9.94981e-01,8.68392e-01
2.854225773e+00,0.00000e+00,9.99999e-01,0.00000e+00,3.04005e-22,9.95080e-01,8.98957e-01
2.868496902e+00,0.00000e+00,9.99999e-01,0.00000e+00,5.36232e-21,9.95177e-01,9.31039e-01
2.882839386e+00,0.00000e+00,9.99999e-01,0.00000e+00,8.58808e-17,9.95272e-01,9.52959e-01
2.897253583e+00,0.00000e+00,9.99999e-01,0.00000e+00,2.52897e-14,9.95365e-01,9.64849e-01
2.911739851e+00,0.00000e+00,9.99999e-01,0.00000e+00,6.71068e-10,9.95456e-01,9.72751e-01
2.926298550e+00,0.00000e+00,9.99999e-01,0.00000e+00,1.70323e-07,9.95546e-01,9.79836e-01
2.940930043e+00,0.00000e+00,9.99999e-01,0.00000e+00,2.73392e-07,9.95634e-01,9.83798e-01
2.955634693e+00,0.00000e+00,9.99999e-01,0.00000e+00,5.28731e-07,9.95720e-01,9.85502e-01
2.970412867e+00,0.00000e+00,9.99999e-01,0.00000e+00,1.15147e-06,9.95804e-01,9.87302e-01
2.985264931e+00,0.00000e+00,9.99999e-01,0.00000e+00,5.26696e-05,9.95887e-01,9.88145e-01
3.000191256e+00,0.00000e+00,9.99999e-01,2.02567e-322,1.30598e-04,9.95968e-01,9.87887e-01
3.015192212e+00,0.00000e+00,9.99999e-01,0.00000e+00,7.53720e-04,9.96047e-01,9.86036e-01
3.030268173e+00,7.08854e-280,9.99999e-01,1.14974e-277,2.53337e-03,9.96125e-01,9.83013e-01
3.045419514e+00,1.06655e-171,9.99999e-01,2.98135e-169,5.42955e-04,9.96201e-01,9.80410e-01
3.060646612e+00,1.78797e-79,9.99999e-01,6.71939e-78,1.11888e-02,9.96276e-01,9.76498e-01
3.075949845e+00,4.48537e-64,9.99999e-01,6.86470e-62,1.31527e-02,9.96350e-01,2.13323e-01
3.091329594e+00,1.20788e-61,9.99999e-01,8.91876e-59,9.21589e-03,9.96422e-01,2.60999e-02
3.106786242e+00,6.30409e-64,9.99999e-01,2.19253e-58,2.75412e-02,9.96492e-01,5.07670e-05
3.122320173e+00,9.81391e-54,9.99999e-01,8.06397e-41,4.40174e-02,9.96561e-01,1.21348e-12
3.137931774e+00,1.28120e-46,9.99999e-01,7.10654e-40,5.09416e-02,9.96629e-01,2.08319e-06
3.153621433e+00,2.24170e-43,9.99999e-01,2.08310e-41,1.36994e-01,9.96696e-01,3.44627e-02
3.169389540e+00,1.09629e-61,9.99999e-01,2.82608e-55,1.64342e-01,9.96761e-01,1.23860e-06
3.185236488e+00,7.22887e-55,9.99999e-01,1.47050e-44,1.11166e-01,9.96825e-01,2.06803e-10
3.201162670e+00,6.98301e-54,9.99999e-01,1.30412e-35,1.19721e-02,9.96887e-01,1.10833e-17
3.217168483e+00,1.29792e-59,9.99999e-01,5.93134e-34,4.20864e-02,9.96949e-01,3.24696e-25
3.233254326e+00,7.33149e-67,9.99999e-01,4.23627e-29,1.14634e-01,9.97009e-01,7.84755e-38
3.249420598e+00,2.14298e-78,9.99999e-01,4.82894e-17,2.23156e-01,9.97068e-01,1.17254e-61
3.265667701e+00,2.50404e-113,9.99999e-01,1.68464e-14,1.13477e-01,9.97126e-01,7.39964e-99
3.281996039e+00,9.75659e-166,9.99999e-01,3.53797e-11,1.77152e-01,9.97182e-01,1.07855e-154
3.298406019e+00,1.81553e-232,9.99999e-01,2.17687e-09,5.36127e-02,9.97238e-01,8.64644e-223
3.314898049e+00,3.95253e-323,9.99999e-01,4.46165e-09,4.48123e-02,9.97292e-01,1.59525e-313
3.331472540e+00,2.93204e-265,9.99999e-01,9.32497e-09,9.41572e-02,9.97346e-01,2.33677e-256
3.348129902e+00,9.05100e-193,9.99999e-01,4.60285e-07,8.22083e-02,9.97398e-01,1.59301e-185
3.364870552e+00,3.10090e-133,9.99999e-01,1.06577e-06,1.32694e-01,9.97449e-01,1.84641e-126
3.381694905e+00,6.46276e-84,9.99999e-01,5.29987e-06,1.63585e-01,9.97500e-01,4.44513e-78
3.398603379e+00,2.65303e-51,9.99999e-01,1.30476e-04,2.71601e-01,9.97549e-01,6.46115e-47
3.415596396e+00,1.65721e-31,9.99999e-01,2.48337e-04,3.79727e-01,9.97597e-01,1.61757e-27
3.432674378e+00,1.47195e-21,9.99999e-01,4.37922e-05,4.06225e-01,9.97645e-01,7.05517e-17
3.449837750e+00,1.60427e-14,9.99999e-01,4.57177e-07,5.40004e-01,9.97691e-01,5.41153e-08
3.467086939e+00,3.86097e-13,9.99999e-01,1.04354e-11,6.53557e-01,9.97737e-01,5.11391e-02
3.484422373e+00,5.07564e-16,9.99999e-01,1.05076e-15,6.71809e-01,9.97781e-01,6.20509e-01
3.501844485e+00,1.04777e-22,9.99999e-01,4.33050e-22,7.95254e-01,9.97825e-01,2.86729e-01
3.519353708e+00,1.12090e-26,9.99999e-01,1.26964e-26,8.25504e-01,9.97868e-01,9.98650e-01
3.536950476e+00,1.65103e-32,9.99999e-01,1.90935e-32,8.41403e-01,9.97910e-01,9.97534e-01
3.554635228e+00,2.75679e-32,9.99999e-01,3.01442e-32,8.98989e-01,9.97951e-01,9.94682e-01
3.572408405e+00,1.75957e-26,9.99999e-01,1.90759e-26,9.02397e-01,9.97992e-01,9.91234e-01
3.590270447e+00,4.32987e-25,9.99999e-01,4.57522e-25,9.31130e-01,9.98031e-01,9.94604e-01
3.608221799e+00,4.80204e-18,9.99999e-01,5.02546e-18,9.46092e-01,9.98070e-01,9.96646e-01
3.626262908e+00,1.53785e-10,9.99999e-01,1.58860e-10,9.53763e-01,9.98108e-01,9.98273e-01
3.644394222e+00,2.40883e-08,9.99999e-01,2.47728e-08,9.72097e-01,9.98145e-01,9.98140e-01
3.662616193e+00,1.11586e-04,9.99999e-01,1.15574e-04,9.54189e-01,9.98182e-01,9.96826e-01
3.680929274e+00,1.37916e-02,9.99999e-01,1.47785e-02,9.26564e-01,9.98218e-01,9.92000e-01
3.699333921e+00,1.36772e-01,9.99999e-01,1.43871e-01,9.64942e-01,9.98253e-01,9.84796e-01
3.717830590e+00,8.17175e-02,9.99999e-01,8.62435e-02,9.72541e-01,9.98287e-01,9.72224e-01
3.736419743e+00,1.98752e-03,9.99999e-01,2.12990e-03,9.67947e-01,9.98321e-01,9.58395e-01
3.755101842e+00,2.88375e-09,9.99998e-01,3.07857e-09,9.65639e-01,9.98354e-01,9.61095e-01
3.773877351e+00,2.48633e-20,9.99998e-01,2.61697e-20,9.71591e-01,9.98387e-01,9.72767e-01
3.792746738e+00,3.73923e-50,9.99997e-01,3.90549e-50,9.65779e-01,9.98419e-01,9.81248e-01
3.811710472e+00,5.75444e-33,9.99995e-01,6.00519e-33,9.58151e-01,9.98450e-01,9.82223e-01
3.830769024e+00,1.11755e-32,9.99992e-01,1.17445e-32,9.54895e-01,9.98480e-01,9.80502e-01
3.849922869e+00,5.09624e-45,9.99986e-01,5.41788e-45,9.34795e-01,9.98510e-01,9.76652e-01
3.869172484e+00,2.97255e-28,9.99981e-01,3.19757e-28,9.24146e-01,9.98540e-01,9.68290e-01
3.888518346e+00,1.34266e-12,9.99967e-01,1.45291e-12,9.57167e-01,9.98569e-01,9.56535e-01
3.907960938e+00,1.22916e-09,9.99960e-01,1.35893e-09,9.52261e-01,9.98597e-01,9.41454e-01
3.927500742e+00,6.51476e-10,9.99932e-01,7.70141e-10,7.34556e-01,9.98624e-01,9.25940e-01
3.947138246e+00,1.83141e-14,9.99905e-01,2.31032e-14,8.25684e-01,9.98652e-01,9.14627e-01
3.966873937e+00,1.11952e-21,9.99892e-01,1.37304e-21,6.13652e-01,9.98678e-01,8.98219e-01
3.986708307e+00,3.27317e-33,9.99825e-01,3.93438e-33,9.18230e-01,9.98704e-01,8.72888e-01
4.006641849e+00,7.45444e-60,9.99770e-01,9.04037e-60,9.69997e-01,9.98730e-01,8.41324e-01
4.026675058e+00,5.50284e-298,9.99811e-01,6.98477e-298,9.65377e-01,9.98755e-01,8.06173e-01
4.046808433e+00,0.00000e+00,9.99801e-01,0.00000e+00,9.58292e-01,9.98779e-01,7.69826e-01
4.067042475e+00,0.00000e+00,9.99717e-01,0.00000e+00,9.52094e-01,9.98804e-01,7.34917e-01
4.087377688e+00,0.00000e+00,9.99668e-01,0.00000e+00,9.48724e-01,9.98827e-01,7.03590e-01
4.107814576e+00,0.00000e+00,9.99613e-01,0.00000e+00,9.29688e-01,9.98850e-01,6.78973e-01
4.128353649e+00,0.00000e+00,9.99609e-01,0.00000e+00,8.91683e-01,9.98873e-01,6.63156e-01
4.148995417e+00,0.00000e+00,9.99730e-01,0.00000e+00,8.67023e-01,9.98895e-01,6.55811e-01
4.169740394e+00,0.00000e+00,9.99750e-01,0.00000e+00,7.96786e-01,9.98917e-01,6.57122e-01
4.190589096e+00,0.00000e+00,9.99768e-01,0.00000e+00,7.58027e-01,9.98938e-01,6.63812e-01
4.211542042e+00,0.00000e+00,9.99785e-01,0.00000e+00,6.46711e-01,9.98959e-01,6.65690e-01
4.232599752e+00,0.00000e+00,9.99869e-01,0.00000e+00,6.17800e-01,9.98980e-01,6.54829e-01
4.253762751e+00,0.00000e+00,9.99908e-01,0.00000e+00,5.43458e-01,9.99000e-01,6.21805e-01
4.275031564e+00,0.00000e+00,9.99849e-01,0.00000e+00,4.30670e-01,9.99020e-01,5.64394e-01
4.296406722e+00,0.00000e+00,9.98535e-01,0.00000e+00,3.31898e-01,9.99039e-01,5.46865e-01
4.317888756e+00,0.00000e+00,9.99712e-01,0.00000e+00,3.81544e-01,9.99058e-01,5.94415e-01
4.339478200e+00,0.00000e+00,9.99830e-01,0.00000e+00,2.98083e-01,9.99077e-01,6.65443e-01
4.361175591e+00,0.00000e+00,9.99862e-01,0.00000e+00,2.43407e-01,9.99095e-01,7.11544e-01
4.382981469e+00,0.00000e+00,9.99853e-01,0.00000e+00,2.46219e-01,9.99113e-01,7.35772e-01
4.404896376e+00,0.00000e+00,9.99795e-01,0.00000e+00,2.31857e-01,9.99130e-01,7.49768e-01
4.426920858e+00,0.00000e+00,9.99793e-01,0.00000e+00,1.38517e-01,9.99147e-01,7.61862e-01
4.449055462e+00,0.00000e+00,9.99856e-01,0.00000e+00,2.38915e-01,9.99164e-01,7.75756e-01
4.471300739e+00,0.00000e+00,9.99850e-01,0.00000e+00,1.59378e-01,9.99181e-01,7.92784e-01
4.493657243e+00,0.00000e+00,9.99870e-01,0.00000e+00,2.33811e-01,9.99197e-01,8.12809e-01
4.516125529e+00,0.00000e+00,9.99876e-01,0.00000e+00,1.06599e-01,9.99213e-01,8.34380e-01
4.538706157e+00,0.00000e+00,9.99853e-01,0.00000e+00,1.80390e-01,9.99228e-01,8.56970e-01
4.561399688e+00,0.00000e+00,9.99897e-01,0.00000e+00,1.62073e-01,9.99243e-01,8.79100e-01
4.584206686e+00,0.00000e+00,9.99919e-01,0.00000e+00,2.36878e-01,9.99258e-01,8.99656e-01
4.607127720e+00,0.00000e+00,9.99920e-01,0.00000e+00,1.52813e-01,9.99273e-01,9.18101e-01
4.630163358e+00,0.00000e+00,9.99949e-01,0.00000e+00,5.13431e-02,9.99287e-01,9.34202e-01
4.653314175e+00,0.00000e+00,9.99952e-01,0.00000e+00,4.70502e-02,9.99301e-01,9.47574e-01
4.676580746e+00,0.00000e+00,9.99954e-01,0.00000e+00,9.34320e-03,9.99315e-01,9.58356e-01
4.699963650e+00,0.00000e+00,9.99975e-01,0.00000e+00,3.78198e-02,9.99329e-01,9.66940e-01
4.723463468e+00,0.00000e+00,9.99970e-01,0.00000e+00,9.51279e-03,9.99342e-01,9.73573e-01
4.747080785e+00,0.00000e+00,9.99984e-01,0.00000e+00,6.26881e-02,9.99355e-01,9.78478e-01
4.770816189e+00,0.00000e+00,9.99985e-01,0.00000e+00,1.29186e-02,9.99367e-01,9.82113e-01
4.794670270e+00,0.00000e+00,9.99984e-01,0.00000e+00,4.70447e-03,9.99380e-01,9.84795e-01
4.818643622e+00,0.00000e+00,9.99992e-01,0.00000e+00,3.72755e-03,9.99392e-01,9.86687e-01
4.842736840e+00,0.00000e+00,9.99993e-01,0.00000e+00,8.81930e-04,9.99404e-01,9.87751e-01
4.866950524e+00,0.00000e+00,9.99995e-01,0.00000e+00,8.99267e-03,9.99416e-01,9.88075e-01
4.891285276e+00,0.00000e+00,9.99996e-01,0.00000e+00,4.04399e-04,9.99427e-01,9.87698e-01
4.915741703e+00,0.00000e+00,9.99997e-01,0.00000e+00,2.40096e-03,9.99439e-01,9.87083e-01
4.940320411e+00,0.00000e+00,9.99997e-01,0.00000e+00,3.10432e-04,9.99450e-01,9.85615e-01
4.965022013e+00,0.00000e+00,9.99998e-01,0.00000e+00,4.77751e-05,9.99461e-01,9.83776e-01
4.989847123e+00,0.00000e+00,9.99998e-01,0.00000e+00,3.15246e-04,9.99471e-01,9.81931e-01
5.014796359e+00,0.00000e+00,9.99998e-01,0.00000e+00,7.86914e-06,9.99482e-01,9.79221e-01
5.039870341e+00,0.00000e+00,9.99999e-01,0.00000e+00,2.83076e-05,9.99492e-01,9.75973e-01
5.065069693e+00,0.00000e+00,9.99999e-01,0.00000e+00,4.72071e-05,9.99502e-01,9.70845e-01
5.090395041e+00,0.00000e+00,9.99999e-01,0.00000e+00,5.49383e-07,9.99512e-01,9.65490e-01
5.115847016e+00,0.00000e+00,9.99999e-01,0.00000e+00,2.11425e-07,9.99521e-01,9.58422e-01
5.141426251e+00,0.00000e+00,9.99999e-01,0.00000e+00,1.61580e-09,9.99531e-01,9.48770e-01
5.167133383e+00,0.00000e+00,9.99999e-01,0.00000e+00,1.91045e-10,9.99540e-01,9.39472e-01
5.192969049e+00,0.00000e+00,9.99999e-01,0.00000e+00,1.87588e-10,9.99549e-01,9.28725e-01
5.218933895e+00,0.00000e+00,9.99999e-01,0.00000e+00,5.96237e-16,9.99558e-01,9.14688e-01
5.245028564e+00,0.00000e+00,9.99999e-01,0.00000e+00,3.93044e-12,9.99567e-01,8.96611e-01
5.271253707e+00,0.00000e+00,9.99999e-01,0.00000e+00,4.30235e-13,9.99575e-01,8.72708e-01
5.297609976e+00,0.00000e+00,9.99999e-01,0.00000e+00,3.85438e-15,9.99584e-01,8.44847e-01
5.324098025e+00,0.00000e+00,9.99999e-01,0.00000e+00,1.25449e-15,9.99592e-01,8.12244e-01
5.350718516e+00,0.00000e+00,9.99999e-01,0.00000e+00,6.85462e-19,9.99600e-01,7.69175e-01
5.377472108e+00,0.00000e+00,9.99999e-01,0.00000e+00,2.46371e-19,9.99608e-01,7.29675e-01
5.404359469e+00,0.00000e+00,9.99999e-01,0.00000e+00,2.41172e-19,9.99615e-01,6.86420e-01
5.431381266e+00,0.00000e+00,9.99999e-01,0.00000e+00,6.74537e-35,9.99623e-01,6.48739e-01
5.458538172e+00,0.00000e+00,9.99999e-01,0.00000e+00,4.75544e-35,9.99630e-01,6.02112e-01
5.485830863e+00,3.77075e-253,9.99999e-01,1.88421e-217,3.73869e-37,9.99638e-01,5.44560e-01
5.513260018e+00,5.59572e-198,9.99999e-01,3.17451e-160,3.16609e-39,9.99645e-01,4.89272e-01
5.540826318e+00,4.30454e-146,9.99999e-01,1.43488e-106,2.34350e-41,9.99652e-01,4.30180e-01
5.568530449e+00,4.09842e-143,9.99999e-01,9.33384e-81,3.92581e-64,9.99659e-01,3.64156e-01
5.596373101e+00,1.88920e-119,9.99999e-01,6.99774e-60,2.68030e-61,9.99665e-01,3.08587e-01
5.624354967e+00,7.41960e-107,9.99999e-01,7.43449e-53,3.04181e-55,9.99672e-01,2.57029e-01
5.652476742e+00,6.87295e-104,9.99999e-01,5.02413e-45,2.19943e-60,9.99678e-01,2.08667e-01
5.680739126e+00,8.96071e-109,9.99999e-01,1.82404e-40,1.85376e-69,9.99685e-01,1.64577e-01
5.709142821e+00,2.43218e-113,9.99999e-01,3.72023e-38,1.21128e-75,9.99691e-01,1.27168e-01
5.737688535e+00,3.91121e-112,9.99999e-01,2.96756e-39,3.36834e-73,9.99697e-01,9.16362e-02
5.766376978e+00,5.93464e-90,9.99999e-01,5.75377e-35,5.05643e-56,9.99703e-01,6.22758e-02
5.795208863e+00,3.50307e-76,9.99999e-01,1.28161e-25,5.75859e-51,9.99709e-01,3.95230e-02
5.824184907e+00,9.35514e-81,9.99999e-01,1.61463e-18,4.20353e-62,9.99715e-01,2.40188e-02
5.853305832e+00,5.38583e-80,9.99999e-01,6.72754e-19,6.43894e-61,9.99720e-01,1.47074e-02
5.882572361e+00,6.92090e-97,9.99999e-01,3.85670e-22,6.74304e-75,9.99726e-01,9.18982e-03
5.911985223e+00,1.93321e-91,9.99999e-01,3.41284e-19,9.61042e-72,9.99731e-01,5.65616e-03
5.941545149e+00,5.96814e-85,9.99999e-01,1.25180e-10,4.66730e-74,9.99736e-01,3.42463e-03
5.971252874e+00,1.07024e-71,9.99999e-01,1.03351e-06,5.79841e-64,9.99742e-01,2.10033e-03
6.001109139e+00,1.48751e-50,9.99999e-01,2.85565e-05,2.76018e-43,9.99747e-01,1.29868e-03
6.031114685e+00,2.45797e-55,9.99999e-01,6.38917e-06,9.83058e-48,9.99752e-01,8.07712e-04
6.061270258e+00,9.51837e-57,9.99999e-01,6.90983e-08,1.59818e-47,9.99757e-01,4.71862e-04
6.091576609e+00,5.55424e-53,9.99999e-01,9.43312e-11,3.51965e-40,9.99761e-01,2.20101e-04
6.122034492e+00,8.35500e-42,9.99999e-01,6.60770e-14,7.94496e-26,9.99766e-01,7.99771e-05
6.152644665e+00,1.31788e-47,9.99999e-01,2.03853e-18,2.05736e-26,9.99771e-01,2.21599e-05
6.183407888e+00,1.22715e-42,9.99999e-01,3.14587e-21,5.36402e-18,9.99775e-01,3.68845e-06
6.214324928e+00,9.07090e-40,9.99999e-01,2.38458e-22,2.79684e-12,9.99780e-01,3.01827e-07
6.245396552e+00,9.76787e-33,9.99999e-01,1.55681e-17,1.42846e-08,9.99784e-01,9.71881e-09
6.276623535e+00,1.55796e-33,9.99999e-01,1.34641e-15,5.21352e-09,9.99788e-01,9.91828e-11
6.308006653e+00,1.59696e-36,9.99999e-01,1.15644e-16,6.83798e-09,9.99792e-01,2.55616e-13
6.339546686e+00,2.35198e-54,9.99999e-01,4.15885e-22,1.81966e-18,9.99796e-01,1.27544e-16
6.371244419e+00,1.83763e-81,9.99999e-01,4.76615e-25,1.42145e-38,9.99800e-01,9.07217e-21
6.403100641e+00,3.26091e-95,9.99999e-01,2.06808e-18,4.69720e-54,9.99804e-01,1.52656e-25
6.435116145e+00,3.08493e-155,9.99999e-01,4.19052e-09,8.90389e-118,9.99808e-01,2.61205e-31
6.467291725e+00,1.09425e-162,9.99999e-01,5.16898e-05,1.91692e-118,9.99812e-01,1.04972e-41
6.499628184e+00,7.09107e-188,9.99999e-01,1.16441e-02,3.71359e-135,9.99816e-01,3.44755e-52
6.532126325e+00,2.48768e-183,9.99999e-01,7.70520e-02,2.94538e-119,9.99819e-01,6.57520e-64
6.564786956e+00,2.26527e-224,9.99999e-01,1.66265e-01,2.19368e-143,9.99823e-01,4.66667e-81
6.597610891e+00,2.44848e-291,9.99999e-01,2.29131e-01,3.95162e-193,9.99826e-01,2.35948e-98
6.630598946e+00,7.89912e-250,9.99999e-01,2.76950e-01,3.69949e-127,9.99830e-01,7.18917e-123
6.663751940e+00,4.61074e-267,9.99999e-01,2.76667e-01,1.88117e-118,9.99833e-01,8.23342e-149
6.697070700e+00,6.83133e-276,9.99999e-01,1.93662e-01,7.98080e-94,9.99836e-01,3.07395e-182
6.730556054e+00,9.14991e-282,9.99999e-01,9.97071e-02,2.02607e-64,9.99840e-01,2.85880e-217
6.764208834e+00,0.00000e+00,9.99999e-01,2.92305e-02,1.57434e-64,9.99843e-01,1.34315e-259
6.798029878e+00,0.00000e+00,9.99999e-01,4.87969e-03,6.84333e-79,9.99846e-01,5.49402e-317
6.832020027e+00,0.00000e+00,9.99999e-01,2.64785e-04,5.68355e-79,9.99849e-01,0.00000e+00
6.866180128e+00,0.00000e+00,9.99999e-01,3.45283e-06,1.15739e-90,9.99852e-01,0.00000e+00
6.900511028e+00,0.00000e+00,9.99999e-01,8.48552e-09,3.07126e-52,9.99855e-01,0.00000e+00
6.935013583e+00,0.00000e+00,9.99999e-01,7.63895e-14,4.95585e-52,9.99858e-01,0.00000e+00
6.969688651e+00,0.00000e+00,9.99999e-01,1.80790e-19,2.08248e-65,9.99860e-01,0.00000e+00
7.004537095e+00,0.00000e+00,9.99999e-01,4.08452e-30,2.57829e-64,9.99863e-01,0.00000e+00
7.039559780e+00,0.00000e+00,9.99999e-01,1.11479e-38,6.01207e-70,9.99866e-01,0.00000e+00
7.074757579e+00,0.00000e+00,9.99999e-01,8.88453e-53,4.98046e-55,9.99868e-01,0.00000e+00
7.110131367e+00,0.00000e+00,9.99999e-01,2.16473e-61,1.55494e-54,9.99871e-01,0.00000e+00
7.145682024e+00,0.00000e+00,9.99999e-01,4.68792e-73,3.89363e-61,9.99873e-01,0.00000e+00
7.181410434e+00,0.00000e+00,9.99999e-01,9.69909e-80,2.46725e-77,9.99876e-01,0.00000e+00
7.217317486e+00,0.00000e+00,9.99999e-01,1.30715e-83,2.37925e-57,9.99878e-01,0.00000e+00
7.253404073e+00,0.00000e+00,9.99999e-01,1.33384e-82,1.47708e-57,9.99881e-01,0.00000e+00
7.289671094e+00,0.00000e+00,9.99999e-01,1.07352e-65,1.58987e-50,9.99883e-01,0.00000e+00
7.326119449e+00,0.00000e+00,9.99999e-01,8.07247e-62,2.32077e-50,9.99885e-01,0.00000e+00
7.362750046e+00,0.00000e+00,9.99999e-01,2.37677e-67,4.94268e-37,9.99888e-01,0.00000e+00
7.399563797e+00,0.00000e+00,9.99999e-01,6.38041e-67,3.81385e-30,9.99890e-01,0.00000e+00
7.436561616e+00,0.00000e+00,9.99999e-01,6.87947e-56,4.43319e-33,9.99892e-01,0.00000e+00
7.473744424e+00,0.00000e+00,9.99999e-01,3.85253e-37,2.90968e-31,9.99894e-01,0.00000e+00
7.511113146e+00,0.00000e+00,9.99999e-01,2.41437e-26,8.30423e-27,9.99896e-01,0.00000e+00
7.548668712e+00,0.00000e+00,9.99999e-01,1.71233e-16,2.13634e-28,9.99898e-01,0.00000e+00
7.586412055e+00,0.00000e+00,9.99999e-01,1.44318e-13,2.53429e-50,9.99900e-01,0.00000e+00
7.624344115e+00,0.00000e+00,9.99999e-01,3.85121e-13,2.61465e-25,9.99902e-01,0.00000e+00
7.662465836e+00,0.00000e+00,9.99999e-01,2.67145e-15,1.02168e-15,9.99904e-01,0.00000e+00
7.700778165e+00,0.00000e+00,9.99999e-01,1.77085e-20,5.09300e-16,9.99906e-01,0.00000e+00
7.739282056e+00,0.00000e+00,9.99999e-01,3.93999e-33,1.44003e-25,9.99908e-01,0.00000e+00
7.777978466e+00,0.00000e+00,9.99999e-01,4.59096e-44,1.20765e-17,9.99910e-01,0.00000e+00
7.816868359e+00,0.00000e+00,9.99999e-01,4.37724e-59,1.35898e-14,9.99911e-01,0.00000e+00
7.855952700e+00,0.00000e+00,9.99999e-01,1.72686e-60,4.12058e-15,9.99913e-01,0.00000e+00
7.895232464e+00,0.00000e+00,9.99999e-01,5.33398e-51,4.19356e-15,9.99915e-01,0.00000e+00
7.934708626e+00,0.00000e+00,9.99999e-01,9.17215e-47,9.22734e-10,9.99916e-01,0.00000e+00
7.974382169e+00,0.00000e+00,9.99999e-01,1.17949e-51,4.86070e-07,9.99918e-01,0.00000e+00
8.014254080e+00,0.00000e+00,9.99999e-01,3.29719e-62,9.03033e-08,9.99920e-01,0.00000e+00
8.054325351e+00,0.00000e+00,9.99999e-01,2.08897e-63,1.90621e-07,9.99921e-01,0.00000e+00
8.094596977e+00,0.00000e+00,9.99999e-01,6.34972e-61,1.06187e-05,9.99923e-01,0.00000e+00
8.135069962e+00,0.00000e+00,9.99999e-01,3.48416e-55,1.05698e-05,9.99924e-01,0.00000e+00
8.175745312e+00,8.30762e-316,9.99999e-01,6.17252e-46,1.54217e-06,9.99926e-01,3.24174e-266
8.216624039e+00,3.23307e-250,9.99999e-01,9.65368e-40,8.57747e-05,9.99927e-01,1.69285e-207
8.257707159e+00,4.68257e-195,9.99999e-01,9.23608e-32,5.27850e-04,9.99929e-01,6.55945e-162
8.298995695e+00,6.06028e-154,9.99999e-01,1.42320e-28,5.08359e-03,9.99930e-01,5.29484e-124
8.340490673e+00,4.89280e-122,9.99999e-01,2.27809e-26,1.40052e-03,9.99931e-01,7.25175e-94
8.382193126e+00,1.22036e-96,9.99999e-01,1.27325e-24,1.05525e-02,9.99933e-01,5.68846e-71
8.424104092e+00,3.30857e-75,9.99999e-01,2.93863e-20,2.95448e-03,9.99934e-01,6.24825e-54
8.466224613e+00,3.08099e-58,9.99999e-01,5.99142e-16,8.40346e-03,9.99935e-01,3.98584e-41
8.508555736e+00,3.59837e-40,9.99999e-01,7.21530e-10,3.00097e-03,9.99937e-01,1.24077e-29
8.551098514e+00,1.28973e-29,9.99999e-01,4.54693e-07,5.19607e-02,9.99938e-01,3.44895e-22
8.593854007e+00,2.98572e-24,9.99999e-01,1.13707e-06,1.53454e-01,9.99939e-01,1.45701e-17
8.636823277e+00,2.80797e-21,9.99999e-01,9.30824e-08,1.84857e-01,9.99940e-01,1.45647e-13
8.680007393e+00,1.47416e-19,9.99999e-01,8.58049e-09,6.55656e-02,9.99941e-01,1.80305e-10
8.723407430e+00,8.73824e-18,9.99999e-01,2.37424e-09,1.15162e-01,9.99942e-01,2.92639e-08
8.767024467e+00,7.58591e-18,9.99999e-01,4.43659e-11,7.72945e-02,9.99944e-01,1.49884e-06
8.810859590e+00,3.19527e-39,9.99999e-01,2.82785e-34,8.65594e-02,9.99945e-01,4.12765e-05
8.854913888e+00,1.57626e-119,9.99999e-01,9.44423e-116,3.41803e-01,9.99946e-01,4.25401e-04
8.899188457e+00,0.00000e+00,9.99999e-01,0.00000e+00,2.88351e-01,9.99947e-01,2.53943e-03
8.943684399e+00,0.00000e+00,9.99999e-01,0.00000e+00,2.01829e-01,9.99948e-01,1.12882e-02
8.988402821e+00,0.00000e+00,9.99999e-01,0.00000e+00,1.80786e-01,9.99949e-01,3.20530e-02
9.033344836e+00,0.00000e+00,9.99999e-01,0.00000e+00,1.21940e-01,9.99950e-01,7.10115e-02
9.078511560e+00,0.00000e+00,9.99999e-01,0.00000e+00,2.06659e-01,9.99951e-01,1.31495e-01
9.123904118e+00,0.00000e+00,9.99999e-01,0.00000e+00,3.29601e-01,9.99952e-01,2.10341e-01
9.169523638e+00,0.00000e+00,9.99999e-01,0.00000e+00,2.50272e-01,9.99953e-01,3.02546e-01
9.215371256e+00,0.00000e+00,9.99999e-01,0.00000e+00,4.85152e-01,9.99954e-01,3.99039e-01
9.261448113e+00,0.00000e+00,9.99999e-01,0.00000e+00,4.54061e-01,9.99955e-01,4.94372e-01
9.307755353e+00,0.00000e+00,9.99999e-01,0.00000e+00,3.13879e-01,9.99955e-01,5.74685e-01
9.354294130e+00,0.00000e+00,9.99999e-01,0.00000e+00,2.45465e-01,9.99956e-01,6.53314e-01
9.401065601e+00,0.00000e+00,9.99999e-01,0.00000e+00,1.22849e-01,9.99957e-01,7.21460e-01
9.448070929e+00,0.00000e+00,9.99999e-01,0.00000e+00,1.85191e-01,9.99958e-01,7.73534e-01
9.495311283e+00,0.00000e+00,9.99999e-01,0.00000e+00,4.26742e-01,9.99959e-01,8.17116e-01
9.542787840e+00,0.00000e+00,9.99999e-01,0.00000e+00,5.33126e-01,9.99960e-01,8.56211e-01
9.590501779e+00,0.00000e+00,9.99999e-01,0.00000e+00,3.71953e-01,9.99960e-01,8.87719e-01
9.638454288e+00,0.00000e+00,9.99999e-01,0.00000e+00,3.64780e-01,9.99961e-01,9.10542e-01
9.686646559e+00,0.00000e+00,9.99999e-01,0.00000e+00,3.92607e-01,9.99962e-01,9.28901e-01
9.735079792e+00,0.00000e+00,9.99999e-01,0.00000e+00,4.96515e-01,9.99963e-01,9.43585e-01
9.783755191e+00,0.00000e+00,9.99999e-01,0.00000e+00,4.19412e-01,9.99963e-01,9.55288e-01
9.832673967e+00,0.00000e+00,9.99999e-01,0.00000e+00,1.49579e-01,9.99964e-01,9.64591e-01
9.881837337e+00,0.00000e+00,9.99999e-01,0.00000e+00,4.82084e-02,9.99965e-01,9.71959e-01
9.931246523e+00,0.00000e+00,9.99999e-01,0.00000e+00,2.74742e-01,9.99965e-01,9.78285e-01
9.980902756e+00,0.00000e+00,9.99999e-01,0.00000e+00,4.33420e-01,9.99966e-01,9.99588e-01
1.003080727e+01,0.00000e+00,9.99999e-01,0.00000e+00,4.35458e-01,9.99967e-01,9.99568e-01
1.008096131e+01,0.00000e+00,9.99999e-01,0.00000e+00,4.84906e-01,9.99967e-01,9.99548e-01
1.013136611e+01,0.00000e+00,9.99999e-01,0.00000e+00,5.73968e-01,9.99968e-01,9.99526e-01
1.018202294e+01,0.00000e+00,9.99999e-01,0.00000e+00,6.10457e-01,9.99969e-01,9.99504e-01
1.023293306e+01,0.00000e+00,9.99999e-01,0.00000e+00,4.17518e-01,9.99969e-01,9.99479e-01
1.028409772e+01,0.00000e+00,9.99999e-01,0.00000e+00,2.12492e-01,9.99970e-01,9.99453e-01
1.033551821e+01,0.00000e+00,9.99999e-01,0.00000e+00,1.83689e-01,9.99970e-01,9.99425e-01
1.038719580e+01,0.00000e+00,9.99999e-01,0.00000e+00,6.78769e-02,9.99971e-01,9.99396e-01
1.043913178e+01,0.00000e+00,9.99999e-01,0.00000e+00,7.52469e-02,9.99971e-01,9.99365e-01
1.049132744e+01,0.00000e+00,9.99999e-01,0.00000e+00,2.12892e-01,9.99972e-01,9.99332e-01
1.054378408e+01,0.00000e+00,9.99999e-01,0.00000e+00,3.10963e-01,9.99973e-01,9.99297e-01
1.059650300e+01,0.00000e+00,9.99999e-01,0.00000e+00,2.92164e-01,9.99973e-01,9.99260e-01
1.064948551e+01,0.00000e+00,9.99999e-01,0.00000e+00,2.56356e-01,9.99974e-01,9.99222e-01
1.070273294e+01,0.00000e+00,9.99999e-01,0.00000e+00,1.45207e-01,9.99974e-01,9.99181e-01
1.075624661e+01,0.00000e+00,9.99999e-01,0.00000e+00,1.62131e-01,9.99975e-01,9.99139e-01
1.081002784e+01,0.00000e+00,9.99999e-01,0.00000e+00,1.68751e-01,9.99975e-01,9.99094e-01
1.086407798e+01,0.00000e+00,9.99999e-01,0.00000e+00,5.20881e-02,9.99976e-01,9.99049e-01
1.091839837e+01,0.00000e+00,9.99999e-01,0.00000e+00,1.41833e-02,9.99976e-01,9.98998e-01
1.097299036e+01,0.00000e+00,9.99999e-01,0.00000e+00,1.41540e-03,9.99976e-01,9.98946e-01
1.102785531e+01,0.00000e+00,9.99999e-01,0.00000e+00,7.37550e-04,9.99977e-01,9.98890e-01
1.108299459e+01,0.00000e+00,9.99999e-01,0.00000e+00,2.80080e-02,9.99977e-01,9.98833e-01
1.113840956e+01,0.00000e+00,9.99999e-01,0.00000e+00,1.38436e-01,9.99978e-01,9.98773e-01
1.119410161e+01,0.00000e+00,9.99999e-01,0.00000e+00,2.13437e-01,9.99978e-01,9.98710e-01
1.125007212e+01,0.00000e+00,9.99999e-01,0.00000e+00,1.20906e-01,9.99979e-01,9.98644e-01
1.130632248e+01,0.00000e+00,9.99999e-01,0.00000e+00,9.45577e-02,9.99979e-01,9.98571e-01
1.136285409e+01,0.00000e+00,9.99999e-01,0.00000e+00,1.69923e-01,9.99979e-01,9.98498e-01
1.141966836e+01,0.00000e+00,9.99999e-01,0.00000e+00,1.99729e-01,9.99980e-01,9.98421e-01
1.147676670e+01,0.00000e+00,9.99999e-01,0.00000e+00,1.40137e-01,9.99980e-01,9.98343e-01
1.153415054e+01,0.00000e+00,9.99999e-01,0.00000e+00,3.27674e-02,9.99981e-01,9.98259e-01
1.159182129e+01,0.00000e+00,9.99999e-01,0.00000e+00,1.25290e-02,9.99981e-01,9.98173e-01
1.164978039e+01,0.00000e+00,9.99999e-01,0.00000e+00,1.01059e-03,9.99981e-01,9.98082e-01
1.170802930e+01,0.00000e+00,9.99999e-01,0.00000e+00,1.50055e-04,9.99982e-01,9.97986e-01
1.176656944e+01,0.00000e+00,9.99999e-01,0.00000e+00,4.44484e-03,9.99982e-01,9.97887e-01
1.182540229e+01,0.00000e+00,9.99999e-01,0.00000e+00,3.10533e-02,9.99982e-01,9.97775e-01
1.188452930e+01,0.00000e+00,9.99999e-01,0.00000e+00,3.20339e-02,9.99983e-01,9.97663e-01
1.194395195e+01,0.00000e+00,9.99999e-01,0.00000e+00,5.16574e-02,9.99983e-01,9.97537e-01
1.200367171e+01,0.00000e+00,9.99999e-01,0.00000e+00,9.64166e-02,9.99983e-01,9.97406e-01
1.206369007e+01,0.00000e+00,9.99999e-01,0.00000e+00,3.78832e-02,9.99984e-01,9.97269e-01
1.212400852e+01,0.00000e+00,9.99999e-01,0.00000e+00,8.99782e-02,9.99984e-01,9.97122e-01
1.218462856e+01,0.00000e+00,9.99999e-01,0.00000e+00,8.68768e-02,9.99984e-01,9.96974e-01
1.224555170e+01,0.00000e+00,9.99999e-01,0.00000e+00,7.58917e-03,9.99984e-01,9.96824e-01
1.230677946e+01,0.00000e+00,9.99999e-01,0.00000e+00,2.29862e-03,9.99985e-01,9.96674e-01
1.236831336e+01,0.00000e+00,9.99999e-01,0.00000e+00,1.02009e-04,9.99985e-01,9.96517e-01
1.243015492e+01,0.00000e+00,9.99999e-01,0.00000e+00,2.45684e-06,9.99985e-01,9.96351e-01
1.249230570e+01,0.00000e+00,9.99999e-01,0.00000e+00,4.39460e-06,9.99986e-01,9.96185e-01
1.255476723e+01,0.00000e+00,9.99999e-01,0.00000e+00,2.39909e-05,9.99986e-01,9.96006e-01
1.261754106e+01,0.00000e+00,9.99999e-01,0.00000e+00,3.17094e-03,9.99986e-01,9.95826e-01
1.268062877e+01,0.00000e+00,9.99999e-01,0.00000e+00,1.61475e-02,9.99986e-01,9.95632e-01
1.274403191e+01,0.00000e+00,9.99999e-01,0.00000e+00,9.59105e-03,9.99987e-01,9.95422e-01
1.280775207e+01,0.00000e+00,9.99999e-01,0.00000e+00,2.61671e-02,9.99987e-01,9.95212e-01
1.287179083e+01,0.00000e+00,9.99999e-01,0.00000e+00,7.80912e-03,9.99987e-01,9.94981e-01
1.293614979e+01,0.00000e+00,9.99999e-01,0.00000e+00,1.36347e-02,9.99987e-01,9.94747e-01
1.300083054e+01,0.00000e+00,9.99999e-01,0.00000e+00,8.33594e-04,9.99988e-01,9.94509e-01
1.306583469e+01,0.00000e+00,9.99999e-01,0.00000e+00,8.27538e-04,9.99988e-01,9.94261e-01
1.313116386e+01,0.00000e+00,9.99999e-01,0.00000e+00,5.43462e-04,9.99988e-01,9.94013e-01
1.319681968e+01,0.00000e+00,9.99999e-01,0.00000e+00,2.52382e-04,9.99988e-01,9.93743e-01
1.326280378e+01,0.00000e+00,9.99999e-01,0.00000e+00,1.01804e-06,9.99988e-01,9.93463e-01
1.332911780e+01,0.00000e+00,9.99999e-01,0.00000e+00,1.72667e-06,9.99989e-01,9.93180e-01
1.339576339e+01,0.00000e+00,9.99999e-01,0.00000e+00,4.70137e-07,9.99989e-01,9.87209e-01
1.346274221e+01,0.00000e+00,9.99999e-01,0.00000e+00,4.41913e-10,9.99989e-01,9.86295e-01
1.353005592e+01,0.00000e+00,9.99999e-01,0.00000e+00,1.55190e-05,9.99989e-01,9.85297e-01
1.359770620e+01,0.00000e+00,9.99999e-01,0.00000e+00,5.23809e-05,9.99989e-01,9.84276e-01
1.366569473e+01,0.00000e+00,9.99999e-01,0.00000e+00,3.71637e-05,9.99990e-01,9.83198e-01
1.373402320e+01,0.00000e+00,9.99999e-01,0.00000e+00,6.94427e-04,9.99990e-01,9.82052e-01
1.380269332e+01,0.00000e+00,9.99999e-01,0.00000e+00,1.47156e-03,9.99990e-01,9.80832e-01
1.387170678e+01,0.00000e+00,9.99999e-01,0.00000e+00,1.44185e-04,9.99990e-01,9.79415e-01
1.394106532e+01,0.00000e+00,9.99999e-01,0.00000e+00,4.10936e-05,9.99990e-01,9.78040e-01
1.401077064e+01,0.00000e+00,9.99999e-01,0.00000e+00,3.49075e-06,9.99991e-01,9.76577e-01
1.408082450e+01,0.00000e+00,9.99999e-01,0.00000e+00,4.42756e-06,9.99991e-01,9.75026e-01
1.415122862e+01,0.00000e+00,9.99999e-01,0.00000e+00,1.10211e-08,9.99991e-01,9.73346e-01
1.422198476e+01,0.00000e+00,9.99999e-01,0.00000e+00,2.33937e-11,9.99991e-01,9.71566e-01
1.429309469e+01,0.00000e+00,9.99999e-01,0.00000e+00,1.24109e-10,9.99991e-01,9.69646e-01
1.436456016e+01,0.00000e+00,9.99999e-01,0.00000e+00,3.34012e-13,9.99991e-01,9.67546e-01
1.443638296e+01,0.00000e+00,9.99999e-01,0.00000e+00,6.12603e-15,9.99991e-01,9.65303e-01
1.450856487e+01,0.00000e+00,9.99999e-01,0.00000e+00,6.40453e-11,9.99992e-01,9.62903e-01
1.458110770e+01,0.00000e+00,9.99999e-01,0.00000e+00,9.47876e-08,9.99992e-01,9.60308e-01
1.465401324e+01,0.00000e+00,9.99999e-01,0.00000e+00,7.81376e-07,9.99992e-01,9.57547e-01
1.472728330e+01,0.00000e+00,9.99999e-01,0.00000e+00,8.59782e-07,9.99992e-01,9.54922e-01
1.480091972e+01,0.00000e+00,9.99999e-01,0.00000e+00,4.51181e-08,9.99992e-01,9.51741e-01
1.487492432e+01,0.00000e+00,9.99999e-01,0.00000e+00,7.27707e-13,9.99992e-01,9.48352e-01
1.494929894e+01,0.00000e+00,9.99999e-01,0.00000e+00,1.47201e-10,9.99992e-01,9.44681e-01
1.502404544e+01,0.00000e+00,9.99999e-01,0.00000e+00,1.78123e-08,9.99993e-01,9.40712e-01
1.509916566e+01,0.00000e+00,9.99999e-01,0.00000e+00,4.35294e-08,9.99993e-01,9.36976e-01
1.517466149e+01,0.00000e+00,9.99999e-01,0.00000e+00,3.62677e-09,9.99993e-01,9.33006e-01
1.525053480e+01,0.00000e+00,9.99999e-01,0.00000e+00,5.65006e-08,9.99993e-01,9.28161e-01
1.532678747e+01,0.00000e+00,9.99999e-01,0.00000e+00,8.74122e-10,9.99993e-01,9.23007e-01
1.540342141e+01,0.00000e+00,9.99999e-01,0.00000e+00,9.52605e-12,9.99993e-01,9.13598e-01
1.548043852e+01,0.00000e+00,9.99999e-01,0.00000e+00,4.39128e-13,9.99993e-01,9.08122e-01
1.555784071e+01,0.00000e+00,9.99999e-01,0.00000e+00,8.82412e-17,9.99993e-01,9.01713e-01
1.563562991e+01,0.00000e+00,9.99999e-01,0.00000e+00,6.44833e-24,9.99994e-01,8.94883e-01
1.571380806e+01,0.00000e+00,9.99999e-01,0.00000e+00,2.10368e-24,9.99994e-01,8.88467e-01
1.579237710e+01,0.00000e+00,9.99999e-01,0.00000e+00,4.26569e-18,9.99994e-01,8.81680e-01
1.587133899e+01,0.00000e+00,9.99999e-01,0.00000e+00,2.94836e-15,9.99994e-01,8.74501e-01
1.595069568e+01,0.00000e+00,9.99999e-01,0.00000e+00,4.08757e-17,9.99994e-01,8.66701e-01
1.603044916e+01,0.00000e+00,9.99999e-01,0.00000e+00,9.20095e-23,9.99994e-01,8.58478e-01
1.611060141e+01,0.00000e+00,9.99999e-01,0.00000e+00,2.12553e-22,9.99994e-01,8.48523e-01
1.619115441e+01,0.00000e+00,9.99999e-01,0.00000e+00,2.04451e-21,9.99994e-01,8.37914e-01
1.627211019e+01,0.00000e+00,9.99999e-01,0.00000e+00,4.36436e-24,9.99994e-01,8.28069e-01
1.635347074e+01,0.00000e+00,9.99999e-01,0.00000e+00,6.21052e-22,9.99994e-01,8.17696e-01
1.643523809e+01,0.00000e+00,9.99999e-01,0.00000e+00,2.57437e-22,9.99995e-01,8.06740e-01
1.651741428e+01,0.00000e+00,9.99999e-01,0.00000e+00,3.44416e-24,9.99995e-01,7.95184e-01
1.660000135e+01,0.00000e+00,9.99999e-01,0.00000e+00,3.40875e-30,9.99995e-01,7.83082e-01
1.668300136e+01,0.00000e+00,9.99999e-01,0.00000e+00,4.93892e-31,9.99995e-01,7.70323e-01
1.676641637e+01,0.00000e+00,9.99999e-01,0.00000e+00,3.80477e-27,9.99995e-01,7.56969e-01
1.685024845e+01,0.00000e+00,9.99999e-01,0.00000e+00,4.12241e-28,9.99995e-01,7.42948e-01
1.693449969e+01,0.00000e+00,9.99999e-01,0.00000e+00,1.43269e-34,9.99995e-01,7.28258e-01
1.701917219e+01,0.00000e+00,9.99999e-01,0.00000e+00,3.07542e-37,9.99995e-01,7.12800e-01
1.710426805e+01,0.00000e+00,9.99999e-01,0.00000e+00,1.48020e-47,9.99995e-01,6.96631e-01
1.718978939e+01,0.00000e+00,9.99999e-01,0.00000e+00,1.14059e-51,9.99995e-01,6.82404e-01
1.727573834e+01,0.00000e+00,9.99999e-01,0.00000e+00,1.04548e-52,9.99995e-01,6.67545e-01
1.736211703e+01,0.00000e+00,9.99999e-01,0.00000e+00,1.00215e-56,9.99995e-01,6.49245e-01
1.744892761e+01,0.00000e+00,9.99999e-01,0.00000e+00,7.34979e-49,9.99995e-01,6.30186e-01
1.753617225e+01,0.00000e+00,9.99999e-01,0.00000e+00,2.46756e-39,9.99996e-01,6.10441e-01
1.762385311e+01,0.00000e+00,9.99999e-01,0.00000e+00,2.87894e-38,9.99996e-01,5.89980e-01
1.771197238e+01,0.00000e+00,9.99999e-01,0.00000e+00,3.59109e-41,9.99996e-01,5.68829e-01
1.780053224e+01,0.00000e+00,9.99999e-01,0.00000e+00,3.15465e-44,9.99996e-01,5.50512e-01
1.788953490e+01,0.00000e+00,9.99999e-01,0.00000e+00,3.88941e-48,9.99996e-01,5.31612e-01
1.797898258e+01,0.00000e+00,9.99999e-01,0.00000e+00,1.60875e-54,9.99996e-01,5.08517e-01
1.806887749e+01,0.00000e+00,9.99999e-01,0.00000e+00,6.09427e-56,9.99996e-01,4.84919e-01
1.815922188e+01,0.00000e+00,9.99999e-01,0.00000e+00,2.59957e-74,9.99996e-01,4.64697e-01
1.825001799e+01,0.00000e+00,9.99999e-01,0.00000e+00,6.73129e-56,9.99996e-01,4.44167e-01
1.834126808e+01,0.00000e+00,9.99999e-01,0.00000e+00,7.42582e-54,9.99996e-01,4.19537e-01
1.843297442e+01,0.00000e+00,9.99999e-01,0.00000e+00,2.66657e-54,9.99996e-01,3.94679e-01
1.852513929e+01,0.00000e+00,9.99999e-01,0.00000e+00,1.23868e-72,9.99996e-01,3.73685e-01
1.861776499e+01,0.00000e+00,9.99999e-01,0.00000e+00,1.37047e-87,9.99996e-01,3.52576e-01
1.871085381e+01,0.00000e+00,9.99999e-01,0.00000e+00,3.35903e-69,9.99996e-01,3.27574e-01
1.880440808e+01,0.00000e+00,9.99999e-01,0.00000e+00,1.01967e-58,9.99996e-01,3.06742e-01
1.889843012e+01,0.00000e+00,9.99999e-01,0.00000e+00,1.78480e-59,9.99996e-01,2.86056e-01
1.899292227e+01,0.00000e+00,9.99999e-01,0.00000e+00,1.24894e-82,9.99996e-01,2.61860e-01
1.908788688e+01,0.00000e+00,9.99999e-01,0.00000e+00,8.80487e-79,9.99997e-01,2.41992e-01
1.918332632e+01,0.00000e+00,9.99999e-01,0.00000e+00,2.66297e-79,9.99997e-01,2.22510e-01
1.927924295e+01,0.00000e+00,9.99999e-01,0.00000e+00,6.96658e-98,9.99997e-01,2.03610e-01
1.937563916e+01,0.00000e+00,9.99999e-01,0.00000e+00,9.34310e-152,9.99997e-01,1.85222e-01
1.947251736e+01,0.00000e+00,9.99999e-01,0.00000e+00,1.33691e-154,9.99997e-01,1.67629e-01
1.956987994e+01,0.00000e+00,9.99999e-01,0.00000e+00,4.46292e-148,9.99997e-01,1.50760e-01
1.966772934e+01,0.00000e+00,9.99999e-01,0.00000e+00,6.80139e-122,9.99997e-01,1.31682e-01
1.976606799e+01,0.00000e+00,9.99999e-01,0.00000e+00,2.31885e-119,9.99997e-01,1.16717e-01
1.986489833e+01,0.00000e+00,9.99999e-01,0.00000e+00,2.93048e-127,9.99997e-01,1.02672e-01
1.996422282e+01,0.00000e+00,9.99999e-01,0.00000e+00,5.69105e-119,9.99997e-01,8.97015e-02
