#,Wave/freq,Total,N2,O2,H2O,Rayleigh,CIA
4.000000000e-01,8.34355e-01,9.99999e-01,9.99999e-01,9.99979e-01,8.34372e-01,9.99999e-01
4.020000000e-01,8.37355e-01,9.99999e-01,9.99999e-01,9.99986e-01,8.37365e-01,9.99999e-01
4.040100000e-01,8.40302e-01,9.99999e-01,9.99999e-01,9.99994e-01,8.40306e-01,9.99999e-01
4.060300500e-01,8.43198e-01,9.99999e-01,9.99999e-01,9.99998e-01,8.43199e-01,9.99999e-01
4.080602003e-01,8.46044e-01,9.99999e-01,9.99999e-01,9.99999e-01,8.46044e-01,9.99999e-01
4.101005013e-01,8.48843e-01,9.99999e-01,9.99999e-01,9.99999e-01,8.48843e-01,9.99999e-01
4.121510038e-01,8.51594e-01,9.99999e-01,9.99999e-01,9.99998e-01,8.51595e-01,9.99999e-01
4.142117588e-01,8.54297e-01,9.99999e-01,9.99999e-01,9.99993e-01,8.54301e-01,9.99999e-01
4.162828176e-01,8.56941e-01,9.99999e-01,9.99999e-01,9.99974e-01,8.56963e-01,9.99999e-01
4.183642317e-01,8.59567e-01,9.99999e-01,9.99999e-01,9.99984e-01,8.59580e-01,9.99999e-01
4.204560528e-01,8.62145e-01,9.99999e-01,9.99999e-01,9.99990e-01,8.62153e-01,9.99999e-01
4.225583331e-01,8.64679e-01,9.99999e-01,9.99999e-01,9.99996e-01,8.64682e-01,9.99999e-01
4.246711247e-01,8.67167e-01,9.99999e-01,9.99999e-01,9.99996e-01,8.67169e-01,9.99999e-01
4.267944804e-01,8.69610e-01,9.99999e-01,9.99999e-01,9.99995e-01,8.69614e-01,9.99999e-01
4.289284528e-01,8.72014e-01,9.99999e-01,9.99999e-01,9.99996e-01,8.72017e-01,9.99999e-01
4.310730950e-01,8.74377e-01,9.99999e-01,9.99999e-01,9.99998e-01,8.74379e-01,9.99999e-01
4.332284605e-01,8.76700e-01,9.99999e-01,9.99999e-01,9.99999e-01,8.76700e-01,9.99999e-01
4.353946028e-01,8.78982e-01,9.99999e-01,9.99999e-01,9.99999e-01,8.78982e-01,9.99999e-01
4.375715758e-01,8.81222e-01,9.99999e-01,9.99999e-01,9.99996e-01,8.81224e-01,9.99999e-01
4.397594337e-01,8.83408e-01,9.99999e-01,9.99999e-01,9.99977e-01,8.83428e-01,9.99999e-01
4.419582309e-01,8.85492e-01,9.99999e-01,9.99999e-01,9.99885e-01,8.85593e-01,9.99999e-01
4.441680220e-01,8.87644e-01,9.99999e-01,9.99999e-01,9.99912e-01,8.87721e-01,9.99999e-01
4.463888621e-01,8.89730e-01,9.99999e-01,9.99999e-01,9.99907e-01,8.89812e-01,9.99999e-01
4.486208064e-01,8.91816e-01,9.99999e-01,9.99999e-01,9.99942e-01,8.91866e-01,9.99999e-01
4.508639105e-01,8.93861e-01,9.99999e-01,9.99999e-01,9.99972e-01,8.93885e-01,9.99999e-01
4.531182300e-01,8.95858e-01,9.99999e-01,9.99999e-01,9.99989e-01,8.95867e-01,9.99999e-01
4.553838212e-01,8.97809e-01,9.99999e-01,9.99999e-01,9.99992e-01,8.97815e-01,9.99999e-01
4.576607403e-01,8.99726e-01,9.99999e-01,9.99999e-01,9.99996e-01,8.99729e-01,9.99999e-01
4.599490440e-01,9.01607e-01,9.99999e-01,9.99999e-01,9.99997e-01,9.01609e-01,9.99999e-01
4.622487892e-01,9.03455e-01,9.99999e-01,9.99999e-01,9.99999e-01,9.03455e-01,9.99999e-01
4.645600332e-01,9.05267e-01,9.99999e-01,9.99999e-01,9.99997e-01,9.05269e-01,9.99999e-01
4.668828333e-01,9.07026e-01,9.99999e-01,9.99999e-01,9.99972e-01,9.07050e-01,9.99999e-01
4.692172475e-01,9.08747e-01,9.99999e-01,9.99999e-01,9.99942e-01,9.08800e-01,9.99999e-01
4.715633337e-01,9.10484e-01,9.99999e-01,9.99999e-01,9.99961e-01,9.10518e-01,9.99999e-01
4.739211504e-01,9.12173e-01,9.99999e-01,9.99999e-01,9.99963e-01,9.12205e-01,9.99999e-01
4.762907561e-01,9.13846e-01,9.99999e-01,9.99999e-01,9.99980e-01,9.13863e-01,9.99999e-01
4.786722099e-01,9.15483e-01,9.99999e-01,9.99999e-01,9.99991e-01,9.15490e-01,9.99999e-01
4.810655710e-01,9.17086e-01,9.99999e-01,9.99999e-01,9.99997e-01,9.17088e-01,9.99999e-01
4.834708988e-01,9.18637e-01,9.99999e-01,9.99999e-01,9.99977e-01,9.18657e-01,9.99999e-01
4.858882533e-01,9.20161e-01,9.99999e-01,9.99999e-01,9.99958e-01,9.20198e-01,9.99999e-01
4.883176946e-01,9.21679e-01,9.99999e-01,9.99999e-01,9.99965e-01,9.21711e-01,9.99999e-01
4.907592831e-01,9.23168e-01,9.99999e-01,9.99999e-01,9.99968e-01,9.23196e-01,9.99999e-01
4.932130795e-01,9.24635e-01,9.99999e-01,9.99999e-01,9.99977e-01,9.24655e-01,9.99999e-01
4.956791449e-01,9.26076e-01,9.99999e-01,9.99999e-01,9.99987e-01,9.26087e-01,9.99999e-01
4.981575406e-01,9.27438e-01,9.99999e-01,9.99999e-01,9.99941e-01,9.27492e-01,9.99999e-01
5.006483283e-01,9.28731e-01,9.99999e-01,9.99999e-01,9.99848e-01,9.28872e-01,9.99998e-01
5.031515699e-01,9.29512e-01,9.99999e-01,9.99999e-01,9.99238e-01,9.30227e-01,9.99991e-01
5.056673278e-01,9.31175e-01,9.99999e-01,9.99999e-01,9.99599e-01,9.31557e-01,9.99990e-01
5.081956644e-01,9.32386e-01,9.99999e-01,9.99999e-01,9.99494e-01,9.32862e-01,9.99993e-01
5.107366428e-01,9.33825e-01,9.99999e-01,9.99999e-01,9.99658e-01,9.34144e-01,9.99998e-01
5.132903260e-01,9.35220e-01,9.99999e-01,9.99999e-01,9.99805e-01,9.35402e-01,9.99999e-01
5.158567776e-01,9.36559e-01,9.99999e-01,9.99999e-01,9.99917e-01,9.36636e-01,9.99999e-01
5.184360615e-01,9.37817e-01,9.99999e-01,9.99999e-01,9.99966e-01,9.37848e-01,9.99999e-01
5.210282418e-01,9.39026e-01,9.99999e-01,9.99999e-01,9.99987e-01,9.39037e-01,9.99999e-01
5.236333830e-01,9.40158e-01,9.99999e-01,9.99999e-01,9.99950e-01,9.40205e-01,9.99999e-01
5.262515499e-01,9.41321e-01,9.99999e-01,9.99999e-01,9.99968e-01,9.41351e-01,9.99999e-01
5.288828077e-01,9.42448e-01,9.99999e-01,9.99999e-01,9.99970e-01,9.42475e-01,9.99999e-01
5.315272217e-01,9.43555e-01,9.99999e-01,9.99999e-01,9.99974e-01,9.43579e-01,9.99999e-01
5.341848578e-01,9.44646e-01,9.99999e-01,9.99999e-01,9.99983e-01,9.44662e-01,9.99999e-01
5.368557821e-01,9.45670e-01,9.99999e-01,9.99999e-01,9.99941e-01,9.45724e-01,9.99999e-01
5.395400610e-01,9.46567e-01,9.99999e-01,9.99999e-01,9.99789e-01,9.46767e-01,9.99997e-01
5.422377613e-01,9.47532e-01,9.99999e-01,9.99999e-01,9.99731e-01,9.47791e-01,9.99994e-01
5.449489501e-01,9.48552e-01,9.99999e-01,9.99999e-01,9.99748e-01,9.48795e-01,9.99994e-01
5.476736949e-01,9.49569e-01,9.99999e-01,9.99999e-01,9.99778e-01,9.49781e-01,9.99997e-01
5.504120634e-01,9.50595e-01,9.99999e-01,9.99999e-01,9.99839e-01,9.50748e-01,9.99998e-01
5.531641237e-01,9.51620e-01,9.99999e-01,9.99999e-01,9.99918e-01,9.51697e-01,9.99999e-01
5.559299443e-01,9.52591e-01,9.99999e-01,9.99999e-01,9.99960e-01,9.52628e-01,9.99999e-01
5.587095940e-01,9.53518e-01,9.99999e-01,9.99999e-01,9.99975e-01,9.53542e-01,9.99999e-01
5.615031420e-01,9.54412e-01,9.99999e-01,9.99999e-01,9.99972e-01,9.54438e-01,9.99999e-01
5.643106577e-01,9.55288e-01,9.99999e-01,9.99999e-01,9.99968e-01,9.55318e-01,9.99999e-01
5.671322110e-01,9.55812e-01,9.99999e-01,9.99999e-01,9.99617e-01,9.56181e-01,9.99996e-01
5.699678720e-01,9.56638e-01,9.99999e-01,9.99999e-01,9.99603e-01,9.57027e-01,9.99989e-01
5.728177114e-01,9.57451e-01,9.99999e-01,9.99999e-01,9.99582e-01,9.57858e-01,9.99990e-01
5.756818000e-01,9.58302e-01,9.99999e-01,9.99999e-01,9.99617e-01,9.58673e-01,9.99994e-01
5.785602090e-01,9.59152e-01,9.99999e-01,9.99999e-01,9.99667e-01,9.59472e-01,9.99998e-01
5.814530100e-01,9.59935e-01,9.99999e-01,9.99999e-01,9.99665e-01,9.60257e-01,9.99998e-01
5.843602750e-01,9.60639e-01,9.99999e-01,9.99999e-01,9.99598e-01,9.61026e-01,9.99997e-01
5.872820764e-01,9.58436e-01,9.99999e-01,9.99999e-01,9.96545e-01,9.61781e-01,9.99975e-01
5.902184868e-01,9.58464e-01,9.99999e-01,9.99999e-01,9.95848e-01,9.62522e-01,9.99933e-01
5.931695792e-01,9.60354e-01,9.99999e-01,9.99999e-01,9.97058e-01,9.63248e-01,9.99936e-01
5.961354271e-01,9.60824e-01,9.99999e-01,9.99999e-01,9.96782e-01,9.63961e-01,9.99963e-01
5.991161043e-01,9.62388e-01,9.99999e-01,9.99999e-01,9.97655e-01,9.64660e-01,9.99988e-01
6.021116848e-01,9.64061e-01,9.99999e-01,9.99999e-01,9.98670e-01,9.65346e-01,9.99998e-01
6.051222432e-01,9.65369e-01,9.99999e-01,9.99999e-01,9.99327e-01,9.66018e-01,9.99999e-01
6.081478544e-01,9.66398e-01,9.99999e-01,9.99999e-01,9.99709e-01,9.66678e-01,9.99999e-01
6.111885937e-01,9.67207e-01,9.99999e-01,9.99999e-01,9.99877e-01,9.67326e-01,9.99999e-01
6.142445367e-01,9.67908e-01,9.99999e-01,9.99999e-01,9.99944e-01,9.67961e-01,9.99999e-01
6.173157594e-01,9.68554e-01,9.99999e-01,9.99999e-01,9.99969e-01,9.68583e-01,9.99999e-01
6.204023382e-01,9.69169e-01,9.99999e-01,9.99999e-01,9.99973e-01,9.69194e-01,9.99999e-01
6.235043498e-01,9.69682e-01,9.99999e-01,9.99999e-01,9.99884e-01,9.69793e-01,9.99999e-01
6.266218716e-01,9.69796e-01,9.99999e-01,9.99999e-01,9.99400e-01,9.70381e-01,9.99995e-01
6.297549810e-01,9.70736e-01,9.99999e-01,9.99999e-01,9.99779e-01,9.70958e-01,9.99991e-01
6.329037559e-01,9.71096e-01,9.99999e-01,9.99999e-01,9.99566e-01,9.71523e-01,9.99992e-01
6.360682746e-01,9.71714e-01,9.99999e-01,9.99999e-01,9.99629e-01,9.72078e-01,9.99995e-01
6.392486160e-01,9.72154e-01,9.99999e-01,9.99999e-01,9.99520e-01,9.72621e-01,9.99997e-01
6.424448591e-01,9.72524e-01,9.99999e-01,9.99999e-01,9.99354e-01,9.73155e-01,9.99996e-01
6.456570834e-01,9.70744e-01,9.99999e-01,9.99999e-01,9.97004e-01,9.73678e-01,9.99981e-01
6.488853688e-01,9.72030e-01,9.99999e-01,9.99999e-01,9.97827e-01,9.74191e-01,9.99953e-01
6.521297956e-01,9.72499e-01,9.99999e-01,9.99999e-01,9.97785e-01,9.74694e-01,9.99961e-01
6.553904446e-01,9.73003e-01,9.99999e-01,9.99999e-01,9.97786e-01,9.75188e-01,9.99971e-01
6.586673968e-01,9.73821e-01,9.99999e-01,9.99999e-01,9.98111e-01,9.75672e-01,9.99990e-01
6.619607338e-01,9.75118e-01,9.99999e-01,9.99999e-01,9.98947e-01,9.76147e-01,9.99997e-01
6.652705375e-01,9.75995e-01,9.99999e-01,9.99999e-01,9.99368e-01,9.76612e-01,9.99998e-01
6.685968902e-01,9.76807e-01,9.99999e-01,9.99999e-01,9.99731e-01,9.77069e-01,9.99999e-01
6.719398746e-01,9.77384e-01,9.99999e-01,9.99999e-01,9.99863e-01,9.77517e-01,9.99999e-01
6.752995740e-01,9.77886e-01,9.99999e-01,9.99999e-01,9.99927e-01,9.77956e-01,9.99999e-01
6.786760719e-01,9.78282e-01,9.99999e-01,9.99999e-01,9.99892e-01,9.78387e-01,9.99999e-01
6.820694522e-01,9.78629e-01,9.99999e-01,9.99999e-01,9.99816e-01,9.78809e-01,9.99998e-01
6.854797995e-01,9.78990e-01,9.99999e-01,9.99999e-01,9.99763e-01,9.79223e-01,9.99997e-01
6.889071985e-01,9.79058e-01,9.99999e-01,9.99999e-01,9.99421e-01,9.79629e-01,9.99994e-01
6.923517345e-01,9.70830e-01,9.99999e-01,9.99999e-01,9.90658e-01,9.80028e-01,9.99954e-01
6.958134932e-01,9.75636e-01,9.99999e-01,9.99999e-01,9.95220e-01,9.80418e-01,9.99900e-01
6.992925606e-01,9.76182e-01,9.99999e-01,9.99999e-01,9.95378e-01,9.80801e-01,9.99910e-01
7.027890234e-01,9.75553e-01,9.99999e-01,9.99999e-01,9.94335e-01,9.81177e-01,9.99931e-01
7.063029686e-01,9.76833e-01,9.99999e-01,9.99999e-01,9.95232e-01,9.81545e-01,9.99965e-01
7.098344834e-01,9.77396e-01,9.99999e-01,9.99999e-01,9.95425e-01,9.81906e-01,9.99979e-01
7.133836558e-01,9.76172e-01,9.99999e-01,9.99999e-01,9.93840e-01,9.82261e-01,9.99959e-01
7.169505741e-01,9.34817e-01,9.99999e-01,9.99999e-01,9.51660e-01,9.82608e-01,9.99686e-01
7.205353270e-01,9.59260e-01,9.99999e-01,9.99999e-01,9.76438e-01,9.82948e-01,9.99447e-01
7.241380036e-01,9.53094e-01,9.99999e-01,9.99999e-01,9.69760e-01,9.83282e-01,9.99523e-01
7.277586936e-01,9.56380e-01,9.99999e-01,9.99999e-01,9.72694e-01,9.83610e-01,9.99610e-01
7.313974871e-01,9.55380e-01,9.99999e-01,9.99999e-01,9.71159e-01,9.83931e-01,9.99817e-01
7.350544745e-01,9.68563e-01,9.99999e-01,9.99999e-01,9.84127e-01,9.84246e-01,9.99936e-01
7.387297469e-01,9.73015e-01,9.99999e-01,9.99999e-01,9.88307e-01,9.84555e-01,9.99970e-01
7.424233956e-01,9.79216e-01,9.99999e-01,9.99999e-01,9.94275e-01,9.84857e-01,9.99994e-01
7.461355126e-01,9.81729e-01,9.99999e-01,9.99999e-01,9.96523e-01,9.85154e-01,9.99998e-01
7.498661902e-01,9.83853e-01,9.99999e-01,9.99999e-01,9.98384e-01,9.85445e-01,9.99999e-01
7.536155211e-01,9.84948e-01,9.99999e-01,9.99999e-01,9.99205e-01,9.85731e-01,9.99999e-01
7.573835987e-01,9.85608e-01,9.99999e-01,9.99999e-01,9.99590e-01,9.86011e-01,9.99999e-01
7.611705167e-01,9.86034e-01,9.99999e-01,9.99999e-01,9.99745e-01,9.86285e-01,9.99999e-01
7.649763693e-01,9.86397e-01,9.99999e-01,9.99999e-01,9.99840e-01,9.86554e-01,9.99999e-01
7.688012511e-01,9.86708e-01,9.99999e-01,9.99999e-01,9.99888e-01,9.86818e-01,9.99999e-01
7.726452574e-01,9.86986e-01,9.99999e-01,9.99999e-01,9.99908e-01,9.87077e-01,9.99999e-01
7.765084837e-01,9.87201e-01,9.99999e-01,9.99999e-01,9.99868e-01,9.87330e-01,9.99999e-01
7.803910261e-01,9.87019e-01,9.99999e-01,9.99999e-01,9.99433e-01,9.87579e-01,9.99998e-01
7.842929812e-01,9.85866e-01,9.99999e-01,9.99999e-01,9.98022e-01,9.87823e-01,9.99995e-01
7.882144461e-01,9.84042e-01,9.99999e-01,9.99999e-01,9.95958e-01,9.88062e-01,9.99971e-01
7.921555184e-01,9.86067e-01,9.99999e-01,9.99999e-01,9.97792e-01,9.88296e-01,9.99951e-01
7.961162960e-01,9.84588e-01,9.99999e-01,9.99999e-01,9.96061e-01,9.88526e-01,9.99953e-01
8.000968774e-01,9.84230e-01,9.99999e-01,9.99999e-01,9.95474e-01,9.88751e-01,9.99950e-01
8.040973618e-01,9.84454e-01,9.99999e-01,9.99999e-01,9.95467e-01,9.88972e-01,9.99962e-01
8.081178486e-01,9.79014e-01,9.99999e-01,9.99999e-01,9.89750e-01,9.89189e-01,9.99961e-01
8.121584379e-01,9.47689e-01,9.99999e-01,9.99999e-01,9.57977e-01,9.89401e-01,9.99856e-01
8.162192301e-01,9.40324e-01,9.99999e-01,9.99999e-01,9.50706e-01,9.89610e-01,9.99462e-01
8.203003262e-01,9.64200e-01,9.99999e-01,9.99999e-01,9.74734e-01,9.89814e-01,9.99371e-01
8.244018279e-01,9.55474e-01,9.99999e-01,9.99999e-01,9.65594e-01,9.90014e-01,9.99499e-01
8.285238370e-01,9.60274e-01,9.99999e-01,9.99999e-01,9.70148e-01,9.90210e-01,9.99606e-01
8.326664562e-01,9.60465e-01,9.99999e-01,9.99999e-01,9.69929e-01,9.90403e-01,9.99837e-01
8.368297885e-01,9.69236e-01,9.99999e-01,9.99999e-01,9.78477e-01,9.90591e-01,9.99962e-01
8.410139374e-01,9.78041e-01,9.99999e-01,9.99999e-01,9.87167e-01,9.90776e-01,9.99977e-01
8.452190071e-01,9.84699e-01,9.99999e-01,9.99999e-01,9.93697e-01,9.90958e-01,9.99986e-01
8.494451021e-01,9.87486e-01,9.99999e-01,9.99999e-01,9.96328e-01,9.91135e-01,9.99989e-01
8.536923276e-01,9.89156e-01,9.99999e-01,9.99999e-01,9.97833e-01,9.91310e-01,9.99993e-01
8.579607893e-01,9.90153e-01,9.99999e-01,9.99999e-01,9.98662e-01,9.91481e-01,9.99997e-01
8.622505932e-01,9.90807e-01,9.99999e-01,9.99999e-01,9.99151e-01,9.91648e-01,9.99999e-01
8.665618462e-01,9.91290e-01,9.99999e-01,9.99999e-01,9.99473e-01,9.91812e-01,9.99999e-01
8.708946554e-01,9.91374e-01,9.99999e-01,9.99999e-01,9.99395e-01,9.91973e-01,9.99999e-01
8.752491287e-01,9.91330e-01,9.99999e-01,9.99999e-01,9.99192e-01,9.92131e-01,9.99998e-01
8.796253743e-01,9.91172e-01,9.99999e-01,9.99999e-01,9.98878e-01,9.92286e-01,9.99997e-01
8.840235012e-01,9.91161e-01,9.99999e-01,9.99999e-01,9.98720e-01,9.92438e-01,9.99991e-01
8.884436187e-01,9.87865e-01,9.99999e-01,9.99999e-01,9.95264e-01,9.92587e-01,9.99977e-01
8.928858368e-01,9.44606e-01,9.99999e-01,9.99999e-01,9.51641e-01,9.92733e-01,9.99872e-01
8.973502660e-01,9.09524e-01,9.99999e-01,9.99999e-01,9.16648e-01,9.92876e-01,9.99346e-01
9.018370173e-01,9.49189e-01,9.99999e-01,9.99999e-01,9.56846e-01,9.93016e-01,9.98973e-01
9.063462024e-01,9.53957e-01,9.99999e-01,9.99999e-01,9.61399e-01,9.93153e-01,9.99097e-01
9.108779334e-01,9.33515e-01,9.99999e-01,9.99999e-01,9.40704e-01,9.93288e-01,9.99062e-01
9.154323231e-01,9.26184e-01,9.99999e-01,9.99999e-01,9.33041e-01,9.93420e-01,9.99225e-01
9.200094847e-01,9.40755e-01,9.99999e-01,9.99999e-01,9.47273e-01,9.93550e-01,9.99565e-01
9.246095321e-01,9.11015e-01,9.99999e-01,9.99999e-01,9.17270e-01,9.93677e-01,9.99500e-01
9.292325798e-01,5.60797e-01,9.99999e-01,9.99999e-01,5.65658e-01,9.93801e-01,9.97590e-01
9.338787427e-01,4.75427e-01,9.99999e-01,9.99999e-01,4.82523e-01,9.93923e-01,9.91317e-01
9.385481364e-01,7.34032e-01,9.99999e-01,9.99999e-01,7.45539e-01,9.94043e-01,9.90464e-01
9.432408771e-01,6.53571e-01,9.99999e-01,9.99999e-01,6.62866e-01,9.94160e-01,9.91768e-01
9.479570815e-01,5.60871e-01,9.99999e-01,9.99999e-01,5.67907e-01,9.94275e-01,9.93295e-01
9.526968669e-01,6.48969e-01,9.99999e-01,9.99999e-01,6.55314e-01,9.94388e-01,9.95905e-01
9.574603512e-01,6.71669e-01,9.99999e-01,9.99999e-01,6.76793e-01,9.94498e-01,9.97917e-01
9.622476530e-01,7.23255e-01,9.99999e-01,9.99999e-01,7.28225e-01,9.94607e-01,9.98559e-01
9.670588912e-01,8.27459e-01,9.99999e-01,9.99999e-01,8.32676e-01,9.94713e-01,9.99014e-01
9.718941857e-01,8.86381e-01,9.99999e-01,9.99999e-01,8.91644e-01,9.94817e-01,9.99274e-01
9.767536566e-01,9.04044e-01,9.99999e-01,9.99999e-01,9.09164e-01,9.94919e-01,9.99445e-01
9.816374249e-01,9.27191e-01,9.99999e-01,9.99999e-01,9.32010e-01,9.95019e-01,9.99807e-01
9.865456120e-01,9.52270e-01,9.99999e-01,9.99999e-01,9.56980e-01,9.95117e-01,9.99959e-01
9.914783401e-01,9.68510e-01,9.99999e-01,9.99999e-01,9.73178e-01,9.95214e-01,9.99988e-01
9.964357318e-01,9.80681e-01,9.99999e-01,9.99999e-01,9.85309e-01,9.95308e-01,9.99993e-01
1.001417910e+00,9.86606e-01,9.99999e-01,9.99999e-01,9.91174e-01,9.95400e-01,9.99989e-01
1.006425000e+00,9.90452e-01,9.99999e-01,9.99999e-01,9.94951e-01,9.95491e-01,9.99985e-01
1.011457125e+00,9.92452e-01,9.99999e-01,9.99999e-01,9.96870e-01,9.95580e-01,9.99986e-01
1.016514411e+00,9.93540e-01,9.99999e-01,9.99999e-01,9.97872e-01,9.95667e-01,9.99990e-01
1.021596983e+00,9.94054e-01,9.99999e-01,9.99999e-01,9.98303e-01,9.95752e-01,9.99990e-01
1.026704968e+00,9.94512e-01,9.99999e-01,9.99999e-01,9.98675e-01,9.95836e-01,9.99993e-01
1.031838492e+00,9.94960e-01,9.99999e-01,9.99999e-01,9.99039e-01,9.95918e-01,9.99997e-01
1.036997685e+00,9.95429e-01,9.99999e-01,9.99999e-01,9.99428e-01,9.95999e-01,9.99999e-01
1.042182673e+00,9.95396e-01,9.99999e-01,9.99999e-01,9.99315e-01,9.96077e-01,9.99999e-01
1.047393587e+00,9.95253e-01,9.99999e-01,9.99999e-01,9.99094e-01,9.96155e-01,9.99999e-01
1.052630555e+00,9.94992e-01,9.99999e-01,9.99999e-01,9.98756e-01,9.96231e-01,9.99999e-01
1.057893707e+00,9.94234e-01,9.99999e-01,9.99999e-01,9.97921e-01,9.96305e-01,9.99998e-01
1.063183176e+00,9.92973e-01,9.99999e-01,9.99999e-01,9.96584e-01,9.96378e-01,9.99997e-01
1.068499092e+00,9.90758e-01,9.99999e-01,9.99999e-01,9.94292e-01,9.96449e-01,9.99995e-01
1.073841587e+00,9.89845e-01,9.99999e-01,9.99999e-01,9.93310e-01,9.96519e-01,9.99991e-01
1.079210795e+00,9.88055e-01,9.99999e-01,9.99999e-01,9.91460e-01,9.96588e-01,9.99976e-01
1.084606849e+00,9.83723e-01,9.99999e-01,9.99999e-01,9.87077e-01,9.96655e-01,9.99944e-01
1.090029883e+00,9.78060e-01,9.99999e-01,9.99999e-01,9.81388e-01,9.96721e-01,9.99885e-01
1.095480033e+00,9.46924e-01,9.99999e-01,9.99999e-01,9.50172e-01,9.96786e-01,9.99793e-01
1.100957433e+00,8.75130e-01,9.99999e-01,9.99999e-01,8.78228e-01,9.96849e-01,9.99620e-01
1.106462220e+00,7.16275e-01,9.99999e-01,9.99999e-01,7.18955e-01,9.96911e-01,9.99357e-01
1.111994531e+00,4.99849e-01,9.99999e-01,9.99999e-01,5.02222e-01,9.96972e-01,9.98295e-01
1.117554504e+00,3.26614e-01,9.99999e-01,9.99999e-01,3.29610e-01,9.97032e-01,9.93859e-01
1.123142276e+00,4.38693e-01,9.99999e-01,9.99999e-01,4.46446e-01,9.97090e-01,9.85500e-01
1.128757988e+00,5.81391e-01,9.99999e-01,9.99999e-01,5.92988e-01,9.97148e-01,9.83245e-01
1.134401778e+00,3.30844e-01,9.99999e-01,9.99999e-01,3.36572e-01,9.97204e-01,9.85735e-01
1.140073787e+00,7.20410e-01,9.99999e-01,9.99999e-01,7.30729e-01,9.97259e-01,9.88586e-01
1.145774156e+00,5.15894e-01,9.99999e-01,9.99999e-01,5.22747e-01,9.97313e-01,9.89547e-01
1.151503026e+00,4.81783e-01,9.99999e-01,9.99999e-01,4.85890e-01,9.97366e-01,9.94163e-01
1.157260541e+00,5.43031e-01,9.99999e-01,9.99999e-01,5.45390e-01,9.97418e-01,9.98250e-01
1.163046844e+00,6.37131e-01,9.99999e-01,9.99999e-01,6.39064e-01,9.97469e-01,9.99503e-01
1.168862078e+00,7.30215e-01,9.99999e-01,9.99999e-01,7.32218e-01,9.97519e-01,9.99744e-01
1.174706389e+00,8.22682e-01,9.99999e-01,9.99999e-01,8.24966e-01,9.97568e-01,9.99660e-01
1.180579921e+00,8.86873e-01,9.99999e-01,9.99999e-01,8.89447e-01,9.97616e-01,9.99487e-01
1.186482820e+00,9.33216e-01,9.99999e-01,9.99999e-01,9.35893e-01,9.97663e-01,9.99473e-01
1.192415234e+00,9.59468e-01,9.99999e-01,9.99999e-01,9.62049e-01,9.97709e-01,9.99605e-01
1.198377311e+00,9.65337e-01,9.99999e-01,9.99999e-01,9.67869e-01,9.97754e-01,9.99627e-01
1.204369197e+00,9.67134e-01,9.99999e-01,9.99999e-01,9.69593e-01,9.97798e-01,9.99663e-01
1.210391043e+00,9.68616e-01,9.99999e-01,9.99999e-01,9.70909e-01,9.97842e-01,9.99794e-01
1.216442998e+00,9.73060e-01,9.99999e-01,9.99999e-01,9.75244e-01,9.97884e-01,9.99874e-01
1.222525213e+00,9.78553e-01,9.99999e-01,9.99999e-01,9.80662e-01,9.97926e-01,9.99921e-01
1.228637839e+00,9.84486e-01,9.99999e-01,9.99999e-01,9.86526e-01,9.97967e-01,9.99963e-01
1.234781029e+00,9.88007e-01,9.99999e-01,9.99999e-01,9.89989e-01,9.98007e-01,9.99989e-01
1.240954934e+00,9.91711e-01,9.99999e-01,9.99999e-01,9.93654e-01,9.98046e-01,9.99996e-01
1.247159708e+00,9.93153e-01,9.99999e-01,9.99999e-01,9.95059e-01,9.98085e-01,9.99997e-01
1.253395507e+00,9.93737e-01,9.99999e-01,9.99999e-01,9.95607e-01,9.98123e-01,9.99997e-01
1.259662485e+00,9.93983e-01,9.99999e-01,9.99999e-01,9.95819e-01,9.98160e-01,9.99995e-01
1.265960797e+00,9.91541e-01,9.99999e-01,9.99999e-01,9.93338e-01,9.98196e-01,9.99993e-01
1.272290601e+00,9.87763e-01,9.99999e-01,9.99999e-01,9.89523e-01,9.98232e-01,9.99988e-01
1.278652054e+00,9.77561e-01,9.99999e-01,9.99999e-01,9.79277e-01,9.98266e-01,9.99979e-01
1.285045314e+00,9.61011e-01,9.99999e-01,9.99999e-01,9.62683e-01,9.98301e-01,9.99961e-01
1.291470541e+00,9.34251e-01,9.99999e-01,9.99999e-01,9.35871e-01,9.98334e-01,9.99933e-01
1.297927893e+00,9.08419e-01,9.99999e-01,9.99999e-01,9.10017e-01,9.98367e-01,9.99875e-01
1.304417533e+00,8.93319e-01,9.99999e-01,9.99999e-01,8.94985e-01,9.98399e-01,9.99737e-01
1.310939621e+00,8.67279e-01,9.99999e-01,9.99999e-01,8.69109e-01,9.98431e-01,9.99462e-01
1.317494319e+00,8.69262e-01,9.99999e-01,9.99999e-01,8.71466e-01,9.98462e-01,9.99005e-01
1.324081790e+00,8.13921e-01,9.99999e-01,9.99999e-01,8.16474e-01,9.98492e-01,9.98377e-01
1.330702199e+00,4.42020e-01,9.99999e-01,9.99999e-01,4.43915e-01,9.98522e-01,9.97203e-01
1.337355710e+00,1.25093e-01,9.99999e-01,9.99999e-01,1.25952e-01,9.98551e-01,9.94622e-01
1.344042489e+00,7.25864e-03,9.99999e-01,9.99999e-01,7.38796e-03,9.98580e-01,9.83891e-01
1.350762701e+00,3.03285e-05,9.99999e-01,9.99999e-01,3.21071e-05,9.98608e-01,9.45918e-01
1.357516515e+00,3.97961e-07,9.99999e-01,9.99999e-01,4.69135e-07,9.98635e-01,8.49446e-01
1.364304097e+00,6.59556e-05,9.99999e-01,9.99999e-01,8.79078e-05,9.98662e-01,7.51285e-01
1.371125618e+00,1.44252e-03,9.99999e-01,9.99999e-01,1.89139e-03,9.98688e-01,7.63675e-01
1.377981246e+00,3.62643e-03,9.99999e-01,9.99999e-01,4.57517e-03,9.98714e-01,7.93652e-01
1.384871152e+00,1.00558e-04,9.99999e-01,9.99999e-01,1.24880e-04,9.98740e-01,8.06256e-01
1.391795508e+00,9.47474e-05,9.99999e-01,9.99999e-01,1.16481e-04,9.98764e-01,8.14420e-01
1.398754485e+00,4.74109e-04,9.99999e-01,9.99999e-01,5.62402e-04,9.98789e-01,8.44029e-01
1.405748258e+00,4.42439e-04,9.99999e-01,9.99999e-01,4.89124e-04,9.98813e-01,9.05626e-01
1.412776999e+00,4.87703e-04,9.99999e-01,9.99999e-01,5.10877e-04,9.98836e-01,9.55749e-01
1.419840884e+00,8.50507e-04,9.99999e-01,9.99999e-01,8.68544e-04,9.98859e-01,9.80350e-01
1.426940089e+00,3.96533e-03,9.99999e-01,9.99999e-01,4.03007e-03,9.98882e-01,9.85036e-01
1.434074789e+00,1.45268e-02,9.99999e-01,9.99999e-01,1.48038e-02,9.98904e-01,9.82366e-01
1.441245163e+00,3.66002e-02,9.99999e-01,9.99999e-01,3.73524e-02,9.98925e-01,9.80913e-01
1.448451389e+00,9.62260e-02,9.99999e-01,9.99999e-01,9.79665e-02,9.98946e-01,9.83268e-01
1.455693646e+00,2.10009e-01,9.99999e-01,9.99999e-01,2.13005e-01,9.98967e-01,9.86956e-01
1.462972114e+00,2.57887e-01,9.99999e-01,9.99999e-01,2.61401e-01,9.98988e-01,9.87556e-01
1.470286975e+00,2.06981e-01,9.99999e-01,9.99999e-01,2.09752e-01,9.99008e-01,9.87766e-01
1.477638409e+00,2.43488e-01,9.99999e-01,9.99999e-01,2.45758e-01,9.99027e-01,9.91724e-01
1.485026601e+00,3.17493e-01,9.99999e-01,9.99999e-01,3.19013e-01,9.99046e-01,9.96182e-01
1.492451734e+00,4.24384e-01,9.99999e-01,9.99999e-01,4.25491e-01,9.99065e-01,9.98329e-01
1.499913993e+00,5.62764e-01,9.99999e-01,9.99999e-01,5.63686e-01,9.99084e-01,9.99278e-01
1.507413563e+00,6.60270e-01,9.99999e-01,9.99999e-01,6.61087e-01,9.99102e-01,9.99661e-01
1.514950631e+00,7.70154e-01,9.99999e-01,9.99999e-01,7.70954e-01,9.99119e-01,9.99841e-01
1.522525384e+00,8.44414e-01,9.99999e-01,9.99999e-01,8.45192e-01,9.99137e-01,9.99941e-01
1.530138011e+00,8.83343e-01,9.99999e-01,9.99999e-01,8.84108e-01,9.99154e-01,9.99979e-01
1.537788701e+00,9.32030e-01,9.99999e-01,9.99999e-01,9.32811e-01,9.99170e-01,9.99990e-01
1.545477645e+00,9.55711e-01,9.99999e-01,9.99999e-01,9.56492e-01,9.99187e-01,9.99994e-01
1.553205033e+00,9.63529e-01,9.99999e-01,9.99999e-01,9.64299e-01,9.99203e-01,9.99996e-01
1.560971058e+00,9.77111e-01,9.99999e-01,9.99999e-01,9.77876e-01,9.99219e-01,9.99997e-01
1.568775913e+00,9.84538e-01,9.99999e-01,9.99999e-01,9.85294e-01,9.99234e-01,9.99997e-01
1.576619793e+00,9.87834e-01,9.99999e-01,9.99999e-01,9.88576e-01,9.99249e-01,9.99997e-01
1.584502892e+00,9.92303e-01,9.99999e-01,9.99999e-01,9.93036e-01,9.99264e-01,9.99997e-01
1.592425406e+00,9.92826e-01,9.99999e-01,9.99999e-01,9.93545e-01,9.99278e-01,9.99996e-01
1.600387533e+00,9.94833e-01,9.99999e-01,9.99999e-01,9.95540e-01,9.99293e-01,9.99996e-01
1.608389471e+00,9.94696e-01,9.99999e-01,9.99999e-01,9.95388e-01,9.99307e-01,9.99996e-01
1.616431418e+00,9.94594e-01,9.99999e-01,9.99999e-01,9.95272e-01,9.99320e-01,9.99996e-01
1.624513575e+00,9.94279e-01,9.99999e-01,9.99999e-01,9.94944e-01,9.99334e-01,9.99996e-01
1.632636143e+00,9.91433e-01,9.99999e-01,9.99999e-01,9.92084e-01,9.99347e-01,9.99995e-01
1.640799324e+00,9.88815e-01,9.99999e-01,9.99999e-01,9.89454e-01,9.99360e-01,9.99992e-01
1.649003321e+00,9.85959e-01,9.99999e-01,9.99999e-01,9.86586e-01,9.99372e-01,9.99990e-01
1.657248337e+00,9.81629e-01,9.99999e-01,9.99999e-01,9.82243e-01,9.99385e-01,9.99989e-01
1.665534579e+00,9.75293e-01,9.99999e-01,9.99999e-01,9.75891e-01,9.99397e-01,9.99988e-01
1.673862252e+00,9.66798e-01,9.99999e-01,9.99999e-01,9.67382e-01,9.99409e-01,9.99986e-01
1.682231563e+00,9.70805e-01,9.99999e-01,9.99999e-01,9.71386e-01,9.99420e-01,9.99980e-01
1.690642721e+00,9.49711e-01,9.99999e-01,9.99999e-01,9.50278e-01,9.99432e-01,9.99969e-01
1.699095934e+00,9.42553e-01,9.99999e-01,9.99999e-01,9.43121e-01,9.99443e-01,9.99952e-01
1.707591414e+00,9.38213e-01,9.99999e-01,9.99999e-01,9.38792e-01,9.99454e-01,9.99927e-01
1.716129371e+00,9.24173e-01,9.99999e-01,9.99999e-01,9.24771e-01,9.99465e-01,9.99886e-01
1.724710018e+00,8.88236e-01,9.99999e-01,9.99999e-01,8.88847e-01,9.99475e-01,9.99835e-01
1.733333568e+00,8.56614e-01,9.99999e-01,9.99999e-01,8.57259e-01,9.99486e-01,9.99760e-01
1.742000236e+00,7.91260e-01,9.99999e-01,9.99999e-01,7.91958e-01,9.99496e-01,9.99620e-01
1.750710237e+00,6.45186e-01,9.99999e-01,9.99999e-01,6.45897e-01,9.99506e-01,9.99392e-01
1.759463788e+00,4.39521e-01,9.99999e-01,9.99999e-01,4.40186e-01,9.99515e-01,9.98971e-01
1.768261107e+00,2.15130e-01,9.99999e-01,9.99999e-01,2.15614e-01,9.99525e-01,9.98227e-01
1.777102413e+00,7.84705e-02,9.99999e-01,9.99999e-01,7.87253e-02,9.99534e-01,9.97225e-01
1.785987925e+00,1.44165e-02,9.99999e-01,9.99999e-01,1.44878e-02,9.99544e-01,9.95535e-01
1.794917864e+00,2.93807e-03,9.99999e-01,9.99999e-01,2.96536e-03,9.99553e-01,9.91239e-01
1.803892454e+00,6.75034e-05,9.99999e-01,9.99999e-01,6.87919e-05,9.99561e-01,9.81698e-01
1.812911916e+00,9.88290e-06,9.99999e-01,9.99999e-01,1.03435e-05,9.99570e-01,9.55875e-01
1.821976476e+00,1.37945e-05,9.99999e-01,9.99999e-01,1.51849e-05,9.99578e-01,9.08819e-01
1.831086358e+00,1.96416e-06,9.99999e-01,9.99999e-01,2.38499e-06,9.99587e-01,8.23892e-01
1.840241790e+00,1.77455e-05,9.99999e-01,9.99999e-01,2.46164e-05,9.99595e-01,7.21173e-01
1.849442999e+00,5.41068e-05,9.99999e-01,9.99999e-01,8.01955e-05,9.99603e-01,6.74953e-01
1.858690214e+00,3.62050e-07,9.99999e-01,9.99999e-01,5.36420e-07,9.99611e-01,6.75200e-01
1.867983665e+00,7.86041e-08,9.99999e-01,9.99999e-01,1.12865e-07,9.99618e-01,6.96709e-01
1.877323583e+00,1.29613e-03,9.99999e-01,9.99999e-01,1.78402e-03,9.99626e-01,7.26794e-01
1.886710201e+00,2.14304e-03,9.99999e-01,9.99999e-01,2.83309e-03,9.99633e-01,7.56707e-01
1.896143752e+00,5.02279e-03,9.99999e-01,9.99999e-01,6.60214e-03,9.99640e-01,7.61055e-01
1.905624471e+00,1.10560e-04,9.99999e-01,9.99999e-01,1.41819e-04,9.99648e-01,7.79860e-01
1.915152593e+00,1.20689e-05,9.99999e-01,9.99999e-01,1.44205e-05,9.99654e-01,8.37214e-01
1.924728356e+00,2.91734e-06,9.99999e-01,9.99999e-01,3.22677e-06,9.99661e-01,9.04411e-01
1.934351998e+00,1.63760e-06,9.99999e-01,9.99999e-01,1.71883e-06,9.99668e-01,9.53055e-01
1.944023758e+00,1.64198e-04,9.99999e-01,9.99999e-01,1.67040e-04,9.99675e-01,9.83302e-01
1.953743877e+00,6.68583e-04,9.99999e-01,9.99999e-01,6.73523e-04,9.99681e-01,9.92980e-01
1.963512596e+00,7.68116e-03,9.99999e-01,9.99999e-01,7.71096e-03,9.99687e-01,9.96446e-01
1.973330159e+00,2.33012e-02,9.99999e-01,9.99999e-01,2.33518e-02,9.99693e-01,9.98139e-01
1.983196810e+00,1.50711e-01,9.99999e-01,9.99999e-01,1.50910e-01,9.99699e-01,9.98979e-01
1.993112794e+00,2.29329e-01,9.99999e-01,9.99999e-01,2.29524e-01,9.99705e-01,9.99443e-01
2.003078358e+00,4.06648e-01,9.99999e-01,9.99999e-01,4.06892e-01,9.99711e-01,9.99686e-01
2.013093750e+00,5.57337e-01,9.99999e-01,9.99999e-01,5.57598e-01,9.99717e-01,9.99812e-01
2.023159218e+00,7.14011e-01,9.99999e-01,9.99999e-01,7.14302e-01,9.99722e-01,9.99868e-01
2.033275015e+00,7.71372e-01,9.99999e-01,9.99999e-01,7.71663e-01,9.99728e-01,9.99893e-01
2.043441390e+00,8.51201e-01,9.99999e-01,9.99999e-01,8.51523e-01,9.99733e-01,9.99887e-01
2.053658597e+00,8.77771e-01,9.99999e-01,9.99999e-01,8.78135e-01,9.99738e-01,9.99845e-01
2.063926890e+00,9.15778e-01,9.99998e-01,9.99999e-01,9.16229e-01,9.99744e-01,9.99762e-01
2.074246524e+00,9.26585e-01,9.99997e-01,9.99999e-01,9.27170e-01,9.99749e-01,9.99620e-01
2.084617757e+00,9.51041e-01,9.99996e-01,9.99999e-01,9.51848e-01,9.99754e-01,9.99400e-01
2.095040845e+00,9.60683e-01,9.99994e-01,9.99999e-01,9.61778e-01,9.99758e-01,9.99105e-01
2.105516050e+00,9.65725e-01,9.99993e-01,9.99999e-01,9.67166e-01,9.99763e-01,9.98750e-01
2.116043630e+00,9.66885e-01,9.99994e-01,9.99999e-01,9.68605e-01,9.99768e-01,9.98460e-01
2.126623848e+00,9.78852e-01,9.99994e-01,9.99999e-01,9.80771e-01,9.99772e-01,9.98273e-01
2.137256967e+00,9.79579e-01,9.99995e-01,9.99999e-01,9.81686e-01,9.99777e-01,9.98078e-01
2.147943252e+00,9.79885e-01,9.99997e-01,9.99999e-01,9.82377e-01,9.99781e-01,9.97681e-01
2.158682968e+00,9.81005e-01,9.99986e-01,9.99999e-01,9.83870e-01,9.99786e-01,9.97314e-01
2.169476383e+00,9.80616e-01,9.99995e-01,9.99999e-01,9.82833e-01,9.99790e-01,9.97956e-01
2.180323765e+00,9.78653e-01,9.99996e-01,9.99999e-01,9.80343e-01,9.99794e-01,9.98482e-01
2.191225384e+00,9.74617e-01,9.99996e-01,9.99999e-01,9.76055e-01,9.99798e-01,9.98729e-01
2.202181511e+00,9.69247e-01,9.99997e-01,9.99999e-01,9.70392e-01,9.99802e-01,9.99018e-01
2.213192418e+00,9.69217e-01,9.99997e-01,9.99999e-01,9.70066e-01,9.99806e-01,9.99318e-01
2.224258381e+00,9.64164e-01,9.99998e-01,9.99999e-01,9.64768e-01,9.99810e-01,9.99564e-01
2.235379672e+00,9.69466e-01,9.99998e-01,9.99999e-01,9.69900e-01,9.99813e-01,9.99739e-01
2.246556571e+00,9.47079e-01,9.99998e-01,9.99999e-01,9.47409e-01,9.99817e-01,9.99834e-01
2.257789354e+00,9.58869e-01,9.99999e-01,9.99999e-01,9.59154e-01,9.99821e-01,9.99880e-01
2.269078300e+00,9.02128e-01,9.99999e-01,9.99999e-01,9.02375e-01,9.99824e-01,9.99900e-01
2.280423692e+00,9.18225e-01,9.99999e-01,9.99999e-01,9.18477e-01,9.99828e-01,9.99896e-01
2.291825810e+00,8.45574e-01,9.99999e-01,9.99999e-01,8.45817e-01,9.99831e-01,9.99879e-01
2.303284939e+00,8.60585e-01,9.99999e-01,9.99999e-01,8.60868e-01,9.99834e-01,9.99835e-01
2.314801364e+00,7.72928e-01,9.99999e-01,9.99999e-01,7.73231e-01,9.99838e-01,9.99769e-01
2.326375371e+00,7.65141e-01,9.99999e-01,9.99999e-01,7.65498e-01,9.99841e-01,9.99692e-01
2.338007248e+00,7.33134e-01,9.99999e-01,9.99999e-01,7.33555e-01,9.99844e-01,9.99580e-01
2.349697284e+00,5.94095e-01,9.99999e-01,9.99999e-01,5.94523e-01,9.99847e-01,9.99431e-01
2.361445770e+00,6.52793e-01,9.99999e-01,9.99999e-01,6.53403e-01,9.99850e-01,9.99214e-01
2.373252999e+00,5.62000e-01,9.99999e-01,9.99999e-01,5.62690e-01,9.99853e-01,9.98918e-01
2.385119264e+00,3.76095e-01,9.99999e-01,9.99999e-01,3.76696e-01,9.99856e-01,9.98547e-01
2.397044861e+00,5.36057e-01,9.99999e-01,9.99999e-01,5.37302e-01,9.99859e-01,9.97822e-01
2.409030085e+00,3.21709e-01,9.99999e-01,9.99999e-01,3.22774e-01,9.99861e-01,9.96834e-01
2.421075235e+00,3.36705e-01,9.99999e-01,9.99999e-01,3.38253e-01,9.99864e-01,9.95557e-01
2.433180612e+00,2.00267e-01,9.99999e-01,9.99999e-01,2.01532e-01,9.99867e-01,9.93856e-01
2.445346515e+00,7.63350e-02,9.99999e-01,9.99999e-01,7.70035e-02,9.99869e-01,9.91446e-01
2.457573247e+00,4.33324e-02,9.99999e-01,9.99999e-01,4.38873e-02,9.99872e-01,9.87482e-01
2.469861113e+00,2.90760e-03,9.99999e-01,9.99999e-01,2.96198e-03,9.99874e-01,9.81760e-01
2.482210419e+00,2.55136e-05,9.99999e-01,9.99999e-01,2.62071e-05,9.99877e-01,9.73654e-01
2.494621471e+00,1.05183e-07,9.99999e-01,9.99999e-01,1.09388e-07,9.99879e-01,9.61675e-01
2.507094578e+00,2.44896e-13,9.99999e-01,9.99999e-01,2.60452e-13,9.99882e-01,9.40382e-01
2.519630051e+00,6.71273e-20,9.99999e-01,9.99999e-01,7.46125e-20,9.99884e-01,8.99781e-01
2.532228202e+00,2.17147e-26,9.99999e-01,9.99999e-01,2.63371e-26,9.99886e-01,8.24580e-01
2.544889343e+00,2.01825e-34,9.99999e-01,9.99999e-01,2.96785e-34,9.99888e-01,6.80112e-01
2.557613789e+00,1.08341e-34,9.99999e-01,9.99999e-01,2.29937e-34,9.99891e-01,4.71228e-01
2.570401858e+00,1.57289e-48,9.99999e-01,9.99999e-01,6.43682e-48,9.99893e-01,2.44385e-01
2.583253867e+00,7.22809e-49,9.99999e-01,9.99999e-01,6.74035e-48,9.99895e-01,1.07247e-01
2.596170137e+00,5.11147e-42,9.99999e-01,9.99999e-01,8.52969e-41,9.99897e-01,5.99317e-02
2.609150988e+00,2.64531e-30,9.99999e-01,9.99999e-01,6.64695e-29,9.99899e-01,3.98012e-02
2.622196742e+00,8.50953e-26,9.99999e-01,9.99999e-01,2.28953e-24,9.99901e-01,3.71707e-02
2.635307726e+00,7.54435e-13,9.99999e-01,9.99999e-01,1.63726e-11,9.99903e-01,4.60836e-02
2.648484265e+00,4.59661e-15,9.99999e-01,9.99999e-01,9.32183e-14,9.99905e-01,4.93147e-02
2.661726686e+00,3.57245e-25,9.99999e-01,9.99999e-01,7.59020e-24,9.99907e-01,4.70709e-02
2.675035320e+00,3.23958e-85,9.99999e-01,9.99999e-01,6.70165e-84,9.99908e-01,4.83444e-02
2.688410496e+00,1.43789e-42,9.99999e-01,9.99999e-01,2.53290e-41,9.99910e-01,5.67735e-02
2.701852549e+00,2.56367e-37,9.99999e-01,9.99999e-01,4.12523e-36,9.99912e-01,6.21514e-02
2.715361811e+00,4.98687e-37,9.99999e-01,9.99999e-01,7.30691e-36,9.99914e-01,6.82544e-02
2.728938620e+00,1.03605e-26,9.99999e-01,9.99999e-01,1.16565e-25,9.99915e-01,8.88890e-02
2.742583314e+00,2.72465e-28,9.99999e-01,9.99999e-01,1.88270e-27,9.99917e-01,1.44732e-01
2.756296230e+00,3.10840e-29,9.99999e-01,9.99999e-01,1.20945e-28,9.99919e-01,2.57029e-01
2.770077711e+00,3.44699e-39,9.99999e-01,9.99999e-01,8.28271e-39,9.99920e-01,4.16200e-01
2.783928100e+00,4.35800e-39,9.99999e-01,9.99999e-01,8.02757e-39,9.99922e-01,5.42921e-01
2.797847740e+00,7.82859e-30,9.99999e-01,9.99999e-01,1.17964e-29,9.99923e-01,6.63693e-01
2.811836979e+00,1.28309e-31,9.99999e-01,9.99999e-01,1.65048e-31,9.99925e-01,7.77463e-01
2.825896164e+00,2.18229e-27,9.99999e-01,9.99999e-01,2.56731e-27,9.99926e-01,8.50094e-01
2.840025645e+00,3.01822e-21,9.99999e-01,9.99999e-01,3.39275e-21,9.99928e-01,8.89671e-01
2.854225773e+00,6.98748e-19,9.99999e-01,9.99999e-01,7.63445e-19,9.99929e-01,9.15320e-01
2.868496902e+00,8.49676e-18,9.99999e-01,9.99999e-01,9.01696e-18,9.99931e-01,9.42372e-01
2.882839386e+00,3.03281e-14,9.99999e-01,9.99999e-01,3.15687e-14,9.99932e-01,9.60766e-01
2.897253583e+00,3.73772e-12,9.99999e-01,9.99999e-01,3.85041e-12,9.99933e-01,9.70796e-01
2.911739851e+00,1.89286e-08,9.99999e-01,9.99999e-01,1.93692e-08,9.99935e-01,9.77313e-01
2.926298550e+00,1.62545e-06,9.99999e-01,9.99999e-01,1.65329e-06,9.99936e-01,9.83222e-01
2.940930043e+00,2.42016e-06,9.99999e-01,9.99999e-01,2.45333e-06,9.99937e-01,9.86539e-01
2.955634693e+00,5.30683e-06,9.99999e-01,9.99999e-01,5.37192e-06,9.99938e-01,9.87942e-01
2.970412867e+00,8.59464e-06,9.99999e-01,9.99999e-01,8.68687e-06,9.99939e-01,9.89441e-01
2.985264931e+00,2.54678e-04,9.99999e-01,9.99999e-01,2.57239e-04,9.99941e-01,9.90102e-01
3.000191256e+00,4.63665e-04,9.99999e-01,9.99999e-01,4.68446e-04,9.99942e-01,9.89849e-01
3.015192212e+00,2.29868e-03,9.99999e-01,9.99999e-01,2.32581e-03,9.99943e-01,9.88386e-01
3.030268173e+00,6.57878e-03,9.99999e-01,9.99999e-01,6.67358e-03,9.99944e-01,9.85848e-01
3.045419514e+00,1.58392e-03,9.99999e-01,9.99999e-01,1.61025e-03,9.99945e-01,9.83700e-01
3.060646612e+00,2.25793e-02,9.99999e-01,9.99999e-01,2.30310e-02,9.99946e-01,9.80438e-01
3.075949845e+00,2.58157e-02,9.99999e-01,9.99999e-01,2.63910e-02,9.99947e-01,9.78251e-01
3.091329594e+00,1.74904e-02,9.99999e-01,9.99999e-01,1.79033e-02,9.99948e-01,9.76984e-01
3.106786242e+00,4.81498e-02,9.99999e-01,9.99999e-01,4.92830e-02,9.99949e-01,9.77053e-01
3.122320173e+00,7.11802e-02,9.99999e-01,9.99999e-01,7.27532e-02,9.99950e-01,9.78425e-01
3.137931774e+00,8.08489e-02,9.99999e-01,9.99999e-01,8.24130e-02,9.99951e-01,9.81067e-01
3.153621433e+00,1.86352e-01,9.99999e-01,9.99999e-01,1.89598e-01,9.99952e-01,9.82923e-01
3.169389540e+00,2.14717e-01,9.99999e-01,9.99999e-01,2.18599e-01,9.99953e-01,9.82287e-01
3.185236488e+00,1.51665e-01,9.99999e-01,9.99999e-01,1.54839e-01,9.99954e-01,9.79540e-01
3.201162670e+00,2.27865e-02,9.99999e-01,9.99999e-01,2.33225e-02,9.99955e-01,9.77062e-01
3.217168483e+00,6.82939e-02,9.99999e-01,9.99999e-01,7.00430e-02,9.99956e-01,9.75070e-01
3.233254326e+00,1.56938e-01,9.99999e-01,9.99999e-01,1.60878e-01,9.99957e-01,9.75549e-01
3.249420598e+00,2.72060e-01,9.99999e-01,9.99999e-01,2.78172e-01,9.99957e-01,9.78066e-01
3.265667701e+00,1.57237e-01,9.99999e-01,9.99999e-01,1.60337e-01,9.99958e-01,9.80705e-01
3.281996039e+00,2.29752e-01,9.99999e-01,9.99999e-01,2.33553e-01,9.99959e-01,9.83764e-01
3.298406019e+00,8.13963e-02,9.99999e-01,9.99999e-01,8.24783e-02,9.99960e-01,9.86920e-01
3.314898049e+00,6.85363e-02,9.99999e-01,9.99999e-01,6.92172e-02,9.99961e-01,9.90200e-01
3.331472540e+00,1.35098e-01,9.99999e-01,9.99999e-01,1.36057e-01,9.99961e-01,9.92989e-01
3.348129902e+00,1.22321e-01,9.99999e-01,9.99999e-01,1.22947e-01,9.99962e-01,9.94944e-01
3.364870552e+00,1.83173e-01,9.99999e-01,9.99999e-01,1.84481e-01,9.99963e-01,9.92945e-01
3.381694905e+00,2.17678e-01,9.99999e-01,9.99999e-01,2.18731e-01,9.99964e-01,9.95221e-01
3.398603379e+00,3.33459e-01,9.99999e-01,9.99999e-01,3.35027e-01,9.99964e-01,9.95354e-01
3.415596396e+00,4.43916e-01,9.99999e-01,9.99999e-01,4.45872e-01,9.99965e-01,9.95647e-01
3.432674378e+00,4.70592e-01,9.99999e-01,9.99999e-01,4.71743e-01,9.99966e-01,9.97592e-01
3.449837750e+00,5.97586e-01,9.99999e-01,9.99999e-01,5.98584e-01,9.99966e-01,9.98365e-01
3.467086939e+00,7.01052e-01,9.99999e-01,9.99999e-01,7.02382e-01,9.99967e-01,9.98137e-01
3.484422373e+00,7.16853e-01,9.99999e-01,9.99999e-01,7.18369e-01,9.99968e-01,9.97920e-01
3.501844485e+00,8.25496e-01,9.99999e-01,9.99999e-01,8.26663e-01,9.99968e-01,9.98618e-01
3.519353708e+00,8.52632e-01,9.99999e-01,9.99999e-01,8.53091e-01,9.99969e-01,9.99490e-01
3.536950476e+00,8.65656e-01,9.99999e-01,9.99999e-01,8.65928e-01,9.99969e-01,9.99715e-01
3.554635228e+00,9.15187e-01,9.99999e-01,9.99999e-01,9.15630e-01,9.99970e-01,9.99545e-01
3.572408405e+00,9.17819e-01,9.99999e-01,9.99999e-01,9.18366e-01,9.99971e-01,9.99432e-01
3.590270447e+00,9.41879e-01,9.99999e-01,9.99999e-01,9.42505e-01,9.99971e-01,9.99364e-01
3.608221799e+00,9.54244e-01,9.99999e-01,9.99999e-01,9.55083e-01,9.99972e-01,9.99147e-01
3.626262908e+00,9.60509e-01,9.99999e-01,9.99999e-01,9.61539e-01,9.99972e-01,9.98954e-01
3.644394222e+00,9.75364e-01,9.99999e-01,9.99999e-01,9.76749e-01,9.99973e-01,9.98607e-01
3.662616193e+00,9.59796e-01,9.99999e-01,9.99999e-01,9.61511e-01,9.99973e-01,9.98241e-01
3.680929274e+00,9.36642e-01,9.99999e-01,9.99999e-01,9.38788e-01,9.99974e-01,9.97738e-01
3.699333921e+00,9.68083e-01,9.99999e-01,9.99999e-01,9.70876e-01,9.99974e-01,9.97147e-01
3.717830590e+00,9.73545e-01,9.99999e-01,9.99999e-01,9.77107e-01,9.99975e-01,9.96377e-01
3.736419743e+00,9.68728e-01,9.99999e-01,9.99999e-01,9.73334e-01,9.99975e-01,9.95291e-01
3.755101842e+00,9.65658e-01,9.99998e-01,9.99999e-01,9.71350e-01,9.99976e-01,9.94163e-01
3.773877351e+00,9.69077e-01,9.99998e-01,9.99999e-01,9.76316e-01,9.99976e-01,9.92608e-01
3.792746738e+00,9.62233e-01,9.99997e-01,9.99999e-01,9.71540e-01,9.99977e-01,9.90444e-01
3.811710472e+00,9.53410e-01,9.99995e-01,9.99999e-01,9.65105e-01,9.99977e-01,9.87906e-01
3.830769024e+00,9.47712e-01,9.99993e-01,9.99999e-01,9.62365e-01,9.99977e-01,9.84800e-01
3.849922869e+00,9.26869e-01,9.99988e-01,9.99999e-01,9.45017e-01,9.99978e-01,9.80826e-01
3.869172484e+00,9.14181e-01,9.99984e-01,9.99999e-01,9.36862e-01,9.99978e-01,9.75824e-01
3.888518346e+00,9.34456e-01,9.99973e-01,9.99999e-01,9.64272e-01,9.99979e-01,9.69124e-01
3.907960938e+00,9.21944e-01,9.99967e-01,9.99999e-01,9.60044e-01,9.99979e-01,9.60364e-01
3.927500742e+00,7.31621e-01,9.99943e-01,9.99999e-01,7.70910e-01,9.99980e-01,9.49101e-01
3.947138246e+00,7.96711e-01,9.99921e-01,9.99999e-01,8.52657e-01,9.99980e-01,9.34473e-01
3.966873937e+00,6.07815e-01,9.99910e-01,9.99999e-01,6.63801e-01,9.99980e-01,9.15744e-01
3.986708307e+00,8.32053e-01,9.99854e-01,9.99999e-01,9.31926e-01,9.99981e-01,8.92973e-01
4.006641849e+00,8.44278e-01,9.99808e-01,9.99999e-01,9.75096e-01,9.99981e-01,8.66019e-01
4.026675058e+00,8.11633e-01,9.99841e-01,9.99999e-01,9.71218e-01,9.99981e-01,8.35831e-01
4.046808433e+00,7.76165e-01,9.99834e-01,9.99999e-01,9.65089e-01,9.99982e-01,8.04387e-01
4.067042475e+00,7.42814e-01,9.99766e-01,9.99999e-01,9.59991e-01,9.99982e-01,7.73964e-01
4.087377688e+00,7.14274e-01,9.99725e-01,9.99999e-01,9.57089e-01,9.99982e-01,7.46512e-01
4.107814576e+00,6.81974e-01,9.99678e-01,9.99999e-01,9.41226e-01,9.99983e-01,7.24801e-01
4.128353649e+00,6.45966e-01,9.99675e-01,9.99999e-01,9.09089e-01,9.99983e-01,7.10802e-01
4.148995417e+00,6.25171e-01,9.99774e-01,9.99999e-01,8.87771e-01,9.99983e-01,7.04368e-01
4.169740394e+00,5.83608e-01,9.99792e-01,9.99999e-01,8.27309e-01,9.99984e-01,7.05581e-01
4.190589096e+00,5.65116e-01,9.99807e-01,9.99999e-01,7.94365e-01,9.99984e-01,7.11547e-01
4.211542042e+00,4.95858e-01,9.99821e-01,9.99999e-01,6.95439e-01,9.99984e-01,7.13145e-01
4.232599752e+00,4.70316e-01,9.99890e-01,9.99999e-01,6.68776e-01,9.99985e-01,7.03330e-01
4.253762751e+00,4.05553e-01,9.99923e-01,9.99999e-01,6.02027e-01,9.99985e-01,6.73703e-01
4.275031564e+00,3.08313e-01,9.99873e-01,9.99999e-01,4.96067e-01,9.99985e-01,6.21596e-01
4.296406722e+00,2.41194e-01,9.98784e-01,9.99999e-01,3.98511e-01,9.99985e-01,6.05913e-01
4.317888756e+00,2.91367e-01,9.99763e-01,9.99999e-01,4.48496e-01,9.99986e-01,6.49804e-01
4.339478200e+00,2.60315e-01,9.99858e-01,9.99999e-01,3.64882e-01,9.99986e-01,7.13524e-01
4.361175591e+00,2.32023e-01,9.99884e-01,9.99999e-01,3.07732e-01,9.99986e-01,7.54061e-01
4.382981469e+00,2.39643e-01,9.99879e-01,9.99999e-01,3.09184e-01,9.99986e-01,7.75172e-01
4.404896376e+00,2.32920e-01,9.99830e-01,9.99999e-01,2.95867e-01,9.99987e-01,7.87354e-01
4.426920858e+00,1.50383e-01,9.99828e-01,9.99999e-01,1.88499e-01,9.99987e-01,7.97895e-01
4.449055462e+00,2.46113e-01,9.99881e-01,9.99999e-01,3.03888e-01,9.99987e-01,8.09973e-01
4.471300739e+00,1.78191e-01,9.99875e-01,9.99999e-01,2.16075e-01,9.99987e-01,8.24764e-01
4.493657243e+00,2.51363e-01,9.99891e-01,9.99999e-01,2.98551e-01,9.99988e-01,8.42034e-01
4.516125529e+00,1.29437e-01,9.99898e-01,9.99999e-01,1.50422e-01,9.99988e-01,8.60562e-01
4.538706157e+00,2.07525e-01,9.99878e-01,9.99999e-01,2.35873e-01,9.99988e-01,8.79888e-01
4.561399688e+00,1.88138e-01,9.99914e-01,9.99999e-01,2.09358e-01,9.99988e-01,8.98691e-01
4.584206686e+00,2.73782e-01,9.99932e-01,9.99999e-01,2.98875e-01,9.99989e-01,9.16092e-01
4.607127720e+00,1.87106e-01,9.99933e-01,9.99999e-01,2.00844e-01,9.99989e-01,9.31641e-01
4.630163358e+00,7.66158e-02,9.99958e-01,9.99999e-01,8.10624e-02,9.99989e-01,9.45176e-01
4.653314175e+00,7.32020e-02,9.99960e-01,9.99999e-01,7.65444e-02,9.99989e-01,9.56368e-01
4.676580746e+00,1.67401e-02,9.99962e-01,9.99999e-01,1.73408e-02,9.99989e-01,9.65376e-01
4.699963650e+00,6.19195e-02,9.99979e-01,9.99999e-01,6.36699e-02,9.99990e-01,9.72531e-01
4.723463468e+00,1.78424e-02,9.99975e-01,9.99999e-01,1.82431e-02,9.99990e-01,9.78053e-01
4.747080785e+00,9.72437e-02,9.99986e-01,9.99999e-01,9.90143e-02,9.99990e-01,9.82136e-01
4.770816189e+00,2.28823e-02,9.99987e-01,9.99999e-01,2.32274e-02,9.99990e-01,9.85156e-01
4.794670270e+00,1.07629e-02,9.99987e-01,9.99999e-01,1.09007e-02,9.99990e-01,9.87375e-01
4.818643622e+00,9.14962e-03,9.99993e-01,9.99999e-01,9.25210e-03,9.99990e-01,9.88935e-01
4.842736840e+00,2.13234e-03,9.99994e-01,9.99999e-01,2.15432e-03,9.99991e-01,9.89808e-01
4.866950524e+00,1.91228e-02,9.99996e-01,9.99999e-01,1.93146e-02,9.99991e-01,9.90080e-01
4.891285276e+00,1.08496e-03,9.99996e-01,9.99999e-01,1.09619e-03,9.99991e-01,9.89765e-01
4.915741703e+00,6.28775e-03,9.99997e-01,9.99999e-01,6.35612e-03,9.99991e-01,9.89251e-01
4.940320411e+00,6.27193e-04,9.99998e-01,9.99999e-01,6.34801e-04,9.99991e-01,9.88023e-01
4.965022013e+00,2.17750e-04,9.99998e-01,9.99999e-01,2.20734e-04,9.99991e-01,9.86488e-01
4.989847123e+00,8.62988e-04,9.99998e-01,9.99999e-01,8.76177e-04,9.99992e-01,9.84953e-01
5.014796359e+00,3.41744e-06,9.99998e-01,9.99999e-01,3.47767e-06,9.99992e-01,9.82687e-01
5.039870341e+00,2.04329e-04,9.99999e-01,9.99999e-01,2.08505e-04,9.99992e-01,9.79976e-01
5.065069693e+00,2.17579e-04,9.99999e-01,9.99999e-01,2.23004e-04,9.99992e-01,9.75679e-01
5.090395041e+00,5.31039e-06,9.99999e-01,9.99999e-01,5.46782e-06,9.99992e-01,9.71213e-01
5.115847016e+00,2.25867e-06,9.99999e-01,9.99999e-01,2.33993e-06,9.99992e-01,9.65278e-01
5.141426251e+00,2.98787e-08,9.99999e-01,9.99999e-01,3.12154e-08,9.99992e-01,9.57184e-01
5.167133383e+00,6.45353e-09,9.99999e-01,9.99999e-01,6.79752e-09,9.99992e-01,9.49399e-01
5.192969049e+00,5.34047e-09,9.99999e-01,9.99999e-01,5.67935e-09,9.99993e-01,9.40336e-01
5.218933895e+00,1.49314e-13,9.99999e-01,9.99999e-01,1.60814e-13,9.99993e-01,9.28496e-01
5.245028564e+00,2.46615e-10,9.99999e-01,9.99999e-01,2.70062e-10,9.99993e-01,9.13181e-01
5.271253707e+00,2.66724e-11,9.99999e-01,9.99999e-01,2.98729e-11,9.99993e-01,8.92864e-01
5.297609976e+00,7.09392e-13,9.99999e-01,9.99999e-01,8.16232e-13,9.99993e-01,8.69110e-01
5.324098025e+00,2.20204e-13,9.99999e-01,9.99999e-01,2.61827e-13,9.99993e-01,8.41033e-01
5.350718516e+00,3.63639e-16,9.99999e-01,9.99999e-01,4.52382e-16,9.99993e-01,8.03836e-01
5.377472108e+00,2.02094e-16,9.99999e-01,9.99999e-01,2.62686e-16,9.99993e-01,7.69343e-01
5.404359469e+00,1.64933e-16,9.99999e-01,9.99999e-01,2.25538e-16,9.99994e-01,7.31290e-01
5.431381266e+00,2.04707e-29,9.99999e-01,9.99999e-01,2.93369e-29,9.99994e-01,6.97785e-01
5.458538172e+00,1.20827e-29,9.99999e-01,9.99999e-01,1.84251e-29,9.99994e-01,6.55777e-01
5.485830863e+00,2.50445e-31,9.99999e-01,9.99999e-01,4.15231e-31,9.99994e-01,6.03150e-01
5.513260018e+00,4.29094e-33,9.99999e-01,9.99999e-01,7.77610e-33,9.99994e-01,5.51814e-01
5.540826318e+00,5.27674e-35,9.99999e-01,9.99999e-01,1.06440e-34,9.99994e-01,4.95750e-01
5.568530449e+00,5.45024e-54,9.99999e-01,9.99999e-01,1.23882e-53,9.99994e-01,4.39954e-01
5.596373101e+00,1.05495e-51,9.99999e-01,9.99999e-01,2.72629e-51,9.99994e-01,3.86957e-01
5.624354967e+00,1.19321e-46,9.99999e-01,9.99999e-01,3.55507e-46,9.99994e-01,3.35638e-01
5.652476742e+00,4.40212e-51,9.99999e-01,9.99999e-01,1.53957e-50,9.99994e-01,2.85934e-01
5.680739126e+00,1.13485e-58,9.99999e-01,9.99999e-01,4.75582e-58,9.99995e-01,2.38625e-01
5.709142821e+00,6.40486e-64,9.99999e-01,9.99999e-01,3.25354e-63,9.99995e-01,1.96859e-01
5.737688535e+00,6.49067e-62,9.99999e-01,9.99999e-01,4.19970e-61,9.99995e-01,1.54551e-01
5.766376978e+00,7.52134e-48,9.99999e-01,9.99999e-01,6.45702e-47,9.99995e-01,1.16484e-01
5.795208863e+00,1.12399e-43,9.99999e-01,9.99999e-01,1.33815e-42,9.99995e-01,8.39964e-02
5.824184907e+00,3.43291e-53,9.99999e-01,9.99999e-01,5.75113e-52,9.99995e-01,5.96912e-02
5.853305832e+00,3.00677e-52,9.99999e-01,9.99999e-01,6.91334e-51,9.99995e-01,4.34924e-02
5.882572361e+00,4.49592e-64,9.99999e-01,9.99999e-01,1.35467e-62,9.99995e-01,3.31883e-02
5.911985223e+00,1.88297e-61,9.99999e-01,9.99999e-01,7.25215e-60,9.99995e-01,2.59644e-02
5.941545149e+00,1.40551e-63,9.99999e-01,9.99999e-01,6.75608e-62,9.99995e-01,2.08037e-02
5.971252874e+00,3.33936e-55,9.99999e-01,9.99999e-01,1.83290e-53,9.99995e-01,1.82190e-02
6.001109139e+00,5.59816e-38,9.99999e-01,9.99999e-01,3.19915e-36,9.99995e-01,1.74990e-02
6.031114685e+00,9.93663e-42,9.99999e-01,9.99999e-01,5.40706e-40,9.99995e-01,1.83772e-02
6.061270258e+00,1.55308e-41,9.99999e-01,9.99999e-01,7.42460e-40,9.99996e-01,2.09180e-02
6.091576609e+00,3.05323e-35,9.99999e-01,9.99999e-01,1.23034e-33,9.99996e-01,2.48162e-02
6.122034492e+00,3.18997e-23,9.99999e-01,9.99999e-01,1.03578e-21,9.99996e-01,3.07979e-02
6.152644665e+00,1.00610e-23,9.99999e-01,9.99999e-01,2.57027e-22,9.99996e-01,3.91438e-02
6.183407888e+00,1.19840e-16,9.99999e-01,9.99999e-01,2.49166e-15,9.99996e-01,4.80965e-02
6.214324928e+00,1.03072e-11,9.99999e-01,9.99999e-01,1.89938e-10,9.99996e-01,5.42664e-02
6.245396552e+00,1.42980e-08,9.99999e-01,9.99999e-01,2.63847e-07,9.99996e-01,5.41906e-02
6.276623535e+00,5.10659e-09,9.99999e-01,9.99999e-01,1.06600e-07,9.99996e-01,4.79041e-02
6.308006653e+00,4.91648e-09,9.99999e-01,9.99999e-01,1.26349e-07,9.99996e-01,3.89121e-02
6.339546686e+00,3.18567e-17,9.99999e-01,9.99999e-01,1.05348e-15,9.99996e-01,3.02396e-02
6.371244419e+00,4.86574e-34,9.99999e-01,9.99999e-01,2.08931e-32,9.99996e-01,2.32888e-02
6.403100641e+00,5.09501e-47,9.99999e-01,9.99999e-01,2.78813e-45,9.99996e-01,1.82740e-02
6.435116145e+00,5.13656e-100,9.99999e-01,9.99999e-01,3.28169e-98,9.99996e-01,1.56522e-02
6.467291725e+00,1.37774e-100,9.99999e-01,9.99999e-01,9.44421e-99,9.99996e-01,1.45883e-02
6.499628184e+00,1.77054e-114,9.99999e-01,9.99999e-01,1.19691e-112,9.99996e-01,1.47927e-02
6.532126325e+00,3.78059e-101,9.99999e-01,9.99999e-01,2.31972e-99,9.99996e-01,1.62976e-02
6.564786956e+00,3.53952e-121,9.99999e-01,9.99999e-01,1.75117e-119,9.99997e-01,2.02123e-02
6.597610891e+00,2.29149e-162,9.99999e-01,9.99999e-01,8.71337e-161,9.99997e-01,2.62986e-02
6.630598946e+00,1.84167e-107,9.99999e-01,9.99999e-01,5.26134e-106,9.99997e-01,3.50039e-02
6.663751940e+00,4.20553e-100,9.99999e-01,9.99999e-01,9.03545e-99,9.99997e-01,4.65449e-02
6.697070700e+00,1.59081e-79,9.99999e-01,9.99999e-01,2.57952e-78,9.99997e-01,6.16707e-02
6.730556054e+00,6.44311e-55,9.99999e-01,9.99999e-01,7.98714e-54,9.99997e-01,8.06687e-02
6.764208834e+00,5.84159e-55,9.99999e-01,9.99999e-01,5.55313e-54,9.99997e-01,1.05195e-01
6.798029878e+00,1.02516e-66,9.99999e-01,9.99999e-01,7.41723e-66,9.99997e-01,1.38214e-01
6.832020027e+00,9.68956e-67,9.99999e-01,9.99999e-01,5.58749e-66,9.99997e-01,1.73415e-01
6.866180128e+00,2.31540e-76,9.99999e-01,9.99999e-01,1.08779e-75,9.99997e-01,2.12855e-01
6.900511028e+00,2.30368e-44,9.99999e-01,9.99999e-01,8.96783e-44,9.99997e-01,2.56883e-01
6.935013583e+00,4.88484e-44,9.99999e-01,9.99999e-01,1.59337e-43,9.99997e-01,3.06573e-01
6.969688651e+00,3.73979e-55,9.99999e-01,9.99999e-01,1.03379e-54,9.99997e-01,3.61757e-01
7.004537095e+00,4.53413e-54,9.99999e-01,9.99999e-01,1.07460e-53,9.99997e-01,4.21936e-01
7.039559780e+00,8.50700e-59,9.99999e-01,9.99999e-01,1.75137e-58,9.99997e-01,4.85734e-01
7.074757579e+00,2.82019e-46,9.99999e-01,9.99999e-01,5.18803e-46,9.99997e-01,5.43596e-01
7.110131367e+00,8.03106e-46,9.99999e-01,9.99999e-01,1.33569e-45,9.99997e-01,6.01266e-01
7.145682024e+00,2.60651e-51,9.99999e-01,9.99999e-01,3.96229e-51,9.99997e-01,6.57830e-01
7.181410434e+00,1.18743e-64,9.99999e-01,9.99999e-01,1.67470e-64,9.99997e-01,7.09042e-01
7.217317486e+00,4.79415e-48,9.99999e-01,9.99999e-01,6.35615e-48,9.99997e-01,7.54254e-01
7.253404073e+00,2.75471e-48,9.99999e-01,9.99999e-01,3.46338e-48,9.99997e-01,7.95385e-01
7.289671094e+00,2.01447e-42,9.99999e-01,9.99999e-01,2.42588e-42,9.99997e-01,8.30407e-01
7.326119449e+00,2.98610e-42,9.99999e-01,9.99999e-01,3.46725e-42,9.99997e-01,8.61229e-01
7.362750046e+00,3.41921e-31,9.99999e-01,9.99999e-01,3.84824e-31,9.99997e-01,8.88512e-01
7.399563797e+00,2.63101e-25,9.99999e-01,9.99999e-01,2.89040e-25,9.99997e-01,9.10259e-01
7.436561616e+00,7.32690e-28,9.99999e-01,9.99999e-01,7.90271e-28,9.99997e-01,9.27138e-01
7.473744424e+00,2.24382e-26,9.99999e-01,9.99999e-01,2.38182e-26,9.99998e-01,9.42061e-01
7.511113146e+00,1.65990e-22,9.99999e-01,9.99999e-01,1.73855e-22,9.99998e-01,9.54765e-01
7.548668712e+00,5.65257e-24,9.99999e-01,9.99999e-01,5.86779e-24,9.99998e-01,9.63323e-01
7.586412055e+00,3.41937e-42,9.99999e-01,9.99999e-01,3.52312e-42,9.99998e-01,9.70553e-01
7.624344115e+00,2.06938e-21,9.99999e-01,9.99999e-01,2.11945e-21,9.99998e-01,9.76376e-01
7.662465836e+00,2.71372e-13,9.99999e-01,9.99999e-01,2.76717e-13,9.99998e-01,9.80684e-01
7.700778165e+00,1.29384e-13,9.99999e-01,9.99999e-01,1.31450e-13,9.99998e-01,9.84283e-01
7.739282056e+00,1.58685e-21,9.99999e-01,9.99999e-01,1.60795e-21,9.99998e-01,9.86882e-01
7.777978466e+00,7.27841e-15,9.99999e-01,9.99999e-01,7.35760e-15,9.99998e-01,9.89238e-01
7.816868359e+00,2.54619e-12,9.99999e-01,9.99999e-01,2.56844e-12,9.99998e-01,9.91337e-01
7.855952700e+00,7.15194e-13,9.99999e-01,9.99999e-01,7.20451e-13,9.99998e-01,9.92703e-01
7.895232464e+00,7.34037e-13,9.99999e-01,9.99999e-01,7.38621e-13,9.99998e-01,9.93795e-01
7.934708626e+00,1.72287e-08,9.99999e-01,9.99999e-01,1.73203e-08,9.99998e-01,9.94713e-01
7.974382169e+00,5.20865e-06,9.99999e-01,9.99999e-01,5.23298e-06,9.99998e-01,9.95351e-01
8.014254080e+00,9.33169e-07,9.99999e-01,9.99999e-01,9.36942e-07,9.99998e-01,9.95974e-01
8.054325351e+00,1.81731e-06,9.99999e-01,9.99999e-01,1.82356e-06,9.99998e-01,9.96576e-01
8.094596977e+00,7.10267e-05,9.99999e-01,9.99999e-01,7.12308e-05,9.99998e-01,9.97135e-01
8.135069962e+00,6.31465e-05,9.99999e-01,9.99999e-01,6.32956e-05,9.99998e-01,9.97644e-01
8.175745312e+00,1.02460e-05,9.99999e-01,9.99999e-01,1.02666e-05,9.99998e-01,9.97995e-01
8.216624039e+00,3.91702e-04,9.99999e-01,9.99999e-01,3.92378e-04,9.99998e-01,9.98279e-01
8.257707159e+00,1.57737e-03,9.99999e-01,9.99999e-01,1.57972e-03,9.99998e-01,9.98515e-01
8.298995695e+00,1.21027e-02,9.99999e-01,9.99999e-01,1.21190e-02,9.99998e-01,9.98658e-01
8.340490673e+00,4.16186e-03,9.99999e-01,9.99999e-01,4.16687e-03,9.99998e-01,9.98797e-01
8.382193126e+00,2.23057e-02,9.99999e-01,9.99999e-01,2.23293e-02,9.99998e-01,9.98941e-01
8.424104092e+00,7.10935e-03,9.99999e-01,9.99999e-01,7.11595e-03,9.99998e-01,9.99072e-01
8.466224613e+00,1.85358e-02,9.99999e-01,9.99999e-01,1.85508e-02,9.99998e-01,9.99194e-01
8.508555736e+00,6.85555e-03,9.99999e-01,9.99999e-01,6.86053e-03,9.99998e-01,9.99274e-01
8.551098514e+00,8.45382e-02,9.99999e-01,9.99999e-01,8.45937e-02,9.99998e-01,9.99344e-01
8.593854007e+00,2.09988e-01,9.99999e-01,9.99999e-01,2.10115e-01,9.99998e-01,9.99392e-01
8.636823277e+00,2.44508e-01,9.99999e-01,9.99999e-01,2.44645e-01,9.99998e-01,9.99442e-01
8.680007393e+00,1.02897e-01,9.99999e-01,9.99999e-01,1.02949e-01,9.99998e-01,9.99494e-01
8.723407430e+00,1.65630e-01,9.99999e-01,9.99999e-01,1.65705e-01,9.99998e-01,9.99546e-01
8.767024467e+00,1.17886e-01,9.99999e-01,9.99999e-01,1.17933e-01,9.99998e-01,9.99599e-01
8.810859590e+00,1.26848e-01,9.99999e-01,9.99999e-01,1.26895e-01,9.99998e-01,9.99628e-01
8.854913888e+00,4.09728e-01,9.99999e-01,9.99999e-01,4.09869e-01,9.99998e-01,9.99655e-01
8.899188457e+00,3.52199e-01,9.99999e-01,9.99999e-01,3.52314e-01,9.99998e-01,9.99675e-01
8.943684399e+00,2.64330e-01,9.99999e-01,9.99999e-01,2.64411e-01,9.99998e-01,9.99693e-01
8.988402821e+00,2.40890e-01,9.99999e-01,9.99999e-01,2.40960e-01,9.99998e-01,9.99708e-01
9.033344836e+00,1.71367e-01,9.99999e-01,9.99999e-01,1.71414e-01,9.99998e-01,9.99724e-01
9.078511560e+00,2.68949e-01,9.99999e-01,9.99999e-01,2.69018e-01,9.99998e-01,9.99740e-01
9.123904118e+00,3.96183e-01,9.99999e-01,9.99999e-01,3.96283e-01,9.99998e-01,9.99748e-01
9.169523638e+00,3.13624e-01,9.99999e-01,9.99999e-01,3.13701e-01,9.99998e-01,9.99754e-01
9.215371256e+00,5.48279e-01,9.99999e-01,9.99999e-01,5.48411e-01,9.99998e-01,9.99759e-01
9.261448113e+00,5.18187e-01,9.99999e-01,9.99999e-01,5.18309e-01,9.99998e-01,9.99764e-01
9.307755353e+00,3.81189e-01,9.99999e-01,9.99999e-01,3.81278e-01,9.99998e-01,9.99767e-01
9.354294130e+00,3.06457e-01,9.99999e-01,9.99999e-01,3.06528e-01,9.99998e-01,9.99769e-01
9.401065601e+00,1.74552e-01,9.99999e-01,9.99999e-01,1.74593e-01,9.99998e-01,9.99767e-01
9.448070929e+00,2.44381e-01,9.99999e-01,9.99999e-01,2.44438e-01,9.99998e-01,9.99764e-01
9.495311283e+00,4.92817e-01,9.99999e-01,9.99999e-01,4.92936e-01,9.99998e-01,9.99759e-01
9.542787840e+00,5.92439e-01,9.99999e-01,9.99999e-01,5.92585e-01,9.99998e-01,9.99752e-01
9.590501779e+00,4.22297e-01,9.99999e-01,9.99999e-01,4.22404e-01,9.99998e-01,9.99745e-01
9.638454288e+00,4.32505e-01,9.99999e-01,9.99999e-01,4.32619e-01,9.99998e-01,9.99738e-01
9.686646559e+00,4.53056e-01,9.99999e-01,9.99999e-01,4.53178e-01,9.99998e-01,9.99731e-01
9.735079792e+00,5.59180e-01,9.99999e-01,9.99999e-01,5.59336e-01,9.99998e-01,9.99722e-01
9.783755191e+00,4.50875e-01,9.99999e-01,9.99999e-01,4.51005e-01,9.99998e-01,9.99712e-01
9.832673967e+00,1.97720e-01,9.99999e-01,9.99999e-01,1.97779e-01,9.99999e-01,9.99700e-01
9.881837337e+00,7.91902e-02,9.99999e-01,9.99999e-01,7.92150e-02,9.99999e-01,9.99687e-01
9.931246523e+00,3.41275e-01,9.99999e-01,9.99999e-01,3.41386e-01,9.99999e-01,9.99673e-01
9.980902756e+00,4.98813e-01,9.99999e-01,9.99999e-01,4.98984e-01,9.99999e-01,9.99657e-01
1.003080727e+01,5.01216e-01,9.99999e-01,9.99999e-01,5.01396e-01,9.99999e-01,9.99641e-01
1.008096131e+01,5.47673e-01,9.99999e-01,9.99999e-01,5.47879e-01,9.99999e-01,9.99624e-01
1.013136611e+01,6.30694e-01,9.99999e-01,9.99999e-01,6.30943e-01,9.99999e-01,9.99606e-01
1.018202294e+01,6.63427e-01,9.99999e-01,9.99999e-01,6.63701e-01,9.99999e-01,9.99587e-01
1.023293306e+01,4.80067e-01,9.99999e-01,9.99999e-01,4.80274e-01,9.99999e-01,9.99567e-01
1.028409772e+01,2.74536e-01,9.99999e-01,9.99999e-01,2.74661e-01,9.99999e-01,9.99545e-01
1.033551821e+01,2.43792e-01,9.99999e-01,9.99999e-01,2.43908e-01,9.99999e-01,9.99522e-01
1.038719580e+01,1.02591e-01,9.99999e-01,9.99999e-01,1.02643e-01,9.99999e-01,9.99498e-01
1.043913178e+01,1.14763e-01,9.99999e-01,9.99999e-01,1.14823e-01,9.99999e-01,9.99472e-01
1.049132744e+01,2.75392e-01,9.99999e-01,9.99999e-01,2.75544e-01,9.99999e-01,9.99444e-01
1.054378408e+01,3.78003e-01,9.99999e-01,9.99999e-01,3.78224e-01,9.99999e-01,9.99415e-01
1.059650300e+01,3.59709e-01,9.99999e-01,9.99999e-01,3.59930e-01,9.99999e-01,9.99385e-01
1.064948551e+01,3.21495e-01,9.99999e-01,9.99999e-01,3.21702e-01,9.99999e-01,9.99353e-01
1.070273294e+01,1.99162e-01,9.99999e-01,9.99999e-01,1.99297e-01,9.99999e-01,9.99319e-01
1.075624661e+01,2.20451e-01,9.99999e-01,9.99999e-01,2.20609e-01,9.99999e-01,9.99284e-01
1.081002784e+01,2.25333e-01,9.99999e-01,9.99999e-01,2.25503e-01,9.99999e-01,9.99247e-01
1.086407798e+01,8.44606e-02,9.99999e-01,9.99999e-01,8.45274e-02,9.99999e-01,9.99210e-01
1.091839837e+01,2.70444e-02,9.99999e-01,9.99999e-01,2.70669e-02,9.99999e-01,9.99167e-01
1.097299036e+01,4.10035e-03,9.99999e-01,9.99999e-01,4.10395e-03,9.99999e-01,9.99124e-01
1.102785531e+01,2.43185e-03,9.99999e-01,9.99999e-01,2.43410e-03,9.99999e-01,9.99078e-01
1.108299459e+01,4.87152e-02,9.99999e-01,9.99999e-01,4.87625e-02,9.99999e-01,9.99030e-01
1.113840956e+01,1.92783e-01,9.99999e-01,9.99999e-01,1.92980e-01,9.99999e-01,9.98980e-01
1.119410161e+01,2.76129e-01,9.99999e-01,9.99999e-01,2.76425e-01,9.99999e-01,9.98928e-01
1.125007212e+01,1.72093e-01,9.99999e-01,9.99999e-01,1.72287e-01,9.99999e-01,9.98872e-01
1.130632248e+01,1.38831e-01,9.99999e-01,9.99999e-01,1.38996e-01,9.99999e-01,9.98812e-01
1.136285409e+01,2.28424e-01,9.99999e-01,9.99999e-01,2.28709e-01,9.99999e-01,9.98751e-01
1.141966836e+01,2.61294e-01,9.99999e-01,9.99999e-01,2.61637e-01,9.99999e-01,9.98687e-01
1.147676670e+01,1.94605e-01,9.99999e-01,9.99999e-01,1.94873e-01,9.99999e-01,9.98623e-01
1.153415054e+01,5.40224e-02,9.99999e-01,9.99999e-01,5.41006e-02,9.99999e-01,9.98553e-01
1.159182129e+01,2.54040e-02,9.99999e-01,9.99999e-01,2.54427e-02,9.99999e-01,9.98482e-01
1.164978039e+01,3.01533e-03,9.99999e-01,9.99999e-01,3.02014e-03,9.99999e-01,9.98406e-01
1.170802930e+01,5.39577e-04,9.99999e-01,9.99999e-01,5.40481e-04,9.99999e-01,9.98326e-01
1.176656944e+01,1.02619e-02,9.99999e-01,9.99999e-01,1.02800e-02,9.99999e-01,9.98244e-01
1.182540229e+01,5.52274e-02,9.99999e-01,9.99999e-01,5.53297e-02,9.99999e-01,9.98151e-01
1.188452930e+01,5.62219e-02,9.99999e-01,9.99999e-01,5.63313e-02,9.99999e-01,9.98058e-01
1.194395195e+01,8.45048e-02,9.99999e-01,9.99999e-01,8.46781e-02,9.99999e-01,9.97953e-01
1.200367171e+01,1.42783e-01,9.99999e-01,9.99999e-01,1.43091e-01,9.99999e-01,9.97844e-01
1.206369007e+01,6.32690e-02,9.99999e-01,9.99999e-01,6.34129e-02,9.99999e-01,9.97730e-01
1.212400852e+01,1.34474e-01,9.99999e-01,9.99999e-01,1.34796e-01,9.99999e-01,9.97607e-01
1.218462856e+01,1.29461e-01,9.99999e-01,9.99999e-01,1.29787e-01,9.99999e-01,9.97484e-01
1.224555170e+01,1.49670e-02,9.99999e-01,9.99999e-01,1.50066e-02,9.99999e-01,9.97360e-01
1.230677946e+01,6.23827e-03,9.99999e-01,9.99999e-01,6.25556e-03,9.99999e-01,9.97235e-01
1.236831336e+01,3.26093e-04,9.99999e-01,9.99999e-01,3.27040e-04,9.99999e-01,9.97104e-01
1.243015492e+01,2.04705e-05,9.99999e-01,9.99999e-01,2.05327e-05,9.99999e-01,9.96967e-01
1.249230570e+01,3.13861e-05,9.99999e-01,9.99999e-01,3.14859e-05,9.99999e-01,9.96829e-01
1.255476723e+01,1.36742e-04,9.99999e-01,9.99999e-01,1.37197e-04,9.99999e-01,9.96680e-01
1.261754106e+01,7.79756e-03,9.99999e-01,9.99999e-01,7.82471e-03,9.99999e-01,9.96530e-01
1.268062877e+01,3.22781e-02,9.99999e-01,9.99999e-01,3.23957e-02,9.99999e-01,9.96369e-01
1.274403191e+01,2.05047e-02,9.99999e-01,9.99999e-01,2.05830e-02,9.99999e-01,9.96194e-01
1.280775207e+01,4.78253e-02,9.99999e-01,9.99999e-01,4.80164e-02,9.99999e-01,9.96019e-01
1.287179083e+01,1.72704e-02,9.99999e-01,9.99999e-01,1.73427e-02,9.99999e-01,9.95827e-01
1.293614979e+01,2.75407e-02,9.99999e-01,9.99999e-01,2.76614e-02,9.99999e-01,9.95633e-01
1.300083054e+01,2.26981e-03,9.99999e-01,9.99999e-01,2.28022e-03,9.99999e-01,9.95435e-01
1.306583469e+01,2.65378e-03,9.99999e-01,9.99999e-01,2.66650e-03,9.99999e-01,9.95229e-01
1.313116386e+01,1.86576e-03,9.99999e-01,9.99999e-01,1.87509e-03,9.99999e-01,9.95022e-01
1.319681968e+01,9.27575e-04,9.99999e-01,9.99999e-01,9.32425e-04,9.99999e-01,9.94798e-01
1.326280378e+01,7.47646e-06,9.99999e-01,9.99999e-01,7.51731e-06,9.99999e-01,9.94565e-01
1.332911780e+01,1.53446e-05,9.99999e-01,9.99999e-01,1.54321e-05,9.99999e-01,9.94329e-01
1.339576339e+01,4.17278e-06,9.99999e-01,9.99999e-01,4.19776e-06,9.99999e-01,9.94049e-01
1.346274221e+01,1.30375e-08,9.99999e-01,9.99999e-01,1.31192e-08,9.99999e-01,9.93768e-01
1.353005592e+01,9.34596e-05,9.99999e-01,9.99999e-01,9.40743e-05,9.99999e-01,9.93465e-01
1.359770620e+01,2.68458e-04,9.99999e-01,9.99999e-01,2.70318e-04,9.99999e-01,9.93120e-01
1.366569473e+01,1.90224e-04,9.99999e-01,9.99999e-01,1.91608e-04,9.99999e-01,9.92773e-01
1.373402320e+01,2.26056e-03,9.99999e-01,9.99999e-01,2.27784e-03,9.99999e-01,9.92417e-01
1.380269332e+01,4.32142e-03,9.99999e-01,9.99999e-01,4.35603e-03,9.99999e-01,9.92053e-01
1.387170678e+01,6.00618e-04,9.99999e-01,9.99999e-01,6.05651e-04,9.99999e-01,9.91688e-01
1.394106532e+01,2.17550e-04,9.99999e-01,9.99999e-01,2.19454e-04,9.99999e-01,9.91322e-01
1.401077064e+01,2.50262e-05,9.99999e-01,9.99999e-01,2.52546e-05,9.99999e-01,9.90953e-01
1.408082450e+01,3.25146e-05,9.99999e-01,9.99999e-01,3.28237e-05,9.99999e-01,9.90583e-01
1.415122862e+01,1.75515e-07,9.99999e-01,9.99999e-01,1.77254e-07,9.99999e-01,9.90188e-01
1.422198476e+01,1.22364e-09,9.99999e-01,9.99999e-01,1.23626e-09,9.99999e-01,9.89792e-01
1.429309469e+01,5.15970e-09,9.99999e-01,9.99999e-01,5.21508e-09,9.99999e-01,9.89382e-01
1.436456016e+01,3.60879e-11,9.99999e-01,9.99999e-01,3.64923e-11,9.99999e-01,9.88916e-01
1.443638296e+01,1.33851e-12,9.99999e-01,9.99999e-01,1.35415e-12,9.99999e-01,9.88449e-01
1.450856487e+01,1.86442e-09,9.99999e-01,9.99999e-01,1.88712e-09,9.99999e-01,9.87968e-01
1.458110770e+01,1.25964e-06,9.99999e-01,9.99999e-01,1.27564e-06,9.99999e-01,9.87459e-01
1.465401324e+01,8.24164e-06,9.99999e-01,9.99999e-01,8.35062e-06,9.99999e-01,9.86948e-01
1.472728330e+01,8.67751e-06,9.99999e-01,9.99999e-01,8.79698e-06,9.99999e-01,9.86418e-01
1.480091972e+01,5.39747e-07,9.99999e-01,9.99999e-01,5.47490e-07,9.99999e-01,9.85857e-01
1.487492432e+01,5.42276e-11,9.99999e-01,9.99999e-01,5.50369e-11,9.99999e-01,9.85294e-01
1.494929894e+01,4.28186e-09,9.99999e-01,9.99999e-01,4.34842e-09,9.99999e-01,9.84693e-01
1.502404544e+01,3.34937e-07,9.99999e-01,9.99999e-01,3.40370e-07,9.99999e-01,9.84040e-01
1.509916566e+01,7.14811e-07,9.99999e-01,9.99999e-01,7.26889e-07,9.99999e-01,9.83383e-01
1.517466149e+01,7.47559e-08,9.99999e-01,9.99999e-01,7.60718e-08,9.99999e-01,9.82701e-01
1.525053480e+01,9.09908e-07,9.99999e-01,9.99999e-01,9.26604e-07,9.99999e-01,9.81981e-01
1.532678747e+01,2.11163e-08,9.99999e-01,9.99999e-01,2.15196e-08,9.99999e-01,9.81257e-01
1.540342141e+01,6.20728e-10,9.99999e-01,9.99999e-01,6.35692e-10,9.99999e-01,9.76459e-01
1.548043852e+01,4.49377e-11,9.99999e-01,9.99999e-01,4.60716e-11,9.99999e-01,9.75389e-01
1.555784071e+01,2.54879e-14,9.99999e-01,9.99999e-01,2.61560e-14,9.99999e-01,9.74454e-01
1.563562991e+01,4.30124e-20,9.99999e-01,9.99999e-01,4.41830e-20,9.99999e-01,9.73503e-01
1.571380806e+01,1.39055e-20,9.99999e-01,9.99999e-01,1.42986e-20,9.99999e-01,9.72509e-01
1.579237710e+01,2.32378e-15,9.99999e-01,9.99999e-01,2.39193e-15,9.99999e-01,9.71509e-01
1.587133899e+01,7.83955e-13,9.99999e-01,9.99999e-01,8.07795e-13,9.99999e-01,9.70487e-01
1.595069568e+01,1.60322e-14,9.99999e-01,9.99999e-01,1.65407e-14,9.99999e-01,9.69256e-01
1.603044916e+01,4.33134e-19,9.99999e-01,9.99999e-01,4.47443e-19,9.99999e-01,9.68019e-01
1.611060141e+01,6.68861e-19,9.99999e-01,9.99999e-01,6.91847e-19,9.99999e-01,9.66775e-01
1.619115441e+01,5.28844e-18,9.99999e-01,9.99999e-01,5.47753e-18,9.99999e-01,9.65479e-01
1.627211019e+01,3.18791e-20,9.99999e-01,9.99999e-01,3.30637e-20,9.99999e-01,9.64172e-01
1.635347074e+01,2.11176e-18,9.99999e-01,9.99999e-01,2.19322e-18,9.99999e-01,9.62857e-01
1.643523809e+01,1.03722e-18,9.99999e-01,9.99999e-01,1.07875e-18,9.99999e-01,9.61497e-01
1.651741428e+01,2.01438e-20,9.99999e-01,9.99999e-01,2.09807e-20,9.99999e-01,9.60109e-01
1.660000135e+01,2.05473e-25,9.99999e-01,9.99999e-01,2.14322e-25,9.99999e-01,9.58712e-01
1.668300136e+01,3.53838e-26,9.99999e-01,9.99999e-01,3.69613e-26,9.99999e-01,9.57320e-01
1.676641637e+01,9.21827e-23,9.99999e-01,9.99999e-01,9.64304e-23,9.99999e-01,9.55950e-01
1.685024845e+01,1.22893e-23,9.99999e-01,9.99999e-01,1.28742e-23,9.99999e-01,9.54572e-01
1.693449969e+01,5.60808e-29,9.99999e-01,9.99999e-01,5.88349e-29,9.99999e-01,9.53189e-01
1.701917219e+01,2.87425e-31,9.99999e-01,9.99999e-01,3.02004e-31,9.99999e-01,9.51724e-01
1.710426805e+01,7.00059e-40,9.99999e-01,9.99999e-01,7.36715e-40,9.99999e-01,9.50242e-01
1.718978939e+01,3.08680e-43,9.99999e-01,9.99999e-01,3.25353e-43,9.99999e-01,9.48752e-01
1.727573834e+01,5.10452e-44,9.99999e-01,9.99999e-01,5.38949e-44,9.99999e-01,9.47123e-01
1.736211703e+01,1.59046e-47,9.99999e-01,9.99999e-01,1.68241e-47,9.99999e-01,9.45348e-01
1.744892761e+01,6.07611e-41,9.99999e-01,9.99999e-01,6.43953e-41,9.99999e-01,9.43563e-01
1.753617225e+01,4.66231e-33,9.99999e-01,9.99999e-01,4.95056e-33,9.99999e-01,9.41774e-01
1.762385311e+01,5.11639e-32,9.99999e-01,9.99999e-01,5.44324e-32,9.99999e-01,9.39952e-01
1.771197238e+01,1.32344e-34,9.99999e-01,9.99999e-01,1.41073e-34,9.99999e-01,9.38120e-01
1.780053224e+01,5.36457e-37,9.99999e-01,9.99999e-01,5.72966e-37,9.99999e-01,9.36280e-01
1.788953490e+01,2.33253e-40,9.99999e-01,9.99999e-01,2.49674e-40,9.99999e-01,9.34229e-01
1.797898258e+01,1.60048e-45,9.99999e-01,9.99999e-01,1.71738e-45,9.99999e-01,9.31928e-01
1.806887749e+01,8.18037e-47,9.99999e-01,9.99999e-01,8.79972e-47,9.99999e-01,9.29616e-01
1.815922188e+01,3.85884e-62,9.99999e-01,9.99999e-01,4.16138e-62,9.99999e-01,9.27299e-01
1.825001799e+01,7.62738e-47,9.99999e-01,9.99999e-01,8.24624e-47,9.99999e-01,9.24952e-01
1.834126808e+01,4.62990e-45,9.99999e-01,9.99999e-01,5.01840e-45,9.99999e-01,9.22583e-01
1.843297442e+01,1.90165e-45,9.99999e-01,9.99999e-01,2.06654e-45,9.99999e-01,9.20204e-01
1.852513929e+01,9.48169e-61,9.99999e-01,9.99999e-01,1.03307e-60,9.99999e-01,9.17812e-01
1.861776499e+01,4.86997e-73,9.99999e-01,9.99999e-01,5.32026e-73,9.99999e-01,9.15362e-01
1.871085381e+01,6.66716e-58,9.99999e-01,9.99999e-01,7.30326e-58,9.99999e-01,9.12901e-01
1.880440808e+01,8.09023e-49,9.99999e-01,9.99999e-01,8.88614e-49,9.99999e-01,9.10431e-01
1.889843012e+01,2.66510e-50,9.99999e-01,9.99999e-01,2.93526e-50,9.99999e-01,9.07961e-01
1.899292227e+01,5.12080e-68,9.99999e-01,9.99999e-01,5.65523e-68,9.99999e-01,9.05497e-01
1.908788688e+01,1.02721e-65,9.99999e-01,9.99999e-01,1.13752e-65,9.99999e-01,9.03027e-01
1.918332632e+01,3.12185e-66,9.99999e-01,9.99999e-01,3.46661e-66,9.99999e-01,9.00548e-01
1.927924295e+01,9.79825e-82,9.99999e-01,9.99999e-01,1.09125e-81,9.99999e-01,8.97891e-01
1.937563916e+01,1.74221e-126,9.99999e-01,9.99999e-01,1.94637e-126,9.99999e-01,8.95108e-01
1.947251736e+01,8.85273e-129,9.99999e-01,9.99999e-01,9.92099e-129,9.99999e-01,8.92323e-01
1.956987994e+01,2.03420e-123,9.99999e-01,9.99999e-01,2.28683e-123,9.99999e-01,8.89528e-01
1.966772934e+01,1.10140e-101,9.99999e-01,9.99999e-01,1.24250e-101,9.99999e-01,8.86433e-01
1.976606799e+01,1.92354e-99,9.99999e-01,9.99999e-01,2.17789e-99,9.99999e-01,8.83213e-01
1.986489833e+01,3.80809e-106,9.99999e-01,9.99999e-01,4.32747e-106,9.99999e-01,8.79978e-01
1.996422282e+01,2.91293e-99,9.99999e-01,9.99999e-01,3.32246e-99,9.99999e-01,8.76736e-01
