#,Wave/freq,Total,N2,O2,H2O,Rayleigh,CIA
4.000000000e-01,5.73472e-01,9.99999e-01,9.99999e-01,9.99936e-01,5.73508e-01,9.99999e-01
4.020000000e-01,5.79825e-01,9.99999e-01,9.99999e-01,9.99960e-01,5.79847e-01,9.99999e-01
4.040100000e-01,5.86114e-01,9.99999e-01,9.99999e-01,9.99983e-01,5.86123e-01,9.99999e-01
4.060300500e-01,5.92339e-01,9.99999e-01,9.99999e-01,9.99995e-01,5.92341e-01,9.99999e-01
4.080602003e-01,5.98499e-01,9.99999e-01,9.99999e-01,9.99998e-01,5.98500e-01,9.99999e-01
4.101005013e-01,6.04599e-01,9.99999e-01,9.99999e-01,9.99999e-01,6.04599e-01,9.99999e-01
4.121510038e-01,6.10637e-01,9.99999e-01,9.99999e-01,9.99997e-01,6.10638e-01,9.99999e-01
4.142117588e-01,6.16606e-01,9.99999e-01,9.99999e-01,9.99982e-01,6.16617e-01,9.99999e-01
4.162828176e-01,6.22486e-01,9.99999e-01,9.99999e-01,9.99921e-01,6.22534e-01,9.99999e-01
4.183642317e-01,6.28360e-01,9.99999e-01,9.99999e-01,9.99953e-01,6.28389e-01,9.99999e-01
4.204560528e-01,6.34165e-01,9.99999e-01,9.99999e-01,9.99971e-01,6.34183e-01,9.99999e-01
4.225583331e-01,6.39906e-01,9.99999e-01,9.99999e-01,9.99989e-01,6.39913e-01,9.99999e-01
4.246711247e-01,6.45575e-01,9.99999e-01,9.99999e-01,9.99991e-01,6.45581e-01,9.99999e-01
4.267944804e-01,6.51177e-01,9.99999e-01,9.99999e-01,9.99987e-01,6.51185e-01,9.99999e-01
4.289284528e-01,6.56720e-01,9.99999e-01,9.99999e-01,9.99989e-01,6.56726e-01,9.99999e-01
4.310730950e-01,6.62201e-01,9.99999e-01,9.99999e-01,9.99995e-01,6.62203e-01,9.99999e-01
4.332284605e-01,6.67616e-01,9.99999e-01,9.99999e-01,9.99998e-01,6.67617e-01,9.99999e-01
4.353946028e-01,6.72966e-01,9.99999e-01,9.99999e-01,9.99999e-01,6.72966e-01,9.99999e-01
4.375715758e-01,6.78246e-01,9.99999e-01,9.99999e-01,9.99991e-01,6.78252e-01,9.99999e-01
4.397594337e-01,6.83426e-01,9.99999e-01,9.99999e-01,9.99930e-01,6.83473e-01,9.99999e-01
4.419582309e-01,6.88389e-01,9.99999e-01,9.99999e-01,9.99649e-01,6.88630e-01,9.99999e-01
4.441680220e-01,6.93537e-01,9.99999e-01,9.99999e-01,9.99730e-01,6.93723e-01,9.99999e-01
4.463888621e-01,6.98555e-01,9.99999e-01,9.99999e-01,9.99718e-01,6.98752e-01,9.99999e-01
4.486208064e-01,7.03595e-01,9.99999e-01,9.99999e-01,9.99825e-01,7.03717e-01,9.99999e-01
4.508639105e-01,7.08561e-01,9.99999e-01,9.99999e-01,9.99918e-01,7.08618e-01,9.99999e-01
4.531182300e-01,7.13433e-01,9.99999e-01,9.99999e-01,9.99967e-01,7.13456e-01,9.99999e-01
4.553838212e-01,7.18214e-01,9.99999e-01,9.99999e-01,9.99977e-01,7.18230e-01,9.99999e-01
4.576607403e-01,7.22933e-01,9.99999e-01,9.99999e-01,9.99989e-01,7.22941e-01,9.99999e-01
4.599490440e-01,7.27583e-01,9.99999e-01,9.99999e-01,9.99992e-01,7.27588e-01,9.99999e-01
4.622487892e-01,7.32172e-01,9.99999e-01,9.99999e-01,9.99998e-01,7.32173e-01,9.99999e-01
4.645600332e-01,7.36692e-01,9.99999e-01,9.99999e-01,9.99994e-01,7.36695e-01,9.99999e-01
4.668828333e-01,7.41094e-01,9.99999e-01,9.99999e-01,9.99916e-01,7.41155e-01,9.99999e-01
4.692172475e-01,7.45422e-01,9.99999e-01,9.99999e-01,9.99823e-01,7.45554e-01,9.99999e-01
4.715633337e-01,7.49804e-01,9.99999e-01,9.99999e-01,9.99884e-01,7.49890e-01,9.99999e-01
4.739211504e-01,7.54083e-01,9.99999e-01,9.99999e-01,9.99889e-01,7.54166e-01,9.99999e-01
4.762907561e-01,7.58337e-01,9.99999e-01,9.99999e-01,9.99942e-01,7.58381e-01,9.99999e-01
4.786722099e-01,7.62517e-01,9.99999e-01,9.99999e-01,9.99976e-01,7.62535e-01,9.99999e-01
4.810655710e-01,7.66624e-01,9.99999e-01,9.99999e-01,9.99992e-01,7.66629e-01,9.99999e-01
4.834708988e-01,7.70611e-01,9.99999e-01,9.99999e-01,9.99930e-01,7.70664e-01,9.99999e-01
4.858882533e-01,7.74543e-01,9.99999e-01,9.99999e-01,9.99874e-01,7.74640e-01,9.99999e-01
4.883176946e-01,7.78475e-01,9.99999e-01,9.99999e-01,9.99894e-01,7.78557e-01,9.99999e-01
4.907592831e-01,7.82342e-01,9.99999e-01,9.99999e-01,9.99905e-01,7.82416e-01,9.99999e-01
4.932130795e-01,7.86164e-01,9.99999e-01,9.99999e-01,9.99932e-01,7.86217e-01,9.99999e-01
4.956791449e-01,7.89933e-01,9.99999e-01,9.99999e-01,9.99964e-01,7.89961e-01,9.99999e-01
4.981575406e-01,7.93507e-01,9.99999e-01,9.99999e-01,9.99821e-01,7.93649e-01,9.99999e-01
5.006483283e-01,7.96908e-01,9.99999e-01,9.99999e-01,9.99536e-01,7.97280e-01,9.99996e-01
5.031515699e-01,7.98967e-01,9.99999e-01,9.99999e-01,9.97666e-01,8.00856e-01,9.99975e-01
5.056673278e-01,8.03366e-01,9.99999e-01,9.99999e-01,9.98770e-01,8.04376e-01,9.99971e-01
5.081956644e-01,8.06577e-01,9.99999e-01,9.99999e-01,9.98450e-01,8.07843e-01,9.99982e-01
5.107366428e-01,8.10404e-01,9.99999e-01,9.99999e-01,9.98953e-01,8.11255e-01,9.99996e-01
5.132903260e-01,8.14127e-01,9.99999e-01,9.99999e-01,9.99402e-01,8.14613e-01,9.99999e-01
5.158567776e-01,8.17713e-01,9.99999e-01,9.99999e-01,9.99747e-01,8.17919e-01,9.99999e-01
5.184360615e-01,8.21090e-01,9.99999e-01,9.99999e-01,9.99898e-01,8.21173e-01,9.99999e-01
5.210282418e-01,8.24344e-01,9.99999e-01,9.99999e-01,9.99961e-01,8.24375e-01,9.99999e-01
5.236333830e-01,8.27399e-01,9.99999e-01,9.99999e-01,9.99847e-01,8.27526e-01,9.99998e-01
5.262515499e-01,8.30546e-01,9.99999e-01,9.99999e-01,9.99904e-01,8.30626e-01,9.99998e-01
5.288828077e-01,8.33603e-01,9.99999e-01,9.99999e-01,9.99912e-01,8.33676e-01,9.99998e-01
5.315272217e-01,8.36613e-01,9.99999e-01,9.99999e-01,9.99923e-01,8.36677e-01,9.99999e-01
5.341848578e-01,8.39587e-01,9.99999e-01,9.99999e-01,9.99949e-01,8.39629e-01,9.99999e-01
5.368557821e-01,8.42383e-01,9.99999e-01,9.99999e-01,9.99821e-01,8.42533e-01,9.99999e-01
5.395400610e-01,8.44840e-01,9.99999e-01,9.99999e-01,9.99355e-01,8.45390e-01,9.99993e-01
5.422377613e-01,8.47488e-01,9.99999e-01,9.99999e-01,9.99176e-01,8.48199e-01,9.99984e-01
5.449489501e-01,8.50293e-01,9.99999e-01,9.99999e-01,9.99229e-01,8.50962e-01,9.99984e-01
5.476736949e-01,8.53094e-01,9.99999e-01,9.99999e-01,9.99321e-01,8.53679e-01,9.99991e-01
5.504120634e-01,8.55928e-01,9.99999e-01,9.99999e-01,9.99507e-01,8.56351e-01,9.99997e-01
5.531641237e-01,8.58765e-01,9.99999e-01,9.99999e-01,9.99752e-01,8.58978e-01,9.99999e-01
5.559299443e-01,8.61458e-01,9.99999e-01,9.99999e-01,9.99880e-01,8.61561e-01,9.99999e-01
5.587095940e-01,8.64035e-01,9.99999e-01,9.99999e-01,9.99924e-01,8.64100e-01,9.99999e-01
5.615031420e-01,8.66524e-01,9.99999e-01,9.99999e-01,9.99915e-01,8.66597e-01,9.99999e-01
5.643106577e-01,8.68967e-01,9.99999e-01,9.99999e-01,9.99903e-01,8.69051e-01,9.99998e-01
5.671322110e-01,8.70437e-01,9.99999e-01,9.99999e-01,9.98830e-01,8.71464e-01,9.99989e-01
5.699678720e-01,8.72744e-01,9.99999e-01,9.99999e-01,9.98781e-01,8.73835e-01,9.99968e-01
5.728177114e-01,8.75023e-01,9.99999e-01,9.99999e-01,9.98720e-01,8.76166e-01,9.99973e-01
5.756818000e-01,8.77415e-01,9.99999e-01,9.99999e-01,9.98828e-01,8.78457e-01,9.99984e-01
5.785602090e-01,8.79807e-01,9.99999e-01,9.99999e-01,9.98979e-01,8.80709e-01,9.99995e-01
5.814530100e-01,8.82013e-01,9.99999e-01,9.99999e-01,9.98973e-01,8.82921e-01,9.99997e-01
5.843602750e-01,8.84001e-01,9.99999e-01,9.99999e-01,9.98770e-01,8.85095e-01,9.99992e-01
5.872820764e-01,8.77816e-01,9.99999e-01,9.99999e-01,9.89459e-01,8.87232e-01,9.99925e-01
5.902184868e-01,8.77872e-01,9.99999e-01,9.99999e-01,9.87313e-01,8.89331e-01,9.99797e-01
5.931695792e-01,8.83208e-01,9.99999e-01,9.99999e-01,9.91008e-01,8.91394e-01,9.99805e-01
5.961354271e-01,8.84530e-01,9.99999e-01,9.99999e-01,9.90158e-01,8.93420e-01,9.99888e-01
5.991161043e-01,8.88951e-01,9.99999e-01,9.99999e-01,9.92818e-01,8.95411e-01,9.99965e-01
6.021116848e-01,8.93706e-01,9.99999e-01,9.99999e-01,9.95923e-01,8.97367e-01,9.99995e-01
6.051222432e-01,8.97433e-01,9.99999e-01,9.99999e-01,9.97935e-01,8.99289e-01,9.99999e-01
6.081478544e-01,9.00373e-01,9.99999e-01,9.99999e-01,9.99108e-01,9.01176e-01,9.99999e-01
6.111885937e-01,9.02691e-01,9.99999e-01,9.99999e-01,9.99623e-01,9.03031e-01,9.99999e-01
6.142445367e-01,9.04700e-01,9.99999e-01,9.99999e-01,9.99831e-01,9.04852e-01,9.99999e-01
6.173157594e-01,9.06556e-01,9.99999e-01,9.99999e-01,9.99906e-01,9.06641e-01,9.99999e-01
6.204023382e-01,9.08326e-01,9.99999e-01,9.99999e-01,9.99920e-01,9.08397e-01,9.99999e-01
6.235043498e-01,9.09802e-01,9.99999e-01,9.99999e-01,9.99648e-01,9.10123e-01,9.99998e-01
6.266218716e-01,9.10131e-01,9.99999e-01,9.99999e-01,9.98162e-01,9.11817e-01,9.99986e-01
6.297549810e-01,9.12842e-01,9.99999e-01,9.99999e-01,9.99325e-01,9.13482e-01,9.99973e-01
6.329037559e-01,9.13881e-01,9.99999e-01,9.99999e-01,9.98670e-01,9.15116e-01,9.99978e-01
6.360682746e-01,9.15668e-01,9.99999e-01,9.99999e-01,9.98863e-01,9.16721e-01,9.99987e-01
6.392486160e-01,9.16942e-01,9.99999e-01,9.99999e-01,9.98530e-01,9.18296e-01,9.99994e-01
6.424448591e-01,9.18015e-01,9.99999e-01,9.99999e-01,9.98021e-01,9.19844e-01,9.99989e-01
6.456570834e-01,9.12881e-01,9.99999e-01,9.99999e-01,9.90848e-01,9.21363e-01,9.99944e-01
6.488853688e-01,9.16587e-01,9.99999e-01,9.99999e-01,9.93348e-01,9.22855e-01,9.99857e-01
6.521297956e-01,9.17948e-01,9.99999e-01,9.99999e-01,9.93222e-01,9.24319e-01,9.99882e-01
6.553904446e-01,9.19406e-01,9.99999e-01,9.99999e-01,9.93224e-01,9.25757e-01,9.99912e-01
6.586673968e-01,9.21779e-01,9.99999e-01,9.99999e-01,9.94215e-01,9.27169e-01,9.99970e-01
6.619607338e-01,9.25553e-01,9.99999e-01,9.99999e-01,9.96772e-01,9.28555e-01,9.99993e-01
6.652705375e-01,9.28111e-01,9.99999e-01,9.99999e-01,9.98061e-01,9.29915e-01,9.99996e-01
6.685968902e-01,9.30484e-01,9.99999e-01,9.99999e-01,9.99176e-01,9.31251e-01,9.99998e-01
6.719398746e-01,9.32174e-01,9.99999e-01,9.99999e-01,9.99582e-01,9.32562e-01,9.99999e-01
6.752995740e-01,9.33644e-01,9.99999e-01,9.99999e-01,9.99779e-01,9.33849e-01,9.99999e-01
6.786760719e-01,9.34804e-01,9.99999e-01,9.99999e-01,9.99670e-01,9.35112e-01,9.99999e-01
6.820694522e-01,9.35825e-01,9.99999e-01,9.99999e-01,9.99438e-01,9.36352e-01,9.99996e-01
6.854797995e-01,9.36885e-01,9.99999e-01,9.99999e-01,9.99275e-01,9.37569e-01,9.99993e-01
6.889071985e-01,9.37087e-01,9.99999e-01,9.99999e-01,9.98229e-01,9.38764e-01,9.99983e-01
6.923517345e-01,9.13199e-01,9.99999e-01,9.99999e-01,9.71686e-01,9.39936e-01,9.99862e-01
6.958134932e-01,9.27079e-01,9.99999e-01,9.99999e-01,9.85413e-01,9.41087e-01,9.99696e-01
6.992925606e-01,9.28686e-01,9.99999e-01,9.99999e-01,9.85907e-01,9.42217e-01,9.99726e-01
7.027890234e-01,9.26838e-01,9.99999e-01,9.99999e-01,9.82727e-01,9.43325e-01,9.99790e-01
7.063029686e-01,9.30569e-01,9.99999e-01,9.99999e-01,9.85443e-01,9.44413e-01,9.99895e-01
7.098344834e-01,9.32212e-01,9.99999e-01,9.99999e-01,9.86026e-01,9.45480e-01,9.99938e-01
7.133836558e-01,9.28697e-01,9.99999e-01,9.99999e-01,9.81280e-01,9.46528e-01,9.99877e-01
7.169505741e-01,8.14877e-01,9.99999e-01,9.99999e-01,8.60803e-01,9.47556e-01,9.99039e-01
7.205353270e-01,8.80637e-01,9.99999e-01,9.99999e-01,9.29963e-01,9.48564e-01,9.98306e-01
7.241380036e-01,8.63574e-01,9.99999e-01,9.99999e-01,9.10782e-01,9.49554e-01,9.98537e-01
7.277586936e-01,8.72688e-01,9.99999e-01,9.99999e-01,9.19209e-01,9.50526e-01,9.98804e-01
7.313974871e-01,8.69614e-01,9.99999e-01,9.99999e-01,9.14471e-01,9.51479e-01,9.99439e-01
7.350544745e-01,9.06721e-01,9.99999e-01,9.99999e-01,9.52208e-01,9.52414e-01,9.99804e-01
7.387297469e-01,9.19483e-01,9.99999e-01,9.99999e-01,9.64579e-01,9.53332e-01,9.99910e-01
7.424233956e-01,9.37548e-01,9.99999e-01,9.99999e-01,9.82530e-01,9.54232e-01,9.99984e-01
7.461355126e-01,9.44956e-01,9.99999e-01,9.99999e-01,9.89364e-01,9.55115e-01,9.99996e-01
7.498661902e-01,9.51245e-01,9.99999e-01,9.99999e-01,9.95045e-01,9.55982e-01,9.99998e-01
7.536155211e-01,9.54499e-01,9.99999e-01,9.99999e-01,9.97561e-01,9.56833e-01,9.99998e-01
7.573835987e-01,9.56465e-01,9.99999e-01,9.99999e-01,9.98744e-01,9.57667e-01,9.99999e-01
7.611705167e-01,9.57738e-01,9.99999e-01,9.99999e-01,9.99219e-01,9.58486e-01,9.99999e-01
7.649763693e-01,9.58819e-01,9.99999e-01,9.99999e-01,9.99510e-01,9.59289e-01,9.99999e-01
7.688012511e-01,9.59749e-01,9.99999e-01,9.99999e-01,9.99658e-01,9.60076e-01,9.99999e-01
7.726452574e-01,9.60579e-01,9.99999e-01,9.99999e-01,9.99718e-01,9.60849e-01,9.99999e-01
7.765084837e-01,9.61221e-01,9.99999e-01,9.99999e-01,9.99598e-01,9.61608e-01,9.99999e-01
7.803910261e-01,9.60680e-01,9.99999e-01,9.99999e-01,9.98263e-01,9.62351e-01,9.99997e-01
7.842929812e-01,9.57246e-01,9.99999e-01,9.99999e-01,9.93951e-01,9.63081e-01,9.99988e-01
7.882144461e-01,9.51815e-01,9.99999e-01,9.99999e-01,9.87650e-01,9.63797e-01,9.99914e-01
7.921555184e-01,9.57836e-01,9.99999e-01,9.99999e-01,9.93237e-01,9.64499e-01,9.99851e-01
7.961162960e-01,9.53452e-01,9.99999e-01,9.99999e-01,9.87978e-01,9.65188e-01,9.99858e-01
8.000968774e-01,9.52370e-01,9.99999e-01,9.99999e-01,9.86176e-01,9.65864e-01,9.99849e-01
8.040973618e-01,9.53042e-01,9.99999e-01,9.99999e-01,9.86160e-01,9.66527e-01,9.99885e-01
8.081178486e-01,9.37070e-01,9.99999e-01,9.99999e-01,9.68982e-01,9.67177e-01,9.99883e-01
8.121584379e-01,8.49025e-01,9.99999e-01,9.99999e-01,8.77644e-01,9.67815e-01,9.99561e-01
8.162192301e-01,8.29249e-01,9.99999e-01,9.99999e-01,8.57684e-01,9.68440e-01,9.98352e-01
8.203003262e-01,8.96190e-01,9.99999e-01,9.99999e-01,9.26595e-01,9.69054e-01,9.98071e-01
8.244018279e-01,8.72600e-01,9.99999e-01,9.99999e-01,9.01289e-01,9.69656e-01,9.98464e-01
8.285238370e-01,8.83543e-01,9.99999e-01,9.99999e-01,9.11736e-01,9.70246e-01,9.98794e-01
8.326664562e-01,8.84170e-01,9.99999e-01,9.99999e-01,9.11194e-01,9.70825e-01,9.99500e-01
8.368297885e-01,9.08694e-01,9.99999e-01,9.99999e-01,9.35560e-01,9.71393e-01,9.99885e-01
8.410139374e-01,9.34154e-01,9.99999e-01,9.99999e-01,9.61176e-01,9.71950e-01,9.99932e-01
8.452190071e-01,9.53765e-01,9.99999e-01,9.99999e-01,9.80777e-01,9.72496e-01,9.99959e-01
8.494451021e-01,9.62076e-01,9.99999e-01,9.99999e-01,9.88770e-01,9.73032e-01,9.99967e-01
8.536923276e-01,9.67077e-01,9.99999e-01,9.99999e-01,9.93361e-01,9.73558e-01,9.99980e-01
8.579607893e-01,9.70074e-01,9.99999e-01,9.99999e-01,9.95898e-01,9.74073e-01,9.99994e-01
8.622505932e-01,9.72042e-01,9.99999e-01,9.99999e-01,9.97397e-01,9.74579e-01,9.99998e-01
8.665618462e-01,9.73500e-01,9.99999e-01,9.99999e-01,9.98385e-01,9.75075e-01,9.99999e-01
8.708946554e-01,9.73754e-01,9.99999e-01,9.99999e-01,9.98148e-01,9.75561e-01,9.99998e-01
8.752491287e-01,9.73620e-01,9.99999e-01,9.99999e-01,9.97524e-01,9.76038e-01,9.99996e-01
8.796253743e-01,9.73145e-01,9.99999e-01,9.99999e-01,9.96565e-01,9.76505e-01,9.99991e-01
8.840235012e-01,9.73112e-01,9.99999e-01,9.99999e-01,9.96080e-01,9.76964e-01,9.99975e-01
8.884436187e-01,9.63308e-01,9.99999e-01,9.99999e-01,9.85634e-01,9.77414e-01,9.99931e-01
8.928858368e-01,8.41396e-01,9.99999e-01,9.99999e-01,8.60787e-01,9.77855e-01,9.99608e-01
8.973502660e-01,7.51061e-01,9.99999e-01,9.99999e-01,7.69270e-01,9.78288e-01,9.97996e-01
9.018370173e-01,8.54038e-01,9.99999e-01,9.99999e-01,8.75369e-01,9.78712e-01,9.96851e-01
9.063462024e-01,8.66946e-01,9.99999e-01,9.99999e-01,8.87881e-01,9.79128e-01,9.97234e-01
9.108779334e-01,8.12071e-01,9.99999e-01,9.99999e-01,8.31425e-01,9.79536e-01,9.97126e-01
9.154323231e-01,7.92393e-01,9.99999e-01,9.99999e-01,8.10542e-01,9.79936e-01,9.97623e-01
9.200094847e-01,8.31152e-01,9.99999e-01,9.99999e-01,8.48959e-01,9.80328e-01,9.98669e-01
9.246095321e-01,7.61410e-01,9.99999e-01,9.99999e-01,7.77575e-01,9.80713e-01,9.98466e-01
9.292325798e-01,2.01317e-01,9.99999e-01,9.99999e-01,2.06722e-01,9.81091e-01,9.92620e-01
9.338787427e-01,1.26506e-01,9.99999e-01,9.99999e-01,1.32393e-01,9.81461e-01,9.73584e-01
9.385481364e-01,4.18429e-01,9.99999e-01,9.99999e-01,4.38896e-01,9.81823e-01,9.71015e-01
9.432408771e-01,3.15094e-01,9.99999e-01,9.99999e-01,3.29055e-01,9.82179e-01,9.74944e-01
9.479570815e-01,2.07790e-01,9.99999e-01,9.99999e-01,2.15898e-01,9.82528e-01,9.79559e-01
9.526968669e-01,2.97144e-01,9.99999e-01,9.99999e-01,3.06154e-01,9.82870e-01,9.87482e-01
9.574603512e-01,3.16363e-01,9.99999e-01,9.99999e-01,3.23832e-01,9.83206e-01,9.93621e-01
9.622476530e-01,3.86045e-01,9.99999e-01,9.99999e-01,3.94248e-01,9.83535e-01,9.95585e-01
9.670588912e-01,5.70370e-01,9.99999e-01,9.99999e-01,5.81485e-01,9.83857e-01,9.96978e-01
9.718941857e-01,6.93670e-01,9.99999e-01,9.99999e-01,7.06395e-01,9.84174e-01,9.97774e-01
9.767536566e-01,7.36105e-01,9.99999e-01,9.99999e-01,7.48980e-01,9.84484e-01,9.98298e-01
9.816374249e-01,7.93971e-01,9.99999e-01,9.99999e-01,8.06710e-01,9.84788e-01,9.99410e-01
9.865456120e-01,8.60977e-01,9.99999e-01,9.99999e-01,8.74119e-01,9.85086e-01,9.99876e-01
9.914783401e-01,9.06536e-01,9.99999e-01,9.99999e-01,9.20018e-01,9.85378e-01,9.99965e-01
9.964357318e-01,9.41904e-01,9.99999e-01,9.99999e-01,9.55620e-01,9.85665e-01,9.99979e-01
1.001417910e+00,9.59451e-01,9.99999e-01,9.99999e-01,9.73155e-01,9.85946e-01,9.99969e-01
1.006425000e+00,9.70975e-01,9.99999e-01,9.99999e-01,9.84582e-01,9.86222e-01,9.99956e-01
1.011457125e+00,9.77005e-01,9.99999e-01,9.99999e-01,9.90422e-01,9.86492e-01,9.99959e-01
1.016514411e+00,9.80298e-01,9.99999e-01,9.99999e-01,9.93481e-01,9.86757e-01,9.99971e-01
1.021596983e+00,9.81858e-01,9.99999e-01,9.99999e-01,9.94799e-01,9.87017e-01,9.99971e-01
1.026704968e+00,9.83248e-01,9.99999e-01,9.99999e-01,9.95940e-01,9.87272e-01,9.99982e-01
1.031838492e+00,9.84607e-01,9.99999e-01,9.99999e-01,9.97052e-01,9.87522e-01,9.99994e-01
1.036997685e+00,9.86034e-01,9.99999e-01,9.99999e-01,9.98245e-01,9.87767e-01,9.99998e-01
1.042182673e+00,9.85935e-01,9.99999e-01,9.99999e-01,9.97903e-01,9.88007e-01,9.99999e-01
1.047393587e+00,9.85499e-01,9.99999e-01,9.99999e-01,9.97224e-01,9.88242e-01,9.99998e-01
1.052630555e+00,9.84705e-01,9.99999e-01,9.99999e-01,9.96188e-01,9.88473e-01,9.99998e-01
1.057893707e+00,9.82408e-01,9.99999e-01,9.99999e-01,9.93637e-01,9.88700e-01,9.99997e-01
1.063183176e+00,9.78593e-01,9.99999e-01,9.99999e-01,9.89560e-01,9.88921e-01,9.99994e-01
1.068499092e+00,9.71917e-01,9.99999e-01,9.99999e-01,9.82600e-01,9.89139e-01,9.99987e-01
1.073841587e+00,9.69200e-01,9.99999e-01,9.99999e-01,9.79655e-01,9.89352e-01,9.99973e-01
1.079210795e+00,9.63816e-01,9.99999e-01,9.99999e-01,9.74050e-01,9.89562e-01,9.99929e-01
1.084606849e+00,9.50964e-01,9.99999e-01,9.99999e-01,9.60957e-01,9.89767e-01,9.99831e-01
1.090029883e+00,9.34456e-01,9.99999e-01,9.99999e-01,9.44254e-01,9.89968e-01,9.99650e-01
1.095480033e+00,8.46660e-01,9.99999e-01,9.99999e-01,8.55609e-01,9.90165e-01,9.99367e-01
1.100957433e+00,6.68141e-01,9.99999e-01,9.99999e-01,6.75430e-01,9.90358e-01,9.98837e-01
1.106462220e+00,3.76941e-01,9.99999e-01,9.99999e-01,3.81289e-01,9.90548e-01,9.98028e-01
1.111994531e+00,1.37006e-01,9.99999e-01,9.99999e-01,1.39013e-01,9.90734e-01,9.94776e-01
1.117554504e+00,4.41206e-02,9.99999e-01,9.99999e-01,4.53749e-02,9.90916e-01,9.81269e-01
1.123142276e+00,1.13564e-01,9.99999e-01,9.99999e-01,1.19839e-01,9.91094e-01,9.56151e-01
1.128757988e+00,2.16012e-01,9.99999e-01,9.99999e-01,2.29515e-01,9.91270e-01,9.49451e-01
1.134401778e+00,9.84232e-02,9.99999e-01,9.99999e-01,1.03749e-01,9.91441e-01,9.56852e-01
1.140073787e+00,3.82725e-01,9.99999e-01,9.99999e-01,3.99807e-01,9.91610e-01,9.65373e-01
1.145774156e+00,1.59396e-01,9.99999e-01,9.99999e-01,1.65987e-01,9.91775e-01,9.68257e-01
1.151503026e+00,1.33891e-01,9.99999e-01,9.99999e-01,1.37427e-01,9.91936e-01,9.82190e-01
1.157260541e+00,1.68552e-01,9.99999e-01,9.99999e-01,1.70810e-01,9.92095e-01,9.94641e-01
1.163046844e+00,2.65598e-01,9.99999e-01,9.99999e-01,2.68080e-01,9.92251e-01,9.98477e-01
1.168862078e+00,3.87574e-01,9.99999e-01,9.99999e-01,3.90847e-01,9.92403e-01,9.99215e-01
1.174706389e+00,5.54247e-01,9.99999e-01,9.99999e-01,5.58986e-01,9.92552e-01,9.98960e-01
1.180579921e+00,6.94290e-01,9.99999e-01,9.99999e-01,7.00496e-01,9.92699e-01,9.98428e-01
1.186482820e+00,8.09457e-01,9.99999e-01,9.99999e-01,8.16608e-01,9.92843e-01,9.98386e-01
1.192415234e+00,8.80862e-01,9.99999e-01,9.99999e-01,8.88158e-01,9.92984e-01,9.98791e-01
1.198377311e+00,8.97549e-01,9.99999e-01,9.99999e-01,9.04797e-01,9.93122e-01,9.98858e-01
1.204369197e+00,9.02897e-01,9.99999e-01,9.99999e-01,9.09965e-01,9.93257e-01,9.98967e-01
1.210391043e+00,9.06990e-01,9.99999e-01,9.99999e-01,9.13598e-01,9.93390e-01,9.99371e-01
1.216442998e+00,9.19767e-01,9.99999e-01,9.99999e-01,9.26121e-01,9.93520e-01,9.99614e-01
1.222525213e+00,9.35674e-01,9.99999e-01,9.99999e-01,9.41880e-01,9.93647e-01,9.99760e-01
1.228637839e+00,9.53164e-01,9.99999e-01,9.99999e-01,9.59243e-01,9.93773e-01,9.99888e-01
1.234781029e+00,9.63656e-01,9.99999e-01,9.99999e-01,9.69605e-01,9.93895e-01,9.99967e-01
1.240954934e+00,9.74782e-01,9.99999e-01,9.99999e-01,9.80658e-01,9.94015e-01,9.99990e-01
1.247159708e+00,9.79130e-01,9.99999e-01,9.99999e-01,9.84913e-01,9.94133e-01,9.99993e-01
1.253395507e+00,9.80900e-01,9.99999e-01,9.99999e-01,9.86581e-01,9.94249e-01,9.99992e-01
1.259662485e+00,9.81651e-01,9.99999e-01,9.99999e-01,9.87228e-01,9.94362e-01,9.99987e-01
1.265960797e+00,9.74271e-01,9.99999e-01,9.99999e-01,9.79704e-01,9.94473e-01,9.99979e-01
1.272290601e+00,9.62958e-01,9.99999e-01,9.99999e-01,9.68236e-01,9.94582e-01,9.99964e-01
1.278652054e+00,9.32926e-01,9.99999e-01,9.99999e-01,9.37965e-01,9.94689e-01,9.99937e-01
1.285045314e+00,8.85779e-01,9.99999e-01,9.99999e-01,8.90517e-01,9.94793e-01,9.99883e-01
1.291470541e+00,8.12907e-01,9.99999e-01,9.99999e-01,8.17243e-01,9.94896e-01,9.99796e-01
1.297927893e+00,7.47173e-01,9.99999e-01,9.99999e-01,7.51214e-01,9.94996e-01,9.99620e-01
1.304417533e+00,7.11244e-01,9.99999e-01,9.99999e-01,7.15324e-01,9.95095e-01,9.99196e-01
1.310939621e+00,6.50777e-01,9.99999e-01,9.99999e-01,6.55001e-01,9.95192e-01,9.98350e-01
1.317494319e+00,6.55605e-01,9.99999e-01,9.99999e-01,6.60724e-01,9.95286e-01,9.96951e-01
1.324081790e+00,5.36702e-01,9.99999e-01,9.99999e-01,5.41887e-01,9.95379e-01,9.95027e-01
1.330702199e+00,1.51042e-01,9.99999e-01,9.99999e-01,1.53039e-01,9.95470e-01,9.91441e-01
1.337355710e+00,4.10274e-03,9.99999e-01,9.99999e-01,4.18982e-03,9.95559e-01,9.83583e-01
1.344042489e+00,8.01945e-05,9.99999e-01,9.99999e-01,8.46624e-05,9.95647e-01,9.51367e-01
1.350762701e+00,1.31899e-12,9.99999e-01,9.99999e-01,1.57119e-12,9.95733e-01,8.43082e-01
1.357516515e+00,1.40276e-18,9.99999e-01,9.99999e-01,2.32466e-18,9.95817e-01,6.05960e-01
1.364304097e+00,7.28731e-12,9.99999e-01,9.99999e-01,1.76049e-11,9.95899e-01,4.15639e-01
1.371125618e+00,9.29146e-08,9.99999e-01,9.99999e-01,2.13455e-07,9.95980e-01,4.37044e-01
1.377981246e+00,3.38060e-07,9.99999e-01,9.99999e-01,6.89996e-07,9.96059e-01,4.91882e-01
1.384871152e+00,4.10345e-10,9.99999e-01,9.99999e-01,7.97921e-10,9.96137e-01,5.16261e-01
1.391795508e+00,7.87016e-12,9.99999e-01,9.99999e-01,1.48364e-11,9.96213e-01,5.32479e-01
1.398754485e+00,2.14604e-09,9.99999e-01,9.99999e-01,3.62525e-09,9.96288e-01,5.94175e-01
1.405748258e+00,2.83328e-09,9.99999e-01,9.99999e-01,3.85514e-09,9.96361e-01,7.37618e-01
1.412776999e+00,4.13411e-09,9.99999e-01,9.99999e-01,4.76735e-09,9.96433e-01,8.70273e-01
1.419840884e+00,8.58966e-09,9.99999e-01,9.99999e-01,9.16128e-09,9.96503e-01,9.40894e-01
1.426940089e+00,2.13058e-06,9.99998e-01,9.99999e-01,2.23918e-06,9.96572e-01,9.54769e-01
1.434074789e+00,1.97829e-05,9.99999e-01,9.99999e-01,2.09639e-05,9.96640e-01,9.46846e-01
1.441245163e+00,1.37982e-04,9.99999e-01,9.99999e-01,1.46875e-04,9.96706e-01,9.42555e-01
1.448451389e+00,2.24295e-03,9.99998e-01,9.99999e-01,2.36985e-03,9.96771e-01,9.49518e-01
1.455693646e+00,1.54610e-02,9.99999e-01,9.99999e-01,1.61480e-02,9.96834e-01,9.60495e-01
1.462972114e+00,2.24765e-02,9.99999e-01,9.99999e-01,2.34300e-02,9.96897e-01,9.62288e-01
1.470286975e+00,1.27395e-02,9.99999e-01,9.99999e-01,1.32705e-02,9.96958e-01,9.62918e-01
1.477638409e+00,1.87368e-02,9.99999e-01,9.99999e-01,1.92783e-02,9.97018e-01,9.74813e-01
1.485026601e+00,3.50200e-02,9.99999e-01,9.99999e-01,3.55374e-02,9.97077e-01,9.88328e-01
1.492451734e+00,8.61554e-02,9.99999e-01,9.99999e-01,8.68473e-02,9.97134e-01,9.94882e-01
1.499913993e+00,1.82897e-01,9.99999e-01,9.99999e-01,1.83819e-01,9.97191e-01,9.97788e-01
1.507413563e+00,2.90312e-01,9.99999e-01,9.99999e-01,2.91416e-01,9.97246e-01,9.98961e-01
1.514950631e+00,4.55789e-01,9.99999e-01,9.99999e-01,4.57244e-01,9.97301e-01,9.99514e-01
1.522525384e+00,5.99237e-01,9.99999e-01,9.99999e-01,6.00933e-01,9.97354e-01,9.99821e-01
1.530138011e+00,6.85216e-01,9.99999e-01,9.99999e-01,6.87040e-01,9.97406e-01,9.99937e-01
1.537788701e+00,8.06057e-01,9.99999e-01,9.99999e-01,8.08133e-01,9.97457e-01,9.99971e-01
1.545477645e+00,8.70766e-01,9.99999e-01,9.99999e-01,8.72954e-01,9.97507e-01,9.99984e-01
1.553205033e+00,8.92499e-01,9.99999e-01,9.99999e-01,8.94692e-01,9.97556e-01,9.99991e-01
1.560971058e+00,9.31414e-01,9.99999e-01,9.99999e-01,9.33655e-01,9.97605e-01,9.99993e-01
1.568775913e+00,9.53309e-01,9.99999e-01,9.99999e-01,9.55557e-01,9.97652e-01,9.99994e-01
1.576619793e+00,9.63123e-01,9.99999e-01,9.99999e-01,9.65348e-01,9.97698e-01,9.99994e-01
1.584502892e+00,9.76561e-01,9.99999e-01,9.99999e-01,9.78776e-01,9.97744e-01,9.99992e-01
1.592425406e+00,9.78140e-01,9.99999e-01,9.99999e-01,9.80317e-01,9.97788e-01,9.99989e-01
1.600387533e+00,9.84226e-01,9.99999e-01,9.99999e-01,9.86374e-01,9.97832e-01,9.99989e-01
1.608389471e+00,9.83807e-01,9.99999e-01,9.99999e-01,9.85910e-01,9.97874e-01,9.99990e-01
1.616431418e+00,9.83503e-01,9.99999e-01,9.99999e-01,9.85564e-01,9.97916e-01,9.99990e-01
1.624513575e+00,9.82557e-01,9.99999e-01,9.99999e-01,9.84576e-01,9.97957e-01,9.99990e-01
1.632636143e+00,9.73952e-01,9.99999e-01,9.99999e-01,9.75919e-01,9.97998e-01,9.99986e-01
1.640799324e+00,9.66116e-01,9.99999e-01,9.99999e-01,9.68035e-01,9.98037e-01,9.99978e-01
1.649003321e+00,9.57548e-01,9.99999e-01,9.99999e-01,9.59420e-01,9.98076e-01,9.99971e-01
1.657248337e+00,9.44792e-01,9.99999e-01,9.99999e-01,9.46605e-01,9.98114e-01,9.99968e-01
1.665534579e+00,9.26353e-01,9.99999e-01,9.99999e-01,9.28098e-01,9.98151e-01,9.99966e-01
1.673862252e+00,9.01666e-01,9.99999e-01,9.99999e-01,9.03338e-01,9.98188e-01,9.99959e-01
1.682231563e+00,9.13569e-01,9.99999e-01,9.99999e-01,9.15249e-01,9.98223e-01,9.99940e-01
1.690642721e+00,8.54367e-01,9.99999e-01,9.99999e-01,8.55936e-01,9.98258e-01,9.99907e-01
1.699095934e+00,8.35441e-01,9.99999e-01,9.99999e-01,8.36989e-01,9.98293e-01,9.99856e-01
1.707591414e+00,8.23908e-01,9.99999e-01,9.99999e-01,8.25470e-01,9.98326e-01,9.99779e-01
1.716129371e+00,7.86968e-01,9.99999e-01,9.99999e-01,7.88533e-01,9.98359e-01,9.99654e-01
1.724710018e+00,7.01234e-01,9.99999e-01,9.99999e-01,7.02716e-01,9.98392e-01,9.99497e-01
1.733333568e+00,6.30260e-01,9.99999e-01,9.99999e-01,6.31718e-01,9.98423e-01,9.99265e-01
1.742000236e+00,4.94064e-01,9.99999e-01,9.99999e-01,4.95404e-01,9.98455e-01,9.98837e-01
1.750710237e+00,2.77907e-01,9.99999e-01,9.99999e-01,2.78848e-01,9.98485e-01,9.98135e-01
1.759463788e+00,9.43809e-02,9.99999e-01,9.99999e-01,9.48200e-02,9.98515e-01,9.96847e-01
1.768261107e+00,1.54218e-02,9.99999e-01,9.99999e-01,1.55285e-02,9.98544e-01,9.94570e-01
1.777102413e+00,1.12091e-03,9.99999e-01,9.99999e-01,1.13212e-03,9.98573e-01,9.91507e-01
1.785987925e+00,2.50506e-05,9.99999e-01,9.99999e-01,2.54326e-05,9.98601e-01,9.86358e-01
1.794917864e+00,1.49994e-06,9.99999e-01,9.99999e-01,1.54312e-06,9.98629e-01,9.73348e-01
1.803892454e+00,6.17927e-11,9.99999e-01,9.99999e-01,6.54859e-11,9.98656e-01,9.44871e-01
1.812911916e+00,3.12610e-14,9.99999e-01,9.99999e-01,3.59536e-14,9.98682e-01,8.70625e-01
1.821976476e+00,4.94171e-14,9.99999e-01,9.99999e-01,6.63610e-14,9.98708e-01,7.45633e-01
1.831086358e+00,1.23956e-15,9.99999e-01,9.99999e-01,2.24957e-15,9.98734e-01,5.51720e-01
1.840241790e+00,4.30165e-13,9.99999e-01,9.99999e-01,1.17489e-12,9.98759e-01,3.66586e-01
1.849442999e+00,2.28214e-12,9.99999e-01,9.99999e-01,7.63849e-12,9.98783e-01,2.99132e-01
1.858690214e+00,8.42697e-19,9.99999e-01,9.99999e-01,2.81733e-18,9.98807e-01,2.99468e-01
1.867983665e+00,1.87005e-19,9.99999e-01,9.99999e-01,5.67804e-19,9.98831e-01,3.29733e-01
1.877323583e+00,2.38637e-08,9.99999e-01,9.99999e-01,6.36367e-08,9.98854e-01,3.75429e-01
1.886710201e+00,2.20446e-07,9.99999e-01,9.99999e-01,5.19382e-07,9.98876e-01,4.24916e-01
1.896143752e+00,1.39962e-06,9.99999e-01,9.99999e-01,3.24000e-06,9.98899e-01,4.32458e-01
1.905624471e+00,1.07268e-11,9.99999e-01,9.99999e-01,2.30384e-11,9.98920e-01,4.66109e-01
1.915152593e+00,6.75590e-14,9.99999e-01,9.99999e-01,1.16691e-13,9.98942e-01,5.79568e-01
1.924728356e+00,2.79646e-15,9.99999e-01,9.99999e-01,3.81080e-15,9.98962e-01,7.34584e-01
1.934351998e+00,5.21278e-17,9.99999e-01,9.99999e-01,6.04808e-17,9.98983e-01,8.62765e-01
1.944023758e+00,1.08128e-09,9.99999e-01,9.99999e-01,1.13978e-09,9.99003e-01,9.49620e-01
1.953743877e+00,3.97477e-09,9.99999e-01,9.99999e-01,4.06562e-09,9.99023e-01,9.78608e-01
1.963512596e+00,1.93524e-06,9.99999e-01,9.99999e-01,1.95838e-06,9.99042e-01,9.89130e-01
1.973330159e+00,7.14999e-05,9.99999e-01,9.99999e-01,7.19773e-05,9.99061e-01,9.94300e-01
1.983196810e+00,6.11675e-03,9.99999e-01,9.99999e-01,6.14159e-03,9.99079e-01,9.96871e-01
1.993112794e+00,1.75455e-02,9.99999e-01,9.99999e-01,1.75913e-02,9.99097e-01,9.98292e-01
2.003078358e+00,7.29464e-02,9.99999e-01,9.99999e-01,7.30811e-02,9.99115e-01,9.99039e-01
2.013093750e+00,1.80635e-01,9.99999e-01,9.99999e-01,1.80896e-01,9.99133e-01,9.99426e-01
2.023159218e+00,3.66183e-01,9.99999e-01,9.99999e-01,3.66641e-01,9.99150e-01,9.99596e-01
2.033275015e+00,4.67060e-01,9.99999e-01,9.99999e-01,4.67601e-01,9.99167e-01,9.99673e-01
2.043441390e+00,6.20986e-01,9.99999e-01,9.99999e-01,6.21707e-01,9.99183e-01,9.99655e-01
2.053658597e+00,6.74107e-01,9.99998e-01,9.99999e-01,6.74967e-01,9.99199e-01,9.99527e-01
2.063926890e+00,7.64295e-01,9.99996e-01,9.99999e-01,7.65453e-01,9.99215e-01,9.99273e-01
2.074246524e+00,7.92188e-01,9.99993e-01,9.99999e-01,7.93726e-01,9.99230e-01,9.98836e-01
2.084617757e+00,8.57466e-01,9.99989e-01,9.99999e-01,8.59701e-01,9.99246e-01,9.98161e-01
2.095040845e+00,8.84362e-01,9.99984e-01,9.99999e-01,8.87461e-01,9.99260e-01,9.97258e-01
2.105516050e+00,8.98708e-01,9.99981e-01,9.99999e-01,9.02832e-01,9.99275e-01,9.96171e-01
2.116043630e+00,9.01963e-01,9.99982e-01,9.99999e-01,9.06896e-01,9.99289e-01,9.95282e-01
2.126623848e+00,9.36540e-01,9.99985e-01,9.99999e-01,9.42190e-01,9.99303e-01,9.94709e-01
2.137256967e+00,9.38677e-01,9.99987e-01,9.99999e-01,9.44889e-01,9.99317e-01,9.94114e-01
2.147943252e+00,9.39576e-01,9.99993e-01,9.99999e-01,9.46931e-01,9.99331e-01,9.92901e-01
2.158682968e+00,9.42855e-01,9.99958e-01,9.99999e-01,9.51332e-01,9.99344e-01,9.91778e-01
2.169476383e+00,9.41719e-01,9.99985e-01,9.99999e-01,9.48272e-01,9.99357e-01,9.93740e-01
2.180323765e+00,9.36043e-01,9.99991e-01,9.99999e-01,9.41015e-01,9.99369e-01,9.95350e-01
2.191225384e+00,9.24412e-01,9.99991e-01,9.99999e-01,9.28606e-01,9.99382e-01,9.96105e-01
2.202181511e+00,9.08783e-01,9.99992e-01,9.99999e-01,9.12084e-01,9.99394e-01,9.96990e-01
2.213192418e+00,9.08943e-01,9.99994e-01,9.99999e-01,9.11391e-01,9.99406e-01,9.97910e-01
2.224258381e+00,8.94266e-01,9.99995e-01,9.99999e-01,8.95987e-01,9.99418e-01,9.98663e-01
2.235379672e+00,9.09617e-01,9.99996e-01,9.99999e-01,9.10866e-01,9.99429e-01,9.99200e-01
2.246556571e+00,8.47058e-01,9.99997e-01,9.99999e-01,8.47962e-01,9.99440e-01,9.99492e-01
2.257789354e+00,8.79615e-01,9.99998e-01,9.99999e-01,8.80420e-01,9.99451e-01,9.99633e-01
2.269078300e+00,7.30623e-01,9.99998e-01,9.99999e-01,7.31239e-01,9.99462e-01,9.99694e-01
2.280423692e+00,7.70392e-01,9.99999e-01,9.99999e-01,7.71041e-01,9.99473e-01,9.99684e-01
2.291825810e+00,6.01231e-01,9.99999e-01,9.99999e-01,6.01763e-01,9.99483e-01,9.99630e-01
2.303284939e+00,6.34286e-01,9.99999e-01,9.99999e-01,6.34926e-01,9.99493e-01,9.99497e-01
2.314801364e+00,4.61642e-01,9.99999e-01,9.99999e-01,4.62198e-01,9.99503e-01,9.99292e-01
2.326375371e+00,4.48031e-01,9.99999e-01,9.99999e-01,4.48672e-01,9.99513e-01,9.99056e-01
2.338007248e+00,4.19442e-01,9.99999e-01,9.99999e-01,4.20183e-01,9.99523e-01,9.98712e-01
2.349697284e+00,2.26914e-01,9.99999e-01,9.99999e-01,2.27416e-01,9.99532e-01,9.98256e-01
2.361445770e+00,2.84338e-01,9.99999e-01,9.99999e-01,2.85154e-01,9.99541e-01,9.97591e-01
2.373252999e+00,1.91365e-01,9.99999e-01,9.99999e-01,1.92088e-01,9.99550e-01,9.96684e-01
2.385119264e+00,5.86431e-02,9.99999e-01,9.99999e-01,5.89313e-02,9.99559e-01,9.95547e-01
2.397044861e+00,1.67265e-01,9.99999e-01,9.99999e-01,1.68460e-01,9.99568e-01,9.93331e-01
2.409030085e+00,3.76572e-02,9.99999e-01,9.99999e-01,3.80415e-02,9.99576e-01,9.90314e-01
2.421075235e+00,5.22533e-02,9.99999e-01,9.99999e-01,5.29943e-02,9.99585e-01,9.86425e-01
2.433180612e+00,1.71053e-02,9.99999e-01,9.99999e-01,1.74391e-02,9.99593e-01,9.81259e-01
2.445346515e+00,2.10258e-03,9.99999e-01,9.99999e-01,2.15963e-03,9.99601e-01,9.73972e-01
2.457573247e+00,2.63647e-04,9.99999e-01,9.99999e-01,2.74149e-04,9.99609e-01,9.62066e-01
2.469861113e+00,1.07327e-06,9.99999e-01,9.99999e-01,1.13610e-06,9.99617e-01,9.45054e-01
2.482210419e+00,8.66327e-14,9.99999e-01,9.99999e-01,9.40680e-14,9.99624e-01,9.21303e-01
2.494621471e+00,2.47444e-19,9.99999e-01,9.99999e-01,2.79086e-19,9.99632e-01,8.86946e-01
2.507094578e+00,1.98378e-36,9.99999e-01,9.99999e-01,2.39665e-36,9.99639e-01,8.28026e-01
2.519630051e+00,1.92562e-56,9.99999e-01,9.99999e-01,2.66393e-56,9.99646e-01,7.23102e-01
2.532228202e+00,8.03644e-77,9.99999e-01,9.99999e-01,1.45339e-76,9.99653e-01,5.53136e-01
2.544889343e+00,5.08004e-101,9.99999e-01,9.99999e-01,1.65958e-100,9.99660e-01,3.06207e-01
2.557613789e+00,4.45987e-102,9.99999e-01,9.99999e-01,4.49428e-101,9.99666e-01,9.92674e-02
2.570401858e+00,2.45243e-144,9.99999e-01,9.99999e-01,1.85514e-142,9.99673e-01,1.32239e-02
2.583253867e+00,1.81672e-145,9.99999e-01,9.99999e-01,1.72259e-142,9.99679e-01,1.05498e-03
2.596170137e+00,1.27339e-124,9.99999e-01,9.99999e-01,7.18783e-121,9.99686e-01,1.77214e-04
2.609150988e+00,5.20511e-89,9.99999e-01,9.99999e-01,1.03500e-84,9.99692e-01,5.03062e-05
2.622196742e+00,1.53266e-75,9.99999e-01,9.99999e-01,3.75944e-71,9.99698e-01,4.07806e-05
2.635307726e+00,3.38498e-36,9.99999e-01,9.99999e-01,4.29195e-32,9.99704e-01,7.88914e-05
2.648484265e+00,9.24784e-43,9.99999e-01,9.99999e-01,9.52325e-39,9.99710e-01,9.71361e-05
2.661726686e+00,1.24315e-72,9.99999e-01,9.99999e-01,1.47690e-68,9.99715e-01,8.41962e-05
2.675035320e+00,5.60457e-257,9.99999e-01,9.99999e-01,6.13447e-253,9.99721e-01,9.13873e-05
2.688410496e+00,4.90858e-126,9.99999e-01,9.99999e-01,3.28021e-122,9.99727e-01,1.49683e-04
2.701852549e+00,2.20309e-110,9.99999e-01,9.99999e-01,1.11551e-106,9.99732e-01,1.97549e-04
2.715361811e+00,2.52629e-109,9.99999e-01,9.99999e-01,9.59107e-106,9.99737e-01,2.63469e-04
2.728938620e+00,1.48673e-78,9.99999e-01,9.99999e-01,2.50857e-75,9.99742e-01,5.92813e-04
2.742583314e+00,4.19096e-83,9.99999e-01,9.99999e-01,1.58317e-80,9.99747e-01,2.64786e-03
2.756296230e+00,4.27380e-85,9.99999e-01,9.99999e-01,2.76887e-83,9.99752e-01,1.54390e-02
2.770077711e+00,7.06806e-116,9.99999e-01,9.99999e-01,1.04271e-114,9.99757e-01,6.78018e-02
2.783928100e+00,2.30330e-115,9.99999e-01,9.99999e-01,1.50421e-114,9.99762e-01,1.53160e-01
2.797847740e+00,1.71301e-87,9.99999e-01,9.99999e-01,6.03152e-87,9.99767e-01,2.84075e-01
2.811836979e+00,3.50457e-93,9.99999e-01,9.99999e-01,7.59188e-93,9.99771e-01,4.61725e-01
2.825896164e+00,1.87177e-80,9.99999e-01,9.99999e-01,3.08239e-80,9.99776e-01,6.07380e-01
2.840025645e+00,3.40848e-61,9.99999e-01,9.99999e-01,4.88182e-61,9.99780e-01,6.98350e-01
2.854225773e+00,2.24958e-53,9.99999e-01,9.99999e-01,2.95235e-53,9.99785e-01,7.62128e-01
2.868496902e+00,2.64636e-50,9.99999e-01,9.99999e-01,3.17597e-50,9.99789e-01,8.33418e-01
2.882839386e+00,4.24903e-40,9.99999e-01,9.99999e-01,4.80554e-40,9.99793e-01,8.84376e-01
2.897253583e+00,3.52840e-34,9.99999e-01,9.99999e-01,3.86541e-34,9.99797e-01,9.12998e-01
2.911739851e+00,4.20789e-23,9.99999e-01,9.99999e-01,4.51592e-23,9.99801e-01,9.31973e-01
2.926298550e+00,2.71701e-16,9.99999e-01,9.99999e-01,2.86243e-16,9.99805e-01,9.49381e-01
2.940930043e+00,6.15264e-16,9.99999e-01,9.99999e-01,6.41527e-16,9.99809e-01,9.59243e-01
2.955634693e+00,6.45609e-16,9.99999e-01,9.99999e-01,6.70230e-16,9.99813e-01,9.63444e-01
2.970412867e+00,5.74047e-14,9.99999e-01,9.99999e-01,5.93169e-14,9.99816e-01,9.67938e-01
2.985264931e+00,6.05511e-11,9.99999e-01,9.99999e-01,6.24397e-11,9.99820e-01,9.69925e-01
3.000191256e+00,7.21313e-09,9.99999e-01,9.99999e-01,7.44391e-09,9.99823e-01,9.69167e-01
3.015192212e+00,3.41857e-08,9.99999e-01,9.99999e-01,3.54400e-08,9.99827e-01,9.64774e-01
3.030268173e+00,4.80338e-07,9.99999e-01,9.99999e-01,5.01902e-07,9.99830e-01,9.57196e-01
3.045419514e+00,4.37298e-08,9.99999e-01,9.99999e-01,4.60002e-08,9.99834e-01,9.50800e-01
3.060646612e+00,1.87172e-05,9.99999e-01,9.99999e-01,1.98907e-05,9.99837e-01,9.41153e-01
3.075949845e+00,2.88580e-05,9.99999e-01,9.99999e-01,3.08780e-05,9.99840e-01,9.34728e-01
3.091329594e+00,3.85624e-05,9.99999e-01,9.99999e-01,4.14263e-05,9.99843e-01,9.31012e-01
3.106786242e+00,1.52815e-04,9.99999e-01,9.99999e-01,1.64128e-04,9.99846e-01,9.31213e-01
3.122320173e+00,5.79935e-04,9.99999e-01,9.99999e-01,6.20193e-04,9.99849e-01,9.35226e-01
3.137931774e+00,6.90137e-04,9.99999e-01,9.99999e-01,7.31952e-04,9.99852e-01,9.43009e-01
3.153621433e+00,8.99054e-03,9.99999e-01,9.99999e-01,9.48008e-03,9.99855e-01,9.48497e-01
3.169389540e+00,1.35690e-02,9.99999e-01,9.99999e-01,1.43363e-02,9.99858e-01,9.46613e-01
3.185236488e+00,6.39431e-03,9.99999e-01,9.99999e-01,6.81411e-03,9.99861e-01,9.38521e-01
3.201162670e+00,4.93239e-05,9.99999e-01,9.99999e-01,5.29730e-05,9.99863e-01,9.31240e-01
3.217168483e+00,5.06590e-04,9.99999e-01,9.99999e-01,5.47487e-04,9.99866e-01,9.25423e-01
3.233254326e+00,6.34625e-03,9.99999e-01,9.99999e-01,6.84825e-03,9.99869e-01,9.26817e-01
3.249420598e+00,3.49117e-02,9.99999e-01,9.99999e-01,3.73763e-02,9.99871e-01,9.34179e-01
3.265667701e+00,5.81057e-03,9.99999e-01,9.99999e-01,6.16956e-03,9.99874e-01,9.41929e-01
3.281996039e+00,1.51623e-02,9.99999e-01,9.99999e-01,1.59456e-02,9.99876e-01,9.50990e-01
3.298406019e+00,1.70344e-03,9.99999e-01,9.99999e-01,1.77394e-03,9.99879e-01,9.60374e-01
3.314898049e+00,1.27216e-03,9.99999e-01,9.99999e-01,1.31136e-03,9.99881e-01,9.70220e-01
3.331472540e+00,3.98267e-03,9.99999e-01,9.99999e-01,4.07013e-03,9.99883e-01,9.78624e-01
3.348129902e+00,2.61303e-03,9.99999e-01,9.99999e-01,2.65430e-03,9.99886e-01,9.84561e-01
3.364870552e+00,7.79815e-03,9.99999e-01,9.99999e-01,7.97042e-03,9.99888e-01,9.78493e-01
3.381694905e+00,1.60271e-02,9.99999e-01,9.99999e-01,1.62663e-02,9.99890e-01,9.85402e-01
3.398603379e+00,4.02772e-02,9.99999e-01,9.99999e-01,4.08615e-02,9.99892e-01,9.85804e-01
3.415596396e+00,9.85284e-02,9.99999e-01,9.99999e-01,9.98671e-02,9.99894e-01,9.86697e-01
3.432674378e+00,1.09150e-01,9.99999e-01,9.99999e-01,1.09972e-01,9.99896e-01,9.92627e-01
3.449837750e+00,2.15721e-01,9.99999e-01,9.99999e-01,2.16829e-01,9.99899e-01,9.94990e-01
3.467086939e+00,3.47119e-01,9.99999e-01,9.99999e-01,3.49145e-01,9.99901e-01,9.94294e-01
3.484422373e+00,3.64564e-01,9.99999e-01,9.99999e-01,3.66936e-01,9.99902e-01,9.93631e-01
3.501844485e+00,5.58865e-01,9.99999e-01,9.99999e-01,5.61294e-01,9.99904e-01,9.95766e-01
3.519353708e+00,6.17406e-01,9.99999e-01,9.99999e-01,6.18428e-01,9.99906e-01,9.98439e-01
3.536950476e+00,6.44796e-01,9.99999e-01,9.99999e-01,6.45415e-01,9.99908e-01,9.99132e-01
3.554635228e+00,7.63298e-01,9.99999e-01,9.99999e-01,7.64433e-01,9.99910e-01,9.98603e-01
3.572408405e+00,7.69565e-01,9.99999e-01,9.99999e-01,7.70973e-01,9.99912e-01,9.98259e-01
3.590270447e+00,8.32392e-01,9.99999e-01,9.99999e-01,8.34087e-01,9.99913e-01,9.98052e-01
3.608221799e+00,8.66289e-01,9.99999e-01,9.99999e-01,8.68628e-01,9.99915e-01,9.97390e-01
3.626262908e+00,8.83754e-01,9.99999e-01,9.99999e-01,8.86667e-01,9.99917e-01,9.96796e-01
3.644394222e+00,9.26314e-01,9.99999e-01,9.99999e-01,9.30358e-01,9.99918e-01,9.95733e-01
3.662616193e+00,8.82172e-01,9.99999e-01,9.99999e-01,8.87021e-01,9.99920e-01,9.94611e-01
3.680929274e+00,8.18350e-01,9.99999e-01,9.99999e-01,8.24121e-01,9.99921e-01,9.93074e-01
3.699333921e+00,9.05288e-01,9.99999e-01,9.99999e-01,9.13331e-01,9.99923e-01,9.91269e-01
3.717830590e+00,9.21105e-01,9.99999e-01,9.99999e-01,9.31492e-01,9.99925e-01,9.88922e-01
3.736419743e+00,9.07134e-01,9.99998e-01,9.99999e-01,9.20440e-01,9.99926e-01,9.85616e-01
3.755101842e+00,8.98396e-01,9.99997e-01,9.99999e-01,9.14753e-01,9.99927e-01,9.82190e-01
3.773877351e+00,9.08167e-01,9.99996e-01,9.99999e-01,9.29156e-01,9.99929e-01,9.77481e-01
3.792746738e+00,8.88655e-01,9.99993e-01,9.99999e-01,9.15306e-01,9.99930e-01,9.70953e-01
3.811710472e+00,8.63997e-01,9.99988e-01,9.99999e-01,8.96950e-01,9.99932e-01,9.63336e-01
3.830769024e+00,8.48293e-01,9.99982e-01,9.99999e-01,8.89208e-01,9.99933e-01,9.54066e-01
3.849922869e+00,7.93699e-01,9.99967e-01,9.99999e-01,8.42381e-01,9.99934e-01,9.42298e-01
3.869172484e+00,7.62001e-01,9.99953e-01,9.99999e-01,8.21544e-01,9.99935e-01,9.27622e-01
3.888518346e+00,8.12230e-01,9.99918e-01,9.99999e-01,8.94449e-01,9.99937e-01,9.08207e-01
3.907960938e+00,7.79588e-01,9.99900e-01,9.99999e-01,8.82786e-01,9.99938e-01,8.83238e-01
3.927500742e+00,4.16550e-01,9.99828e-01,9.99999e-01,4.89101e-01,9.99939e-01,8.51824e-01
3.947138246e+00,5.02142e-01,9.99759e-01,9.99999e-01,6.18448e-01,9.99940e-01,8.12157e-01
3.966873937e+00,2.49437e-01,9.99725e-01,9.99999e-01,3.26791e-01,9.99942e-01,7.63474e-01
3.986708307e+00,5.70894e-01,9.99555e-01,9.99999e-01,8.08182e-01,9.99943e-01,7.06720e-01
4.006641849e+00,5.94910e-01,9.99414e-01,9.99999e-01,9.25794e-01,9.99944e-01,6.42995e-01
4.026675058e+00,5.26993e-01,9.99516e-01,9.99999e-01,9.14395e-01,9.99945e-01,5.76635e-01
4.046808433e+00,4.59541e-01,9.99493e-01,9.99999e-01,8.96989e-01,9.99946e-01,5.12597e-01
4.067042475e+00,4.01504e-01,9.99283e-01,9.99999e-01,8.82367e-01,9.99947e-01,4.55375e-01
4.087377688e+00,3.56050e-01,9.99157e-01,9.99999e-01,8.74319e-01,9.99948e-01,4.07587e-01
4.107814576e+00,3.08896e-01,9.99014e-01,9.99999e-01,8.30580e-01,9.99949e-01,3.72278e-01
4.128353649e+00,2.61706e-01,9.99006e-01,9.99999e-01,7.47110e-01,9.99950e-01,3.50641e-01
4.148995417e+00,2.37299e-01,9.99309e-01,9.99999e-01,6.96392e-01,9.99951e-01,3.40988e-01
4.169740394e+00,1.92283e-01,9.99364e-01,9.99999e-01,5.61281e-01,9.99952e-01,3.42794e-01
4.190589096e+00,1.74804e-01,9.99410e-01,9.99999e-01,4.97204e-01,9.99953e-01,3.51770e-01
4.211542042e+00,1.18048e-01,9.99454e-01,9.99999e-01,3.33450e-01,9.99954e-01,3.54202e-01
4.232599752e+00,1.00842e-01,9.99666e-01,9.99999e-01,2.97034e-01,9.99955e-01,3.39604e-01
4.253762751e+00,6.41218e-02,9.99767e-01,9.99999e-01,2.15440e-01,9.99956e-01,2.97704e-01
4.275031564e+00,2.78903e-02,9.99612e-01,9.99999e-01,1.20101e-01,9.99956e-01,2.32308e-01
4.296406722e+00,1.39312e-02,9.96275e-01,9.99999e-01,6.50452e-02,9.99957e-01,2.14779e-01
4.317888756e+00,2.35075e-02,9.99272e-01,9.99999e-01,8.83585e-02,9.99958e-01,2.66217e-01
4.339478200e+00,1.68135e-02,9.99567e-01,9.99999e-01,4.74097e-02,9.99959e-01,3.54780e-01
4.361175591e+00,1.35496e-02,9.99648e-01,9.99999e-01,3.22590e-02,9.99960e-01,4.20141e-01
4.382981469e+00,1.45964e-02,9.99629e-01,9.99999e-01,3.19294e-02,9.99960e-01,4.57272e-01
4.404896376e+00,1.42911e-02,9.99481e-01,9.99999e-01,2.97889e-02,9.99961e-01,4.79888e-01
4.426920858e+00,5.96108e-03,9.99474e-01,9.99999e-01,1.19250e-02,9.99962e-01,5.00000e-01
4.449055462e+00,1.45481e-02,9.99637e-01,9.99999e-01,2.77929e-02,9.99963e-01,5.23604e-01
4.471300739e+00,6.06696e-03,9.99618e-01,9.99999e-01,1.09636e-02,9.99963e-01,5.53516e-01
4.493657243e+00,1.50616e-02,9.99668e-01,9.99999e-01,2.55500e-02,9.99964e-01,5.89660e-01
4.516125529e+00,3.86565e-03,9.99687e-01,9.99999e-01,6.13310e-03,9.99965e-01,6.30406e-01
4.538706157e+00,1.44459e-02,9.99629e-01,9.99999e-01,2.14091e-02,9.99965e-01,6.74873e-01
4.561399688e+00,1.43216e-02,9.99738e-01,9.99999e-01,1.98891e-02,9.99966e-01,7.20176e-01
4.584206686e+00,2.49056e-02,9.99794e-01,9.99999e-01,3.25991e-02,9.99967e-01,7.64105e-01
4.607127720e+00,1.26705e-02,9.99797e-01,9.99999e-01,1.57487e-02,9.99967e-01,8.04626e-01
4.630163358e+00,9.02407e-04,9.99872e-01,9.99999e-01,1.07304e-03,9.99968e-01,8.41055e-01
4.653314175e+00,5.95176e-04,9.99880e-01,9.99999e-01,6.82592e-04,9.99969e-01,8.72006e-01
4.676580746e+00,7.49328e-05,9.99884e-01,9.99999e-01,8.34989e-05,9.99969e-01,8.97468e-01
4.699963650e+00,3.97817e-04,9.99937e-01,9.99999e-01,4.33403e-04,9.99970e-01,9.17946e-01
4.723463468e+00,3.60729e-05,9.99925e-01,9.99999e-01,3.86220e-05,9.99970e-01,9.34047e-01
4.747080785e+00,9.99449e-04,9.99960e-01,9.99999e-01,1.05645e-03,9.99971e-01,9.46098e-01
4.770816189e+00,9.02116e-05,9.99963e-01,9.99999e-01,9.44588e-05,9.99972e-01,9.55076e-01
4.794670270e+00,2.60979e-06,9.99962e-01,9.99999e-01,2.71370e-06,9.99972e-01,9.61748e-01
4.818643622e+00,1.03837e-06,9.99981e-01,9.99999e-01,1.07449e-06,9.99973e-01,9.66421e-01
4.842736840e+00,1.09182e-06,9.99983e-01,9.99999e-01,1.12673e-06,9.99973e-01,9.69043e-01
4.866950524e+00,9.73663e-06,9.99990e-01,9.99999e-01,1.00395e-05,9.99974e-01,9.69863e-01
4.891285276e+00,7.13546e-08,9.99991e-01,9.99999e-01,7.36456e-08,9.99974e-01,9.68917e-01
4.915741703e+00,4.04360e-07,9.99994e-01,9.99999e-01,4.18009e-07,9.99975e-01,9.67373e-01
4.940320411e+00,2.67847e-08,9.99995e-01,9.99999e-01,2.77945e-08,9.99975e-01,9.63693e-01
4.965022013e+00,8.73346e-11,9.99995e-01,9.99999e-01,9.10606e-11,9.99976e-01,9.59105e-01
4.989847123e+00,1.73686e-09,9.99997e-01,9.99999e-01,1.81964e-09,9.99976e-01,9.54530e-01
5.014796359e+00,3.64484e-15,9.99997e-01,9.99999e-01,3.84563e-15,9.99976e-01,9.47808e-01
5.039870341e+00,3.56124e-11,9.99998e-01,9.99999e-01,3.78943e-11,9.99977e-01,9.39802e-01
5.065069693e+00,4.78716e-11,9.99998e-01,9.99999e-01,5.16304e-11,9.99977e-01,9.27217e-01
5.090395041e+00,6.45170e-16,9.99999e-01,9.99999e-01,7.05700e-16,9.99978e-01,9.14245e-01
5.115847016e+00,2.01325e-16,9.99999e-01,9.99999e-01,2.24394e-16,9.99978e-01,8.97211e-01
5.141426251e+00,3.75031e-21,9.99998e-01,9.99999e-01,4.28949e-21,9.99979e-01,8.74320e-01
5.167133383e+00,3.82707e-24,9.99999e-01,9.99999e-01,4.48843e-24,9.99979e-01,8.52668e-01
5.192969049e+00,4.38014e-24,9.99999e-01,9.99999e-01,5.29053e-24,9.99979e-01,8.27937e-01
5.218933895e+00,6.60999e-38,9.99999e-01,9.99999e-01,8.30047e-38,9.99980e-01,7.96353e-01
5.245028564e+00,7.47874e-29,9.99999e-01,9.99999e-01,9.88315e-29,9.99980e-01,7.56730e-01
5.271253707e+00,4.62127e-30,9.99999e-01,9.99999e-01,6.54360e-30,9.99981e-01,7.06240e-01
5.297609976e+00,2.69728e-36,9.99999e-01,9.99999e-01,4.14888e-36,9.99981e-01,6.50133e-01
5.324098025e+00,1.00788e-36,9.99999e-01,9.99999e-01,1.71463e-36,9.99981e-01,5.87822e-01
5.350718516e+00,5.56943e-45,9.99999e-01,9.99999e-01,1.08865e-44,9.99982e-01,5.11598e-01
5.377472108e+00,6.82708e-47,9.99999e-01,9.99999e-01,1.52678e-46,9.99982e-01,4.47163e-01
5.404359469e+00,6.31088e-47,9.99999e-01,9.99999e-01,1.64919e-46,9.99982e-01,3.82671e-01
5.431381266e+00,1.50902e-86,9.99999e-01,9.99999e-01,4.55414e-86,9.99983e-01,3.31355e-01
5.458538172e+00,1.18465e-86,9.99999e-01,9.99999e-01,4.32577e-86,9.99983e-01,2.73864e-01
5.485830863e+00,5.40906e-93,9.99999e-01,9.99999e-01,2.55325e-92,9.99983e-01,2.11853e-01
5.513260018e+00,2.64000e-98,9.99999e-01,9.99999e-01,1.63747e-97,9.99984e-01,1.61227e-01
5.540826318e+00,4.83893e-103,9.99999e-01,9.99999e-01,4.16990e-102,9.99984e-01,1.16046e-01
5.568530449e+00,3.18388e-161,9.99999e-01,9.99999e-01,3.95841e-160,9.99984e-01,8.04344e-02
5.596373101e+00,4.08625e-154,9.99999e-01,9.99999e-01,7.53365e-153,9.99984e-01,5.42407e-02
5.624354967e+00,1.46202e-139,9.99999e-01,9.99999e-01,4.17162e-138,9.99985e-01,3.50473e-02
5.652476742e+00,3.54727e-152,9.99999e-01,9.99999e-01,1.65539e-150,9.99985e-01,2.14288e-02
5.680739126e+00,1.17419e-175,9.99999e-01,9.99999e-01,9.54714e-174,9.99985e-01,1.22990e-02
5.709142821e+00,1.37645e-191,9.99999e-01,9.99999e-01,2.02038e-189,9.99986e-01,6.81290e-03
5.737688535e+00,2.91392e-186,9.99999e-01,9.99999e-01,8.98812e-184,9.99986e-01,3.24200e-03
5.766376978e+00,3.00464e-142,9.99999e-01,9.99999e-01,2.20767e-139,9.99986e-01,1.36102e-03
5.795208863e+00,1.28245e-130,9.99999e-01,9.99999e-01,2.57073e-127,9.99986e-01,4.98874e-04
5.824184907e+00,1.19780e-158,9.99999e-01,9.99999e-01,6.85276e-155,9.99987e-01,1.74793e-04
5.853305832e+00,1.03527e-156,9.99999e-01,9.99999e-01,1.56586e-152,9.99987e-01,6.61160e-05
5.882572361e+00,4.62790e-192,9.99999e-01,9.99999e-01,1.60559e-187,9.99987e-01,2.88239e-05
5.911985223e+00,3.90234e-185,9.99999e-01,9.99999e-01,2.87650e-180,9.99987e-01,1.35664e-05
5.941545149e+00,1.53408e-190,9.99999e-01,9.99999e-01,2.23295e-185,9.99988e-01,6.87026e-06
5.971252874e+00,3.56107e-165,9.99999e-01,9.99999e-01,7.79271e-160,9.99988e-01,4.56979e-06
6.001109139e+00,4.34653e-113,9.99999e-01,9.99999e-01,1.07695e-107,9.99988e-01,4.03600e-06
6.031114685e+00,1.02454e-123,9.99999e-01,9.99999e-01,2.18509e-118,9.99988e-01,4.68881e-06
6.061270258e+00,7.27784e-123,9.99999e-01,9.99999e-01,1.04317e-117,9.99988e-01,6.97672e-06
6.091576609e+00,7.81173e-105,9.99999e-01,9.99999e-01,6.62611e-100,9.99989e-01,1.17894e-05
6.122034492e+00,1.68734e-67,9.99999e-01,9.99999e-01,7.37675e-63,9.99989e-01,2.28739e-05
6.152644665e+00,3.34232e-68,9.99999e-01,9.99999e-01,6.99902e-64,9.99989e-01,4.77545e-05
6.183407888e+00,1.86357e-46,9.99999e-01,9.99999e-01,2.07280e-42,9.99989e-01,8.99066e-05
6.214324928e+00,1.25379e-32,9.99999e-01,9.99999e-01,9.62210e-29,9.99989e-01,1.30304e-04
6.245396552e+00,7.41841e-24,9.99999e-01,9.99999e-01,5.71769e-20,9.99990e-01,1.29746e-04
6.276623535e+00,1.51978e-24,9.99999e-01,9.99999e-01,1.70958e-20,9.99990e-01,8.88989e-05
6.308006653e+00,1.11734e-24,9.99999e-01,9.99999e-01,2.37850e-20,9.99990e-01,4.69772e-05
6.339546686e+00,2.56977e-48,9.99999e-01,9.99999e-01,1.18624e-43,9.99990e-01,2.16633e-05
6.371244419e+00,6.09801e-100,9.99999e-01,9.99999e-01,6.27676e-95,9.99990e-01,9.71530e-06
6.403100641e+00,1.05621e-139,9.99999e-01,9.99999e-01,2.28882e-134,9.99991e-01,4.61467e-06
6.435116145e+00,2.04267e-302,9.99999e-01,9.99999e-01,7.12369e-297,9.99991e-01,2.86745e-06
6.467291725e+00,2.95334e-304,9.99999e-01,9.99999e-01,1.27902e-298,9.99991e-01,2.30908e-06
6.499628184e+00,0.00000e+00,9.99999e-01,9.99999e-01,0.00000e+00,9.99991e-01,2.40884e-06
6.532126325e+00,1.02443e-306,9.99999e-01,9.99999e-01,3.15862e-301,9.99991e-01,3.24331e-06
6.564786956e+00,0.00000e+00,9.99999e-01,9.99999e-01,0.00000e+00,9.99991e-01,6.27790e-06
6.597610891e+00,0.00000e+00,9.99999e-01,9.99999e-01,0.00000e+00,9.99991e-01,1.40821e-05
6.630598946e+00,0.00000e+00,9.99999e-01,9.99999e-01,8.51769e-321,9.99992e-01,3.38781e-05
6.663751940e+00,1.09265e-302,9.99999e-01,9.99999e-01,1.34469e-298,9.99992e-01,8.12566e-05
6.697070700e+00,1.67326e-239,9.99999e-01,9.99999e-01,8.68016e-236,9.99992e-01,1.92769e-04
6.730556054e+00,1.98720e-164,9.99999e-01,9.99999e-01,4.51988e-161,9.99992e-01,4.39660e-04
6.764208834e+00,4.43002e-164,9.99999e-01,9.99999e-01,4.46031e-161,9.99992e-01,9.93215e-04
6.798029878e+00,1.51785e-200,9.99999e-01,9.99999e-01,6.61018e-198,9.99992e-01,2.29625e-03
6.832020027e+00,3.03060e-200,9.99999e-01,9.99999e-01,6.57546e-198,9.99992e-01,4.60899e-03
6.866180128e+00,8.61447e-230,9.99999e-01,9.99999e-01,9.96206e-228,9.99993e-01,8.64732e-03
6.900511028e+00,1.51693e-131,9.99999e-01,9.99999e-01,9.84893e-130,9.99993e-01,1.54021e-02
6.935013583e+00,2.78458e-131,9.99999e-01,9.99999e-01,1.05053e-129,9.99993e-01,2.65066e-02
6.969688651e+00,1.12729e-164,9.99999e-01,9.99999e-01,2.55847e-163,9.99993e-01,4.40615e-02
7.004537095e+00,1.78943e-162,9.99999e-01,9.99999e-01,2.53192e-161,9.99993e-01,7.06751e-02
7.039559780e+00,7.39919e-176,9.99999e-01,9.99999e-01,6.79416e-175,9.99993e-01,1.08906e-01
7.074757579e+00,4.50408e-138,9.99999e-01,9.99999e-01,2.92754e-137,9.99993e-01,1.53853e-01
7.110131367e+00,8.59548e-137,9.99999e-01,9.99999e-01,4.09916e-136,9.99993e-01,2.09690e-01
7.145682024e+00,3.92754e-153,9.99999e-01,9.99999e-01,1.42116e-152,9.99994e-01,2.76364e-01
7.181410434e+00,6.18671e-195,9.99999e-01,9.99999e-01,1.77838e-194,9.99994e-01,3.47886e-01
7.217317486e+00,1.19888e-143,9.99999e-01,9.99999e-01,2.85034e-143,9.99994e-01,4.20613e-01
7.253404073e+00,1.30763e-143,9.99999e-01,9.99999e-01,2.64111e-143,9.99994e-01,4.95108e-01
7.289671094e+00,1.28178e-125,9.99999e-01,9.99999e-01,2.26810e-125,9.99994e-01,5.65135e-01
7.326119449e+00,3.10553e-125,9.99999e-01,9.99999e-01,4.91339e-125,9.99994e-01,6.32056e-01
7.362750046e+00,4.12087e-91,9.99999e-01,9.99999e-01,5.92425e-91,9.99994e-01,6.95596e-01
7.399563797e+00,9.87260e-75,9.99999e-01,9.99999e-01,1.31776e-74,9.99994e-01,7.49199e-01
7.436561616e+00,4.40100e-81,9.99999e-01,9.99999e-01,5.55199e-81,9.99994e-01,7.92691e-01
7.473744424e+00,2.56309e-76,9.99999e-01,9.99999e-01,3.07868e-76,9.99994e-01,8.32532e-01
7.511113146e+00,3.33232e-66,9.99999e-01,9.99999e-01,3.84138e-66,9.99995e-01,8.67483e-01
7.548668712e+00,5.18224e-69,9.99999e-01,9.99999e-01,5.81236e-69,9.99995e-01,8.91593e-01
7.586412055e+00,6.84620e-125,9.99999e-01,9.99999e-01,7.50432e-125,9.99995e-01,9.12304e-01
7.624344115e+00,4.31445e-61,9.99999e-01,9.99999e-01,4.64313e-61,9.99995e-01,9.29214e-01
7.662465836e+00,9.15440e-38,9.99999e-01,9.99999e-01,9.71949e-38,9.99995e-01,9.41863e-01
7.700778165e+00,4.18480e-38,9.99999e-01,9.99999e-01,4.39341e-38,9.99995e-01,9.52520e-01
7.739282056e+00,1.53326e-62,9.99999e-01,9.99999e-01,1.59671e-62,9.99995e-01,9.60264e-01
7.777978466e+00,7.05827e-43,9.99999e-01,9.99999e-01,7.29676e-43,9.99995e-01,9.67319e-01
7.816868359e+00,3.69586e-35,9.99999e-01,9.99999e-01,3.79593e-35,9.99995e-01,9.73640e-01
7.855952700e+00,1.36348e-35,9.99999e-01,9.99999e-01,1.39449e-35,9.99995e-01,9.77764e-01
7.895232464e+00,2.53884e-35,9.99999e-01,9.99999e-01,2.58783e-35,9.99995e-01,9.81070e-01
7.934708626e+00,2.05288e-21,9.99999e-01,9.99999e-01,2.08656e-21,9.99995e-01,9.83857e-01
7.974382169e+00,2.73138e-16,9.99999e-01,9.99999e-01,2.77075e-16,9.99995e-01,9.85796e-01
8.014254080e+00,5.65900e-17,9.99999e-01,9.99999e-01,5.72954e-17,9.99996e-01,9.87691e-01
8.054325351e+00,5.13949e-16,9.99999e-01,9.99999e-01,5.19390e-16,9.99996e-01,9.89526e-01
8.094596977e+00,5.05393e-13,9.99999e-01,9.99999e-01,5.09866e-13,9.99996e-01,9.91230e-01
8.135069962e+00,1.09524e-12,9.99999e-01,9.99999e-01,1.10320e-12,9.99996e-01,9.92784e-01
8.175745312e+00,2.00814e-13,9.99999e-01,9.99999e-01,2.02056e-13,9.99996e-01,9.93857e-01
8.216624039e+00,9.78486e-11,9.99999e-01,9.99999e-01,9.83675e-11,9.99996e-01,9.94727e-01
8.257707159e+00,1.33895e-07,9.99999e-01,9.99999e-01,1.34507e-07,9.99996e-01,9.95448e-01
8.298995695e+00,2.02341e-06,9.99999e-01,9.99999e-01,2.03177e-06,9.99996e-01,9.95888e-01
8.340490673e+00,1.29058e-07,9.99999e-01,9.99999e-01,1.29536e-07,9.99996e-01,9.96312e-01
8.382193126e+00,1.42255e-05,9.99999e-01,9.99999e-01,1.42718e-05,9.99996e-01,9.96755e-01
8.424104092e+00,2.54953e-06,9.99999e-01,9.99999e-01,2.55680e-06,9.99996e-01,9.97156e-01
8.466224613e+00,6.85973e-06,9.99999e-01,9.99999e-01,6.87674e-06,9.99996e-01,9.97529e-01
8.508555736e+00,9.60178e-06,9.99999e-01,9.99999e-01,9.62322e-06,9.99996e-01,9.97774e-01
8.551098514e+00,7.64179e-04,9.99999e-01,9.99999e-01,7.65721e-04,9.99996e-01,9.97988e-01
8.593854007e+00,9.82567e-03,9.99999e-01,9.99999e-01,9.84404e-03,9.99996e-01,9.98136e-01
8.636823277e+00,1.42504e-02,9.99999e-01,9.99999e-01,1.42748e-02,9.99996e-01,9.98289e-01
8.680007393e+00,1.32816e-03,9.99999e-01,9.99999e-01,1.33023e-03,9.99996e-01,9.98448e-01
8.723407430e+00,4.14787e-03,9.99999e-01,9.99999e-01,4.15365e-03,9.99997e-01,9.98610e-01
8.767024467e+00,1.68942e-03,9.99999e-01,9.99999e-01,1.69150e-03,9.99997e-01,9.98773e-01
8.810859590e+00,4.89874e-03,9.99999e-01,9.99999e-01,4.90433e-03,9.99997e-01,9.98861e-01
8.854913888e+00,6.78716e-02,9.99999e-01,9.99999e-01,6.79435e-02,9.99997e-01,9.98943e-01
8.899188457e+00,4.79754e-02,9.99999e-01,9.99999e-01,4.80232e-02,9.99997e-01,9.99006e-01
8.943684399e+00,1.75580e-02,9.99999e-01,9.99999e-01,1.75745e-02,9.99997e-01,9.99061e-01
8.988402821e+00,1.32340e-02,9.99999e-01,9.99999e-01,1.32458e-02,9.99997e-01,9.99106e-01
9.033344836e+00,6.82136e-03,9.99999e-01,9.99999e-01,6.82714e-03,9.99997e-01,9.99155e-01
9.078511560e+00,2.03689e-02,9.99999e-01,9.99999e-01,2.03851e-02,9.99997e-01,9.99205e-01
9.123904118e+00,6.12784e-02,9.99999e-01,9.99999e-01,6.13257e-02,9.99997e-01,9.99229e-01
9.169523638e+00,4.16517e-02,9.99999e-01,9.99999e-01,4.16831e-02,9.99997e-01,9.99247e-01
9.215371256e+00,1.58996e-01,9.99999e-01,9.99999e-01,1.59113e-01,9.99997e-01,9.99262e-01
9.261448113e+00,1.34660e-01,9.99999e-01,9.99999e-01,1.34757e-01,9.99997e-01,9.99277e-01
9.307755353e+00,5.43674e-02,9.99999e-01,9.99999e-01,5.44063e-02,9.99997e-01,9.99287e-01
9.354294130e+00,3.42704e-02,9.99999e-01,9.99999e-01,3.42947e-02,9.99997e-01,9.99293e-01
9.401065601e+00,5.19517e-03,9.99999e-01,9.99999e-01,5.19887e-03,9.99997e-01,9.99288e-01
9.448070929e+00,1.99216e-02,9.99999e-01,9.99999e-01,1.99360e-02,9.99997e-01,9.99279e-01
9.495311283e+00,1.17760e-01,9.99999e-01,9.99999e-01,1.17847e-01,9.99997e-01,9.99262e-01
9.542787840e+00,2.02645e-01,9.99999e-01,9.99999e-01,2.02798e-01,9.99997e-01,9.99242e-01
9.590501779e+00,7.66411e-02,9.99999e-01,9.99999e-01,7.67010e-02,9.99997e-01,9.99220e-01
9.638454288e+00,7.94173e-02,9.99999e-01,9.99999e-01,7.94811e-02,9.99997e-01,9.99198e-01
9.686646559e+00,8.97200e-02,9.99999e-01,9.99999e-01,8.97941e-02,9.99997e-01,9.99175e-01
9.735079792e+00,1.70439e-01,9.99999e-01,9.99999e-01,1.70584e-01,9.99997e-01,9.99148e-01
9.783755191e+00,9.69387e-02,9.99999e-01,9.99999e-01,9.70245e-02,9.99997e-01,9.99117e-01
9.832673967e+00,8.46646e-03,9.99999e-01,9.99999e-01,8.47425e-03,9.99997e-01,9.99081e-01
9.881837337e+00,6.29566e-04,9.99999e-01,9.99999e-01,6.30170e-04,9.99998e-01,9.99042e-01
9.931246523e+00,4.75692e-02,9.99999e-01,9.99999e-01,4.76170e-02,9.99998e-01,9.98998e-01
9.980902756e+00,1.19842e-01,9.99999e-01,9.99999e-01,1.19968e-01,9.99998e-01,9.98951e-01
1.003080727e+01,1.20451e-01,9.99999e-01,9.99999e-01,1.20584e-01,9.99998e-01,9.98901e-01
1.008096131e+01,1.59115e-01,9.99999e-01,9.99999e-01,1.59299e-01,9.99998e-01,9.98850e-01
1.013136611e+01,2.47384e-01,9.99999e-01,9.99999e-01,2.47683e-01,9.99998e-01,9.98794e-01
1.018202294e+01,2.84425e-01,9.99999e-01,9.99999e-01,2.84785e-01,9.99998e-01,9.98736e-01
1.023293306e+01,1.17001e-01,9.99999e-01,9.99999e-01,1.17157e-01,9.99998e-01,9.98673e-01
1.028409772e+01,2.13000e-02,9.99999e-01,9.99999e-01,2.13297e-02,9.99998e-01,9.98607e-01
1.033551821e+01,1.37786e-02,9.99999e-01,9.99999e-01,1.37988e-02,9.99998e-01,9.98536e-01
1.038719580e+01,2.00596e-03,9.99999e-01,9.99999e-01,2.00905e-03,9.99998e-01,9.98463e-01
1.043913178e+01,2.18672e-03,9.99999e-01,9.99999e-01,2.19026e-03,9.99998e-01,9.98383e-01
1.049132744e+01,2.48621e-02,9.99999e-01,9.99999e-01,2.49045e-02,9.99998e-01,9.98298e-01
1.054378408e+01,5.19141e-02,9.99999e-01,9.99999e-01,5.20073e-02,9.99998e-01,9.98209e-01
1.059650300e+01,4.42927e-02,9.99999e-01,9.99999e-01,4.43763e-02,9.99998e-01,9.98116e-01
1.064948551e+01,3.23296e-02,9.99999e-01,9.99999e-01,3.23938e-02,9.99998e-01,9.98018e-01
1.070273294e+01,8.67831e-03,9.99999e-01,9.99999e-01,8.69647e-03,9.99998e-01,9.97913e-01
1.075624661e+01,1.03970e-02,9.99999e-01,9.99999e-01,1.04198e-02,9.99998e-01,9.97805e-01
1.081002784e+01,1.22371e-02,9.99999e-01,9.99999e-01,1.22654e-02,9.99998e-01,9.97692e-01
1.086407798e+01,7.82166e-04,9.99999e-01,9.99999e-01,7.84065e-04,9.99998e-01,9.97578e-01
1.091839837e+01,5.75094e-05,9.99999e-01,9.99999e-01,5.76566e-05,9.99998e-01,9.97447e-01
1.097299036e+01,1.45560e-07,9.99999e-01,9.99999e-01,1.45952e-07,9.99998e-01,9.97315e-01
1.102785531e+01,1.88009e-08,9.99999e-01,9.99999e-01,1.88541e-08,9.99998e-01,9.97173e-01
1.108299459e+01,3.67141e-04,9.99999e-01,9.99999e-01,3.68236e-04,9.99998e-01,9.97028e-01
1.113840956e+01,7.71277e-03,9.99999e-01,9.99999e-01,7.73696e-03,9.99998e-01,9.96874e-01
1.119410161e+01,2.00799e-02,9.99999e-01,9.99999e-01,2.01461e-02,9.99998e-01,9.96714e-01
1.125007212e+01,5.06175e-03,9.99999e-01,9.99999e-01,5.07930e-03,9.99998e-01,9.96545e-01
1.130632248e+01,3.33140e-03,9.99999e-01,9.99999e-01,3.34357e-03,9.99998e-01,9.96360e-01
1.136285409e+01,1.19047e-02,9.99999e-01,9.99999e-01,1.19504e-02,9.99998e-01,9.96174e-01
1.141966836e+01,1.69341e-02,9.99999e-01,9.99999e-01,1.70025e-02,9.99998e-01,9.95978e-01
1.147676670e+01,7.00271e-03,9.99999e-01,9.99999e-01,7.03239e-03,9.99998e-01,9.95780e-01
1.153415054e+01,5.74855e-04,9.99999e-01,9.99999e-01,5.77415e-04,9.99998e-01,9.95567e-01
1.159182129e+01,2.13405e-05,9.99999e-01,9.99999e-01,2.14402e-05,9.99998e-01,9.95348e-01
1.164978039e+01,1.93192e-07,9.99999e-01,9.99999e-01,1.94140e-07,9.99998e-01,9.95117e-01
1.170802930e+01,2.20105e-09,9.99999e-01,9.99999e-01,2.21239e-09,9.99998e-01,9.94871e-01
1.176656944e+01,5.12572e-06,9.99999e-01,9.99999e-01,5.15344e-06,9.99998e-01,9.94620e-01
1.182540229e+01,2.14018e-04,9.99999e-01,9.99999e-01,2.15237e-04,9.99998e-01,9.94336e-01
1.188452930e+01,2.31880e-04,9.99999e-01,9.99999e-01,2.33267e-04,9.99998e-01,9.94051e-01
1.194395195e+01,5.91762e-04,9.99999e-01,9.99999e-01,5.95496e-04,9.99998e-01,9.93730e-01
1.200367171e+01,2.72928e-03,9.99999e-01,9.99999e-01,2.74742e-03,9.99998e-01,9.93397e-01
1.206369007e+01,4.59369e-04,9.99999e-01,9.99999e-01,4.62584e-04,9.99998e-01,9.93049e-01
1.212400852e+01,2.54114e-03,9.99999e-01,9.99999e-01,2.55989e-03,9.99998e-01,9.92675e-01
1.218462856e+01,2.26585e-03,9.99999e-01,9.99999e-01,2.28344e-03,9.99998e-01,9.92299e-01
1.224555170e+01,4.57926e-05,9.99999e-01,9.99999e-01,4.61656e-05,9.99998e-01,9.91920e-01
1.230677946e+01,2.74577e-07,9.99999e-01,9.99999e-01,2.76920e-07,9.99998e-01,9.91539e-01
1.236831336e+01,6.09155e-09,9.99999e-01,9.99999e-01,6.14600e-09,9.99998e-01,9.91140e-01
1.243015492e+01,1.47337e-14,9.99999e-01,9.99999e-01,1.48717e-14,9.99998e-01,9.90720e-01
1.249230570e+01,9.60665e-14,9.99999e-01,9.99999e-01,9.70076e-14,9.99998e-01,9.90298e-01
1.255476723e+01,4.97753e-12,9.99999e-01,9.99999e-01,5.02859e-12,9.99998e-01,9.89844e-01
1.261754106e+01,2.02168e-06,9.99999e-01,9.99999e-01,2.04337e-06,9.99998e-01,9.89387e-01
1.268062877e+01,2.91562e-05,9.99999e-01,9.99999e-01,2.94835e-05,9.99998e-01,9.88897e-01
1.274403191e+01,1.58183e-05,9.99999e-01,9.99999e-01,1.60044e-05,9.99998e-01,9.88365e-01
1.280775207e+01,1.05837e-04,9.99999e-01,9.99999e-01,1.07140e-04,9.99998e-01,9.87832e-01
1.287179083e+01,9.10407e-06,9.99999e-01,9.99999e-01,9.22165e-06,9.99998e-01,9.87248e-01
1.293614979e+01,2.23760e-05,9.99999e-01,9.99999e-01,2.26786e-05,9.99998e-01,9.86656e-01
1.300083054e+01,2.74796e-07,9.99999e-01,9.99999e-01,2.78683e-07,9.99999e-01,9.86053e-01
1.306583469e+01,2.49067e-08,9.99999e-01,9.99999e-01,2.52750e-08,9.99999e-01,9.85427e-01
1.313116386e+01,8.41303e-09,9.99999e-01,9.99999e-01,8.54289e-09,9.99999e-01,9.84799e-01
1.319681968e+01,2.14129e-09,9.99999e-01,9.99999e-01,2.17584e-09,9.99999e-01,9.84118e-01
1.326280378e+01,4.45171e-14,9.99999e-01,9.99999e-01,4.52681e-14,9.99999e-01,9.83410e-01
1.332911780e+01,4.95968e-15,9.99999e-01,9.99999e-01,5.04702e-15,9.99999e-01,9.82695e-01
1.339576339e+01,1.05904e-15,9.99999e-01,9.99999e-01,1.07862e-15,9.99999e-01,9.81846e-01
1.346274221e+01,5.07139e-23,9.99999e-01,9.99999e-01,5.16964e-23,9.99999e-01,9.80994e-01
1.353005592e+01,2.42030e-12,9.99999e-01,9.99999e-01,2.46950e-12,9.99999e-01,9.80076e-01
1.359770620e+01,2.28950e-11,9.99999e-01,9.99999e-01,2.33853e-11,9.99999e-01,9.79031e-01
1.366569473e+01,2.56034e-11,9.99999e-01,9.99999e-01,2.61798e-11,9.99999e-01,9.77982e-01
1.373402320e+01,2.19759e-08,9.99999e-01,9.99999e-01,2.24955e-08,9.99999e-01,9.76905e-01
1.380269332e+01,7.64819e-08,9.99999e-01,9.99999e-01,7.83781e-08,9.99999e-01,9.75807e-01
1.387170678e+01,4.89441e-10,9.99999e-01,9.99999e-01,5.02143e-10,9.99999e-01,9.74704e-01
1.394106532e+01,1.07935e-11,9.99999e-01,9.99999e-01,1.10862e-11,9.99999e-01,9.73599e-01
1.401077064e+01,9.69111e-14,9.99999e-01,9.99999e-01,9.96526e-14,9.99999e-01,9.72489e-01
1.408082450e+01,6.73564e-14,9.99999e-01,9.99999e-01,6.93415e-14,9.99999e-01,9.71373e-01
1.415122862e+01,1.69075e-19,9.99999e-01,9.99999e-01,1.74271e-19,9.99999e-01,9.70186e-01
1.422198476e+01,3.94954e-26,9.99999e-01,9.99999e-01,4.07591e-26,9.99999e-01,9.68995e-01
1.429309469e+01,2.05385e-25,9.99999e-01,9.99999e-01,2.12227e-25,9.99999e-01,9.67761e-01
1.436456016e+01,2.19804e-31,9.99999e-01,9.99999e-01,2.27455e-31,9.99999e-01,9.66365e-01
1.443638296e+01,3.48737e-36,9.99999e-01,9.99999e-01,3.61399e-36,9.99999e-01,9.64964e-01
1.450856487e+01,2.23284e-24,9.99999e-01,9.99999e-01,2.31737e-24,9.99999e-01,9.63524e-01
1.458110770e+01,1.02745e-17,9.99999e-01,9.99999e-01,1.06803e-17,9.99999e-01,9.62001e-01
1.465401324e+01,3.79126e-16,9.99999e-01,9.99999e-01,3.94729e-16,9.99999e-01,9.60473e-01
1.472728330e+01,5.85950e-16,9.99999e-01,9.99999e-01,6.11071e-16,9.99999e-01,9.58889e-01
1.480091972e+01,1.05369e-17,9.99999e-01,9.99999e-01,1.10078e-17,9.99999e-01,9.57217e-01
1.487492432e+01,7.14976e-30,9.99999e-01,9.99999e-01,7.48242e-30,9.99999e-01,9.55540e-01
1.494929894e+01,1.37456e-23,9.99999e-01,9.99999e-01,1.44121e-23,9.99999e-01,9.53752e-01
1.502404544e+01,6.99171e-20,9.99999e-01,9.99999e-01,7.34570e-20,9.99999e-01,9.51810e-01
1.509916566e+01,3.51491e-19,9.99999e-01,9.99999e-01,3.70044e-19,9.99999e-01,9.49862e-01
1.517466149e+01,7.93813e-21,9.99999e-01,9.99999e-01,8.37496e-21,9.99999e-01,9.47840e-01
1.525053480e+01,4.76428e-19,9.99999e-01,9.99999e-01,5.03778e-19,9.99999e-01,9.45709e-01
1.532678747e+01,2.50813e-22,9.99999e-01,9.99999e-01,2.65812e-22,9.99999e-01,9.43572e-01
1.540342141e+01,3.30353e-28,9.99999e-01,9.99999e-01,3.55417e-28,9.99999e-01,9.29479e-01
1.548043852e+01,2.28395e-31,9.99999e-01,9.99999e-01,2.46552e-31,9.99999e-01,9.26355e-01
1.555784071e+01,2.27627e-39,9.99999e-01,9.99999e-01,2.46448e-39,9.99999e-01,9.23633e-01
1.563562991e+01,1.09039e-58,9.99999e-01,9.99999e-01,1.18408e-58,9.99999e-01,9.20868e-01
1.571380806e+01,1.86972e-59,9.99999e-01,9.99999e-01,2.03677e-59,9.99999e-01,9.17983e-01
1.579237710e+01,6.15228e-43,9.99999e-01,9.99999e-01,6.72313e-43,9.99999e-01,9.15091e-01
1.587133899e+01,1.68825e-37,9.99999e-01,9.99999e-01,1.85087e-37,9.99999e-01,9.12138e-01
1.595069568e+01,8.10619e-41,9.99999e-01,9.99999e-01,8.92172e-41,9.99999e-01,9.08590e-01
1.603044916e+01,3.20095e-56,9.99999e-01,9.99999e-01,3.53683e-56,9.99999e-01,9.05035e-01
1.611060141e+01,3.19459e-54,9.99999e-01,9.99999e-01,3.54376e-54,9.99999e-01,9.01469e-01
1.619115441e+01,9.75601e-53,9.99999e-01,9.99999e-01,1.08670e-52,9.99999e-01,8.97766e-01
1.627211019e+01,3.14168e-59,9.99999e-01,9.99999e-01,3.51403e-59,9.99999e-01,8.94039e-01
1.635347074e+01,2.73540e-54,9.99999e-01,9.99999e-01,3.07244e-54,9.99999e-01,8.90300e-01
1.643523809e+01,2.08009e-55,9.99999e-01,9.99999e-01,2.34654e-55,9.99999e-01,8.86446e-01
1.651741428e+01,1.67131e-58,9.99999e-01,9.99999e-01,1.89378e-58,9.99999e-01,8.82524e-01
1.660000135e+01,5.94774e-74,9.99999e-01,9.99999e-01,6.76965e-74,9.99999e-01,8.78588e-01
1.668300136e+01,1.03866e-75,9.99999e-01,9.99999e-01,1.18747e-75,9.99999e-01,8.74675e-01
1.676641637e+01,3.08643e-67,9.99999e-01,9.99999e-01,3.54420e-67,9.99999e-01,8.70838e-01
1.685024845e+01,4.11964e-69,9.99999e-01,9.99999e-01,4.75165e-69,9.99999e-01,8.66991e-01
1.693449969e+01,1.03139e-85,9.99999e-01,9.99999e-01,1.19493e-85,9.99999e-01,8.63141e-01
1.701917219e+01,8.88187e-92,9.99999e-01,9.99999e-01,1.03389e-91,9.99999e-01,8.59075e-01
1.710426805e+01,6.32810e-118,9.99999e-01,9.99999e-01,7.40149e-118,9.99999e-01,8.54976e-01
1.718978939e+01,7.02955e-129,9.99999e-01,9.99999e-01,8.26163e-129,9.99999e-01,8.50866e-01
1.727573834e+01,2.54263e-132,9.99999e-01,9.99999e-01,3.00409e-132,9.99999e-01,8.46389e-01
1.736211703e+01,3.00667e-141,9.99999e-01,9.99999e-01,3.57287e-141,9.99999e-01,8.41528e-01
1.744892761e+01,2.49523e-121,9.99999e-01,9.99999e-01,2.98237e-121,9.99999e-01,8.36661e-01
1.753617225e+01,6.17276e-97,9.99999e-01,9.99999e-01,7.42097e-97,9.99999e-01,8.31799e-01
1.762385311e+01,1.54406e-95,9.99999e-01,9.99999e-01,1.86735e-95,9.99999e-01,8.26870e-01
1.771197238e+01,1.35186e-101,9.99999e-01,9.99999e-01,1.64473e-101,9.99999e-01,8.21932e-01
1.780053224e+01,1.32420e-110,9.99999e-01,9.99999e-01,1.62083e-110,9.99999e-01,8.16991e-01
1.788953490e+01,1.69146e-119,9.99999e-01,9.99999e-01,2.08433e-119,9.99999e-01,8.11513e-01
1.797898258e+01,4.46814e-137,9.99999e-01,9.99999e-01,5.54779e-137,9.99999e-01,8.05392e-01
1.806887749e+01,1.14966e-139,9.99999e-01,9.99999e-01,1.43838e-139,9.99999e-01,7.99273e-01
1.815922188e+01,4.01256e-186,9.99999e-01,9.99999e-01,5.05887e-186,9.99999e-01,7.93173e-01
1.825001799e+01,3.59531e-139,9.99999e-01,9.99999e-01,4.56823e-139,9.99999e-01,7.87025e-01
1.834126808e+01,2.81921e-134,9.99999e-01,9.99999e-01,3.61041e-134,9.99999e-01,7.80854e-01
1.843297442e+01,1.47237e-135,9.99999e-01,9.99999e-01,1.90060e-135,9.99999e-01,7.74689e-01
1.852513929e+01,7.37927e-182,9.99999e-01,9.99999e-01,9.60189e-182,9.99999e-01,7.68522e-01
1.861776499e+01,4.88878e-221,9.99999e-01,9.99999e-01,6.41368e-221,9.99999e-01,7.62243e-01
1.871085381e+01,4.17145e-173,9.99999e-01,9.99999e-01,5.51801e-173,9.99999e-01,7.55969e-01
1.880440808e+01,1.28913e-147,9.99999e-01,9.99999e-01,1.71951e-147,9.99999e-01,7.49707e-01
1.889843012e+01,2.06671e-150,9.99999e-01,9.99999e-01,2.77977e-150,9.99999e-01,7.43481e-01
1.899292227e+01,3.68299e-204,9.99999e-01,9.99999e-01,4.99521e-204,9.99999e-01,7.37303e-01
1.908788688e+01,1.08783e-198,9.99999e-01,9.99999e-01,1.48784e-198,9.99999e-01,7.31147e-01
1.918332632e+01,1.88456e-199,9.99999e-01,9.99999e-01,2.59938e-199,9.99999e-01,7.25002e-01
1.927924295e+01,2.80318e-246,9.99999e-01,9.99999e-01,3.90168e-246,9.99999e-01,7.18454e-01
1.937563916e+01,0.00000e+00,9.99999e-01,9.99999e-01,0.00000e+00,9.99999e-01,7.11641e-01
1.947251736e+01,0.00000e+00,9.99999e-01,9.99999e-01,0.00000e+00,9.99999e-01,7.04865e-01
1.956987994e+01,0.00000e+00,9.99999e-01,9.99999e-01,0.00000e+00,9.99999e-01,6.98109e-01
1.966772934e+01,1.58670e-307,9.99999e-01,9.99999e-01,2.29729e-307,9.99999e-01,6.90681e-01
1.976606799e+01,3.06282e-302,9.99999e-01,9.99999e-01,4.48431e-302,9.99999e-01,6.83007e-01
1.986489833e+01,3.21637e-321,9.99999e-01,9.99999e-01,4.76773e-321,9.99999e-01,6.75356e-01
1.996422282e+01,4.37352e-300,9.99999e-01,9.99999e-01,6.54953e-300,9.99999e-01,6.67760e-01
