#,Wave/freq,Total,N2,O2,H2O,Rayleigh,CIA
4.000000000e-01,8.37105e-01,9.99999e-01,9.99999e-01,9.99979e-01,8.37122e-01,9.99999e-01
4.020000000e-01,8.40059e-01,9.99999e-01,9.99999e-01,9.99987e-01,8.40070e-01,9.99999e-01
4.040100000e-01,8.42962e-01,9.99999e-01,9.99999e-01,9.99994e-01,8.42966e-01,9.99999e-01
4.060300500e-01,8.45815e-01,9.99999e-01,9.99999e-01,9.99998e-01,8.45816e-01,9.99999e-01
4.080602003e-01,8.48618e-01,9.99999e-01,9.99999e-01,9.99999e-01,8.48618e-01,9.99999e-01
4.101005013e-01,8.51374e-01,9.99999e-01,9.99999e-01,9.99999e-01,8.51374e-01,9.99999e-01
4.121510038e-01,8.54083e-01,9.99999e-01,9.99999e-01,9.99998e-01,8.54084e-01,9.99999e-01
4.142117588e-01,8.56744e-01,9.99999e-01,9.99999e-01,9.99994e-01,8.56749e-01,9.99999e-01
4.162828176e-01,8.59348e-01,9.99999e-01,9.99999e-01,9.99974e-01,8.59369e-01,9.99999e-01
4.183642317e-01,8.61933e-01,9.99999e-01,9.99999e-01,9.99984e-01,8.61946e-01,9.99999e-01
4.204560528e-01,8.64471e-01,9.99999e-01,9.99999e-01,9.99990e-01,8.64479e-01,9.99999e-01
4.225583331e-01,8.66966e-01,9.99999e-01,9.99999e-01,9.99996e-01,8.66969e-01,9.99999e-01
4.246711247e-01,8.69415e-01,9.99999e-01,9.99999e-01,9.99996e-01,8.69417e-01,9.99999e-01
4.267944804e-01,8.71820e-01,9.99999e-01,9.99999e-01,9.99995e-01,8.71824e-01,9.99999e-01
4.289284528e-01,8.74186e-01,9.99999e-01,9.99999e-01,9.99996e-01,8.74189e-01,9.99999e-01
4.310730950e-01,8.76513e-01,9.99999e-01,9.99999e-01,9.99998e-01,8.76514e-01,9.99999e-01
4.332284605e-01,8.78798e-01,9.99999e-01,9.99999e-01,9.99999e-01,8.78799e-01,9.99999e-01
4.353946028e-01,8.81044e-01,9.99999e-01,9.99999e-01,9.99999e-01,8.81044e-01,9.99999e-01
4.375715758e-01,8.83249e-01,9.99999e-01,9.99999e-01,9.99997e-01,8.83251e-01,9.99999e-01
4.397594337e-01,8.85400e-01,9.99999e-01,9.99999e-01,9.99977e-01,8.85420e-01,9.99999e-01
4.419582309e-01,8.87453e-01,9.99999e-01,9.99999e-01,9.99889e-01,8.87550e-01,9.99999e-01
4.441680220e-01,8.89567e-01,9.99999e-01,9.99999e-01,9.99912e-01,8.89644e-01,9.99999e-01
4.463888621e-01,8.91621e-01,9.99999e-01,9.99999e-01,9.99909e-01,8.91701e-01,9.99999e-01
4.486208064e-01,8.93672e-01,9.99999e-01,9.99999e-01,9.99943e-01,8.93723e-01,9.99999e-01
4.508639105e-01,8.95685e-01,9.99999e-01,9.99999e-01,9.99973e-01,8.95708e-01,9.99999e-01
4.531182300e-01,8.97650e-01,9.99999e-01,9.99999e-01,9.99989e-01,8.97659e-01,9.99999e-01
4.553838212e-01,8.99569e-01,9.99999e-01,9.99999e-01,9.99992e-01,8.99575e-01,9.99999e-01
4.576607403e-01,9.01455e-01,9.99999e-01,9.99999e-01,9.99996e-01,9.01458e-01,9.99999e-01
4.599490440e-01,9.03305e-01,9.99999e-01,9.99999e-01,9.99997e-01,9.03307e-01,9.99999e-01
4.622487892e-01,9.05123e-01,9.99999e-01,9.99999e-01,9.99999e-01,9.05123e-01,9.99999e-01
4.645600332e-01,9.06906e-01,9.99999e-01,9.99999e-01,9.99997e-01,9.06907e-01,9.99999e-01
4.668828333e-01,9.08635e-01,9.99999e-01,9.99999e-01,9.99973e-01,9.08659e-01,9.99999e-01
4.692172475e-01,9.10329e-01,9.99999e-01,9.99999e-01,9.99943e-01,9.10380e-01,9.99999e-01
4.715633337e-01,9.12036e-01,9.99999e-01,9.99999e-01,9.99962e-01,9.12070e-01,9.99999e-01
4.739211504e-01,9.13697e-01,9.99999e-01,9.99999e-01,9.99964e-01,9.13730e-01,9.99999e-01
4.762907561e-01,9.15343e-01,9.99999e-01,9.99999e-01,9.99981e-01,9.15359e-01,9.99999e-01
4.786722099e-01,9.16953e-01,9.99999e-01,9.99999e-01,9.99991e-01,9.16960e-01,9.99999e-01
4.810655710e-01,9.18529e-01,9.99999e-01,9.99999e-01,9.99997e-01,9.18531e-01,9.99999e-01
4.834708988e-01,9.20055e-01,9.99999e-01,9.99999e-01,9.99978e-01,9.20074e-01,9.99999e-01
4.858882533e-01,9.21553e-01,9.99999e-01,9.99999e-01,9.99959e-01,9.21589e-01,9.99999e-01
4.883176946e-01,9.23046e-01,9.99999e-01,9.99999e-01,9.99966e-01,9.23077e-01,9.99999e-01
4.907592831e-01,9.24510e-01,9.99999e-01,9.99999e-01,9.99969e-01,9.24538e-01,9.99999e-01
4.932130795e-01,9.25952e-01,9.99999e-01,9.99999e-01,9.99978e-01,9.25972e-01,9.99999e-01
4.956791449e-01,9.27369e-01,9.99999e-01,9.99999e-01,9.99988e-01,9.27379e-01,9.99999e-01
4.981575406e-01,9.28709e-01,9.99999e-01,9.99999e-01,9.99942e-01,9.28761e-01,9.99999e-01
5.006483283e-01,9.29982e-01,9.99999e-01,9.99999e-01,9.99853e-01,9.30118e-01,9.99998e-01
5.031515699e-01,9.30749e-01,9.99999e-01,9.99999e-01,9.99254e-01,9.31450e-01,9.99991e-01
5.056673278e-01,9.32382e-01,9.99999e-01,9.99999e-01,9.99605e-01,9.32757e-01,9.99990e-01
5.081956644e-01,9.33571e-01,9.99999e-01,9.99999e-01,9.99502e-01,9.34041e-01,9.99993e-01
5.107366428e-01,9.34986e-01,9.99999e-01,9.99999e-01,9.99663e-01,9.35301e-01,9.99998e-01
5.132903260e-01,9.36357e-01,9.99999e-01,9.99999e-01,9.99807e-01,9.36537e-01,9.99999e-01
5.158567776e-01,9.37675e-01,9.99999e-01,9.99999e-01,9.99918e-01,9.37751e-01,9.99999e-01
5.184360615e-01,9.38912e-01,9.99999e-01,9.99999e-01,9.99967e-01,9.38942e-01,9.99999e-01
5.210282418e-01,9.40100e-01,9.99999e-01,9.99999e-01,9.99987e-01,9.40111e-01,9.99999e-01
5.236333830e-01,9.41213e-01,9.99999e-01,9.99999e-01,9.99950e-01,9.41259e-01,9.99999e-01
5.262515499e-01,9.42356e-01,9.99999e-01,9.99999e-01,9.99969e-01,9.42385e-01,9.99999e-01
5.288828077e-01,9.43464e-01,9.99999e-01,9.99999e-01,9.99971e-01,9.43490e-01,9.99999e-01
5.315272217e-01,9.44551e-01,9.99999e-01,9.99999e-01,9.99974e-01,9.44575e-01,9.99999e-01
5.341848578e-01,9.45624e-01,9.99999e-01,9.99999e-01,9.99983e-01,9.45639e-01,9.99999e-01
5.368557821e-01,9.46630e-01,9.99999e-01,9.99999e-01,9.99943e-01,9.46684e-01,9.99999e-01
5.395400610e-01,9.47515e-01,9.99999e-01,9.99999e-01,9.99797e-01,9.47709e-01,9.99997e-01
5.422377613e-01,9.48459e-01,9.99999e-01,9.99999e-01,9.99735e-01,9.48715e-01,9.99994e-01
5.449489501e-01,9.49465e-01,9.99999e-01,9.99999e-01,9.99754e-01,9.49702e-01,9.99994e-01
5.476736949e-01,9.50461e-01,9.99999e-01,9.99999e-01,9.99781e-01,9.50670e-01,9.99997e-01
5.504120634e-01,9.51470e-01,9.99999e-01,9.99999e-01,9.99841e-01,9.51621e-01,9.99998e-01
5.531641237e-01,9.52477e-01,9.99999e-01,9.99999e-01,9.99919e-01,9.52553e-01,9.99999e-01
5.559299443e-01,9.53432e-01,9.99999e-01,9.99999e-01,9.99961e-01,9.53468e-01,9.99999e-01
5.587095940e-01,9.54343e-01,9.99999e-01,9.99999e-01,9.99975e-01,9.54366e-01,9.99999e-01
5.615031420e-01,9.55221e-01,9.99999e-01,9.99999e-01,9.99972e-01,9.55247e-01,9.99999e-01
5.643106577e-01,9.56082e-01,9.99999e-01,9.99999e-01,9.99969e-01,9.56111e-01,9.99999e-01
5.671322110e-01,9.56608e-01,9.99999e-01,9.99999e-01,9.99636e-01,9.56959e-01,9.99996e-01
5.699678720e-01,9.57404e-01,9.99999e-01,9.99999e-01,9.99604e-01,9.57791e-01,9.99989e-01
5.728177114e-01,9.58209e-01,9.99999e-01,9.99999e-01,9.99591e-01,9.58607e-01,9.99991e-01
5.756818000e-01,9.59044e-01,9.99999e-01,9.99999e-01,9.99624e-01,9.59408e-01,9.99994e-01
5.785602090e-01,9.59878e-01,9.99999e-01,9.99999e-01,9.99672e-01,9.60194e-01,9.99997e-01
5.814530100e-01,9.60649e-01,9.99999e-01,9.99999e-01,9.99671e-01,9.60964e-01,9.99998e-01
5.843602750e-01,9.61345e-01,9.99999e-01,9.99999e-01,9.99611e-01,9.61721e-01,9.99997e-01
5.872820764e-01,9.59213e-01,9.99999e-01,9.99999e-01,9.96646e-01,9.62462e-01,9.99975e-01
5.902184868e-01,9.59190e-01,9.99999e-01,9.99999e-01,9.95911e-01,9.63190e-01,9.99935e-01
5.931695792e-01,9.61065e-01,9.99999e-01,9.99999e-01,9.97116e-01,9.63904e-01,9.99936e-01
5.961354271e-01,9.61514e-01,9.99999e-01,9.99999e-01,9.96834e-01,9.64604e-01,9.99961e-01
5.991161043e-01,9.63050e-01,9.99999e-01,9.99999e-01,9.97689e-01,9.65291e-01,9.99988e-01
6.021116848e-01,9.64695e-01,9.99999e-01,9.99999e-01,9.98686e-01,9.65965e-01,9.99998e-01
6.051222432e-01,9.65983e-01,9.99999e-01,9.99999e-01,9.99335e-01,9.66625e-01,9.99999e-01
6.081478544e-01,9.66997e-01,9.99999e-01,9.99999e-01,9.99713e-01,9.67274e-01,9.99999e-01
6.111885937e-01,9.67792e-01,9.99999e-01,9.99999e-01,9.99878e-01,9.67910e-01,9.99999e-01
6.142445367e-01,9.68481e-01,9.99999e-01,9.99999e-01,9.99945e-01,9.68533e-01,9.99999e-01
6.173157594e-01,9.69116e-01,9.99999e-01,9.99999e-01,9.99969e-01,9.69145e-01,9.99999e-01
6.204023382e-01,9.69721e-01,9.99999e-01,9.99999e-01,9.99974e-01,9.69745e-01,9.99999e-01
6.235043498e-01,9.70228e-01,9.99999e-01,9.99999e-01,9.99890e-01,9.70334e-01,9.99999e-01
6.266218716e-01,9.70337e-01,9.99999e-01,9.99999e-01,9.99412e-01,9.70911e-01,9.99995e-01
6.297549810e-01,9.71261e-01,9.99999e-01,9.99999e-01,9.99784e-01,9.71478e-01,9.99991e-01
6.329037559e-01,9.71612e-01,9.99999e-01,9.99999e-01,9.99572e-01,9.72033e-01,9.99992e-01
6.360682746e-01,9.72222e-01,9.99999e-01,9.99999e-01,9.99637e-01,9.72578e-01,9.99995e-01
6.392486160e-01,9.72653e-01,9.99999e-01,9.99999e-01,9.99529e-01,9.73112e-01,9.99997e-01
6.424448591e-01,9.73025e-01,9.99999e-01,9.99999e-01,9.99374e-01,9.73636e-01,9.99996e-01
6.456570834e-01,9.71307e-01,9.99999e-01,9.99999e-01,9.97097e-01,9.74150e-01,9.99983e-01
6.488853688e-01,9.72164e-01,9.99999e-01,9.99999e-01,9.97489e-01,9.74654e-01,9.99954e-01
6.521297956e-01,9.72982e-01,9.99999e-01,9.99999e-01,9.97815e-01,9.75148e-01,9.99961e-01
6.553904446e-01,9.73501e-01,9.99999e-01,9.99999e-01,9.97842e-01,9.75633e-01,9.99971e-01
6.586673968e-01,9.74282e-01,9.99999e-01,9.99999e-01,9.98137e-01,9.76109e-01,9.99990e-01
6.619607338e-01,9.75522e-01,9.99999e-01,9.99999e-01,9.98923e-01,9.76575e-01,9.99997e-01
6.652705375e-01,9.76421e-01,9.99999e-01,9.99999e-01,9.99375e-01,9.77032e-01,9.99998e-01
6.685968902e-01,9.77197e-01,9.99999e-01,9.99999e-01,9.99709e-01,9.77481e-01,9.99999e-01
6.719398746e-01,9.77789e-01,9.99999e-01,9.99999e-01,9.99865e-01,9.77921e-01,9.99999e-01
6.752995740e-01,9.78281e-01,9.99999e-01,9.99999e-01,9.99926e-01,9.78352e-01,9.99999e-01
6.786760719e-01,9.78673e-01,9.99999e-01,9.99999e-01,9.99895e-01,9.78775e-01,9.99999e-01
6.820694522e-01,9.79014e-01,9.99999e-01,9.99999e-01,9.99820e-01,9.79190e-01,9.99998e-01
6.854797995e-01,9.79369e-01,9.99999e-01,9.99999e-01,9.99768e-01,9.79597e-01,9.99997e-01
6.889071985e-01,9.79450e-01,9.99999e-01,9.99999e-01,9.99447e-01,9.79996e-01,9.99994e-01
6.923517345e-01,9.71448e-01,9.99999e-01,9.99999e-01,9.90925e-01,9.80387e-01,9.99955e-01
6.958134932e-01,9.75969e-01,9.99999e-01,9.99999e-01,9.95201e-01,9.80771e-01,9.99900e-01
6.992925606e-01,9.76655e-01,9.99999e-01,9.99999e-01,9.95508e-01,9.81147e-01,9.99912e-01
7.027890234e-01,9.75978e-01,9.99999e-01,9.99999e-01,9.94423e-01,9.81516e-01,9.99932e-01
7.063029686e-01,9.77244e-01,9.99999e-01,9.99999e-01,9.95313e-01,9.81877e-01,9.99966e-01
7.098344834e-01,9.77797e-01,9.99999e-01,9.99999e-01,9.95503e-01,9.82232e-01,9.99979e-01
7.133836558e-01,9.76711e-01,9.99999e-01,9.99999e-01,9.94065e-01,9.82580e-01,9.99960e-01
7.169505741e-01,9.36360e-01,9.99999e-01,9.99999e-01,9.52922e-01,9.82921e-01,9.99692e-01
7.205353270e-01,9.59518e-01,9.99999e-01,9.99999e-01,9.76385e-01,9.83256e-01,9.99458e-01
7.241380036e-01,9.54058e-01,9.99999e-01,9.99999e-01,9.70435e-01,9.83584e-01,9.99531e-01
7.277586936e-01,9.57235e-01,9.99999e-01,9.99999e-01,9.73264e-01,9.83905e-01,9.99617e-01
7.313974871e-01,9.55972e-01,9.99999e-01,9.99999e-01,9.71471e-01,9.84221e-01,9.99820e-01
7.350544745e-01,9.69058e-01,9.99999e-01,9.99999e-01,9.84345e-01,9.84530e-01,9.99937e-01
7.387297469e-01,9.73436e-01,9.99999e-01,9.99999e-01,9.88455e-01,9.84833e-01,9.99970e-01
7.424233956e-01,9.79538e-01,9.99999e-01,9.99999e-01,9.94327e-01,9.85130e-01,9.99994e-01
7.461355126e-01,9.82036e-01,9.99999e-01,9.99999e-01,9.96564e-01,9.85422e-01,9.99998e-01
7.498661902e-01,9.84127e-01,9.99999e-01,9.99999e-01,9.98396e-01,9.85708e-01,9.99999e-01
7.536155211e-01,9.85214e-01,9.99999e-01,9.99999e-01,9.99214e-01,9.85988e-01,9.99999e-01
7.573835987e-01,9.85864e-01,9.99999e-01,9.99999e-01,9.99595e-01,9.86263e-01,9.99999e-01
7.611705167e-01,9.86285e-01,9.99999e-01,9.99999e-01,9.99748e-01,9.86532e-01,9.99999e-01
7.649763693e-01,9.86642e-01,9.99999e-01,9.99999e-01,9.99842e-01,9.86797e-01,9.99999e-01
7.688012511e-01,9.86948e-01,9.99999e-01,9.99999e-01,9.99890e-01,9.87056e-01,9.99999e-01
7.726452574e-01,9.87221e-01,9.99999e-01,9.99999e-01,9.99909e-01,9.87310e-01,9.99999e-01
7.765084837e-01,9.87433e-01,9.99999e-01,9.99999e-01,9.99872e-01,9.87559e-01,9.99999e-01
7.803910261e-01,9.87261e-01,9.99999e-01,9.99999e-01,9.99450e-01,9.87803e-01,9.99998e-01
7.842929812e-01,9.86147e-01,9.99999e-01,9.99999e-01,9.98084e-01,9.88043e-01,9.99995e-01
7.882144461e-01,9.84332e-01,9.99999e-01,9.99999e-01,9.96031e-01,9.88277e-01,9.99975e-01
7.921555184e-01,9.86301e-01,9.99999e-01,9.99999e-01,9.97814e-01,9.88508e-01,9.99952e-01
7.961162960e-01,9.84903e-01,9.99999e-01,9.99999e-01,9.96170e-01,9.88733e-01,9.99954e-01
8.000968774e-01,9.84517e-01,9.99999e-01,9.99999e-01,9.95559e-01,9.88955e-01,9.99951e-01
8.040973618e-01,9.84746e-01,9.99999e-01,9.99999e-01,9.95562e-01,9.89171e-01,9.99961e-01
8.081178486e-01,9.79522e-01,9.99999e-01,9.99999e-01,9.90066e-01,9.89384e-01,9.99963e-01
8.121584379e-01,9.49002e-01,9.99999e-01,9.99999e-01,9.59116e-01,9.89593e-01,9.99859e-01
8.162192301e-01,9.41083e-01,9.99999e-01,9.99999e-01,9.51284e-01,9.89797e-01,9.99472e-01
8.203003262e-01,9.65360e-01,9.99999e-01,9.99999e-01,9.75714e-01,9.89998e-01,9.99382e-01
8.244018279e-01,9.55638e-01,9.99999e-01,9.99999e-01,9.65575e-01,9.90194e-01,9.99508e-01
8.285238370e-01,9.61094e-01,9.99999e-01,9.99999e-01,9.70795e-01,9.90387e-01,9.99613e-01
8.326664562e-01,9.61092e-01,9.99999e-01,9.99999e-01,9.70389e-01,9.90576e-01,9.99840e-01
8.368297885e-01,9.69672e-01,9.99999e-01,9.99999e-01,9.78749e-01,9.90761e-01,9.99963e-01
8.410139374e-01,9.78359e-01,9.99999e-01,9.99999e-01,9.87321e-01,9.90943e-01,9.99978e-01
8.452190071e-01,9.84925e-01,9.99999e-01,9.99999e-01,9.93760e-01,9.91121e-01,9.99986e-01
8.494451021e-01,9.87704e-01,9.99999e-01,9.99999e-01,9.96386e-01,9.91296e-01,9.99989e-01
8.536923276e-01,9.89336e-01,9.99999e-01,9.99999e-01,9.97856e-01,9.91467e-01,9.99992e-01
8.579607893e-01,9.90327e-01,9.99999e-01,9.99999e-01,9.98682e-01,9.91635e-01,9.99997e-01
8.622505932e-01,9.90968e-01,9.99999e-01,9.99999e-01,9.99161e-01,9.91799e-01,9.99999e-01
8.665618462e-01,9.91448e-01,9.99999e-01,9.99999e-01,9.99482e-01,9.91960e-01,9.99999e-01
8.708946554e-01,9.91532e-01,9.99999e-01,9.99999e-01,9.99408e-01,9.92119e-01,9.99999e-01
8.752491287e-01,9.91488e-01,9.99999e-01,9.99999e-01,9.99208e-01,9.92274e-01,9.99998e-01
8.796253743e-01,9.91339e-01,9.99999e-01,9.99999e-01,9.98906e-01,9.92426e-01,9.99997e-01
8.840235012e-01,9.91327e-01,9.99999e-01,9.99999e-01,9.98750e-01,9.92575e-01,9.99991e-01
8.884436187e-01,9.88233e-01,9.99999e-01,9.99999e-01,9.95500e-01,9.92721e-01,9.99977e-01
8.928858368e-01,9.46188e-01,9.99999e-01,9.99999e-01,9.53107e-01,9.92864e-01,9.99874e-01
8.973502660e-01,9.10942e-01,9.99999e-01,9.99999e-01,9.17947e-01,9.93005e-01,9.99358e-01
9.018370173e-01,9.49494e-01,9.99999e-01,9.99999e-01,9.57014e-01,9.93142e-01,9.98992e-01
9.063462024e-01,9.55198e-01,9.99999e-01,9.99999e-01,9.62514e-01,9.93277e-01,9.99114e-01
9.108779334e-01,9.34864e-01,9.99999e-01,9.99999e-01,9.41931e-01,9.93410e-01,9.99079e-01
9.154323231e-01,9.27477e-01,9.99999e-01,9.99999e-01,9.34217e-01,9.93539e-01,9.99239e-01
9.200094847e-01,9.41597e-01,9.99999e-01,9.99999e-01,9.48001e-01,9.93666e-01,9.99573e-01
9.246095321e-01,9.14758e-01,9.99999e-01,9.99999e-01,9.20923e-01,9.93791e-01,9.99509e-01
9.292325798e-01,5.69649e-01,9.99999e-01,9.99999e-01,5.74234e-01,9.93913e-01,9.98088e-01
9.338787427e-01,4.79950e-01,9.99999e-01,9.99999e-01,4.86663e-01,9.94033e-01,9.92124e-01
9.385481364e-01,7.36311e-01,9.99999e-01,9.99999e-01,7.47640e-01,9.94151e-01,9.90640e-01
9.432408771e-01,6.60325e-01,9.99999e-01,9.99999e-01,6.69542e-01,9.94266e-01,9.91919e-01
9.479570815e-01,5.68757e-01,9.99999e-01,9.99999e-01,5.75760e-01,9.94379e-01,9.93418e-01
9.526968669e-01,6.52607e-01,9.99999e-01,9.99999e-01,6.58870e-01,9.94490e-01,9.95980e-01
9.574603512e-01,6.75987e-01,9.99999e-01,9.99999e-01,6.81049e-01,9.94598e-01,9.97955e-01
9.622476530e-01,7.26039e-01,9.99999e-01,9.99999e-01,7.30936e-01,9.94704e-01,9.98586e-01
9.670588912e-01,8.29737e-01,9.99999e-01,9.99999e-01,8.34873e-01,9.94809e-01,9.99032e-01
9.718941857e-01,8.88201e-01,9.99999e-01,9.99999e-01,8.93379e-01,9.94911e-01,9.99287e-01
9.767536566e-01,9.05647e-01,9.99999e-01,9.99999e-01,9.10682e-01,9.95011e-01,9.99455e-01
9.816374249e-01,9.28169e-01,9.99999e-01,9.99999e-01,9.32905e-01,9.95110e-01,9.99811e-01
9.865456120e-01,9.52907e-01,9.99999e-01,9.99999e-01,9.57534e-01,9.95206e-01,9.99960e-01
9.914783401e-01,9.68967e-01,9.99999e-01,9.99999e-01,9.73552e-01,9.95300e-01,9.99988e-01
9.964357318e-01,9.80963e-01,9.99999e-01,9.99999e-01,9.85509e-01,9.95393e-01,9.99993e-01
1.001417910e+00,9.86804e-01,9.99999e-01,9.99999e-01,9.91290e-01,9.95484e-01,9.99989e-01
1.006425000e+00,9.90616e-01,9.99999e-01,9.99999e-01,9.95034e-01,9.95573e-01,9.99985e-01
1.011457125e+00,9.92571e-01,9.99999e-01,9.99999e-01,9.96909e-01,9.95660e-01,9.99986e-01
1.016514411e+00,9.93649e-01,9.99999e-01,9.99999e-01,9.97903e-01,9.95746e-01,9.99990e-01
1.021596983e+00,9.94158e-01,9.99999e-01,9.99999e-01,9.98329e-01,9.95829e-01,9.99990e-01
1.026704968e+00,9.94609e-01,9.99999e-01,9.99999e-01,9.98697e-01,9.95912e-01,9.99993e-01
1.031838492e+00,9.95047e-01,9.99999e-01,9.99999e-01,9.99051e-01,9.95992e-01,9.99997e-01
1.036997685e+00,9.95511e-01,9.99999e-01,9.99999e-01,9.99437e-01,9.96071e-01,9.99999e-01
1.042182673e+00,9.95483e-01,9.99999e-01,9.99999e-01,9.99331e-01,9.96149e-01,9.99999e-01
1.047393587e+00,9.95340e-01,9.99999e-01,9.99999e-01,9.99112e-01,9.96224e-01,9.99999e-01
1.052630555e+00,9.95087e-01,9.99999e-01,9.99999e-01,9.98783e-01,9.96299e-01,9.99999e-01
1.057893707e+00,9.94350e-01,9.99999e-01,9.99999e-01,9.97971e-01,9.96372e-01,9.99998e-01
1.063183176e+00,9.93114e-01,9.99999e-01,9.99999e-01,9.96660e-01,9.96443e-01,9.99997e-01
1.068499092e+00,9.90936e-01,9.99999e-01,9.99999e-01,9.94406e-01,9.96513e-01,9.99995e-01
1.073841587e+00,9.90061e-01,9.99999e-01,9.99999e-01,9.93464e-01,9.96582e-01,9.99991e-01
1.079210795e+00,9.88268e-01,9.99999e-01,9.99999e-01,9.91611e-01,9.96650e-01,9.99977e-01
1.084606849e+00,9.84046e-01,9.99999e-01,9.99999e-01,9.87341e-01,9.96716e-01,9.99945e-01
1.090029883e+00,9.78664e-01,9.99999e-01,9.99999e-01,9.81934e-01,9.96780e-01,9.99887e-01
1.095480033e+00,9.48270e-01,9.99999e-01,9.99999e-01,9.51463e-01,9.96844e-01,9.99797e-01
1.100957433e+00,8.78201e-01,9.99999e-01,9.99999e-01,8.81254e-01,9.96906e-01,9.99627e-01
1.106462220e+00,7.23316e-01,9.99999e-01,9.99999e-01,7.25973e-01,9.96967e-01,9.99369e-01
1.111994531e+00,5.07162e-01,9.99999e-01,9.99999e-01,5.09527e-01,9.97027e-01,9.98326e-01
1.117554504e+00,3.33601e-01,9.99999e-01,9.99999e-01,3.36605e-01,9.97085e-01,9.93972e-01
1.123142276e+00,4.42974e-01,9.99999e-01,9.99999e-01,4.50657e-01,9.97143e-01,9.85766e-01
1.128757988e+00,5.87588e-01,9.99999e-01,9.99999e-01,5.99091e-01,9.97199e-01,9.83552e-01
1.134401778e+00,3.31571e-01,9.99999e-01,9.99999e-01,3.37205e-01,9.97255e-01,9.85997e-01
1.140073787e+00,7.25654e-01,9.99999e-01,9.99999e-01,7.35856e-01,9.97309e-01,9.88796e-01
1.145774156e+00,5.21481e-01,9.99999e-01,9.99999e-01,5.28281e-01,9.97362e-01,9.89739e-01
1.151503026e+00,4.88088e-01,9.99999e-01,9.99999e-01,4.92173e-01,9.97414e-01,9.94270e-01
1.157260541e+00,5.48849e-01,9.99999e-01,9.99999e-01,5.51190e-01,9.97465e-01,9.98283e-01
1.163046844e+00,6.41206e-01,9.99999e-01,9.99999e-01,6.43116e-01,9.97515e-01,9.99512e-01
1.168862078e+00,7.33459e-01,9.99999e-01,9.99999e-01,7.35434e-01,9.97564e-01,9.99748e-01
1.174706389e+00,8.25032e-01,9.99999e-01,9.99999e-01,8.27281e-01,9.97612e-01,9.99667e-01
1.180579921e+00,8.88357e-01,9.99999e-01,9.99999e-01,8.90888e-01,9.97659e-01,9.99496e-01
1.186482820e+00,9.34207e-01,9.99999e-01,9.99999e-01,9.36838e-01,9.97705e-01,9.99483e-01
1.192415234e+00,9.60135e-01,9.99999e-01,9.99999e-01,9.62671e-01,9.97750e-01,9.99613e-01
1.198377311e+00,9.65998e-01,9.99999e-01,9.99999e-01,9.68486e-01,9.97795e-01,9.99634e-01
1.204369197e+00,9.67718e-01,9.99999e-01,9.99999e-01,9.70134e-01,9.97838e-01,9.99669e-01
1.210391043e+00,9.69164e-01,9.99999e-01,9.99999e-01,9.71417e-01,9.97881e-01,9.99798e-01
1.216442998e+00,9.73451e-01,9.99999e-01,9.99999e-01,9.75597e-01,9.97923e-01,9.99876e-01
1.222525213e+00,9.78893e-01,9.99999e-01,9.99999e-01,9.80964e-01,9.97964e-01,9.99923e-01
1.228637839e+00,9.84748e-01,9.99999e-01,9.99999e-01,9.86752e-01,9.98004e-01,9.99963e-01
1.234781029e+00,9.88192e-01,9.99999e-01,9.99999e-01,9.90138e-01,9.98043e-01,9.99989e-01
1.240954934e+00,9.91850e-01,9.99999e-01,9.99999e-01,9.93758e-01,9.98082e-01,9.99996e-01
1.247159708e+00,9.93262e-01,9.99999e-01,9.99999e-01,9.95134e-01,9.98120e-01,9.99997e-01
1.253395507e+00,9.93847e-01,9.99999e-01,9.99999e-01,9.95684e-01,9.98157e-01,9.99997e-01
1.259662485e+00,9.94104e-01,9.99999e-01,9.99999e-01,9.95906e-01,9.98193e-01,9.99995e-01
1.265960797e+00,9.91689e-01,9.99999e-01,9.99999e-01,9.93454e-01,9.98229e-01,9.99993e-01
1.272290601e+00,9.88673e-01,9.99999e-01,9.99999e-01,9.90403e-01,9.98264e-01,9.99988e-01
1.278652054e+00,9.78118e-01,9.99999e-01,9.99999e-01,9.79804e-01,9.98298e-01,9.99979e-01
1.285045314e+00,9.66764e-01,9.99999e-01,9.99999e-01,9.68414e-01,9.98331e-01,9.99962e-01
1.291470541e+00,9.35835e-01,9.99999e-01,9.99999e-01,9.37428e-01,9.98364e-01,9.99934e-01
1.297927893e+00,9.17476e-01,9.99999e-01,9.99999e-01,9.19060e-01,9.98397e-01,9.99878e-01
1.304417533e+00,8.95226e-01,9.99999e-01,9.99999e-01,8.96865e-01,9.98428e-01,9.99742e-01
1.310939621e+00,8.81358e-01,9.99999e-01,9.99999e-01,8.83183e-01,9.98459e-01,9.99472e-01
1.317494319e+00,8.71203e-01,9.99999e-01,9.99999e-01,8.73371e-01,9.98490e-01,9.99023e-01
1.324081790e+00,8.14535e-01,9.99999e-01,9.99999e-01,8.17042e-01,9.98519e-01,9.98407e-01
1.330702199e+00,4.56773e-01,9.99999e-01,9.99999e-01,4.58695e-01,9.98549e-01,9.97255e-01
1.337355710e+00,1.30705e-01,9.99999e-01,9.99999e-01,1.31586e-01,9.98577e-01,9.94721e-01
1.344042489e+00,7.95247e-03,9.99999e-01,9.99999e-01,8.09152e-03,9.98605e-01,9.84186e-01
1.350762701e+00,3.63370e-05,9.99999e-01,9.99999e-01,3.84275e-05,9.98633e-01,9.46889e-01
1.357516515e+00,5.17872e-07,9.99999e-01,9.99999e-01,6.08639e-07,9.98660e-01,8.52008e-01
1.364304097e+00,7.43532e-05,9.99999e-01,9.99999e-01,9.85762e-05,9.98686e-01,7.55262e-01
1.371125618e+00,1.53735e-03,9.99999e-01,9.99999e-01,2.00567e-03,9.98712e-01,7.67486e-01
1.377981246e+00,4.04069e-03,9.99999e-01,9.99999e-01,5.07598e-03,9.98738e-01,7.97046e-01
1.384871152e+00,1.12622e-04,9.99999e-01,9.99999e-01,1.39621e-04,9.98762e-01,8.07624e-01
1.391795508e+00,1.09252e-04,9.99999e-01,9.99999e-01,1.33904e-04,9.98787e-01,8.16891e-01
1.398754485e+00,5.07905e-04,9.99999e-01,9.99999e-01,6.00595e-04,9.98811e-01,8.46675e-01
1.405748258e+00,5.11578e-04,9.99999e-01,9.99999e-01,5.64513e-04,9.98834e-01,9.07285e-01
1.412776999e+00,5.35692e-04,9.99999e-01,9.99999e-01,5.60666e-04,9.98857e-01,9.56548e-01
1.419840884e+00,9.43041e-04,9.99999e-01,9.99999e-01,9.62667e-04,9.98880e-01,9.80709e-01
1.426940089e+00,4.14688e-03,9.99999e-01,9.99999e-01,4.21332e-03,9.98902e-01,9.85310e-01
1.434074789e+00,1.51694e-02,9.99999e-01,9.99999e-01,1.54532e-02,9.98924e-01,9.82688e-01
1.441245163e+00,3.85889e-02,9.99999e-01,9.99999e-01,3.93673e-02,9.98945e-01,9.81262e-01
1.448451389e+00,9.94322e-02,9.99999e-01,9.99999e-01,1.01197e-01,9.98966e-01,9.83574e-01
1.455693646e+00,2.13280e-01,9.99999e-01,9.99999e-01,2.16265e-01,9.98986e-01,9.87195e-01
1.462972114e+00,2.64068e-01,9.99999e-01,9.99999e-01,2.67599e-01,9.99006e-01,9.87784e-01
1.470286975e+00,2.12220e-01,9.99999e-01,9.99999e-01,2.15008e-01,9.99026e-01,9.87991e-01
1.477638409e+00,2.50920e-01,9.99999e-01,9.99999e-01,2.53216e-01,9.99045e-01,9.91877e-01
1.485026601e+00,3.22883e-01,9.99999e-01,9.99999e-01,3.24401e-01,9.99064e-01,9.96253e-01
1.492451734e+00,4.29853e-01,9.99999e-01,9.99999e-01,4.30954e-01,9.99082e-01,9.98360e-01
1.499913993e+00,5.66618e-01,9.99999e-01,9.99999e-01,5.67530e-01,9.99100e-01,9.99292e-01
1.507413563e+00,6.63637e-01,9.99999e-01,9.99999e-01,6.64443e-01,9.99118e-01,9.99667e-01
1.514950631e+00,7.72999e-01,9.99999e-01,9.99999e-01,7.73787e-01,9.99135e-01,9.99844e-01
1.522525384e+00,8.46552e-01,9.99999e-01,9.99999e-01,8.47318e-01,9.99152e-01,9.99942e-01
1.530138011e+00,8.84540e-01,9.99999e-01,9.99999e-01,8.85292e-01,9.99169e-01,9.99979e-01
1.537788701e+00,9.32961e-01,9.99999e-01,9.99999e-01,9.33728e-01,9.99185e-01,9.99990e-01
1.545477645e+00,9.56305e-01,9.99999e-01,9.99999e-01,9.57073e-01,9.99202e-01,9.99994e-01
1.553205033e+00,9.64249e-01,9.99999e-01,9.99999e-01,9.65006e-01,9.99217e-01,9.99996e-01
1.560971058e+00,9.77301e-01,9.99999e-01,9.99999e-01,9.78053e-01,9.99233e-01,9.99997e-01
1.568775913e+00,9.84787e-01,9.99999e-01,9.99999e-01,9.85529e-01,9.99248e-01,9.99997e-01
1.576619793e+00,9.87988e-01,9.99999e-01,9.99999e-01,9.88717e-01,9.99263e-01,9.99997e-01
1.584502892e+00,9.92421e-01,9.99999e-01,9.99999e-01,9.93141e-01,9.99277e-01,9.99997e-01
1.592425406e+00,9.92943e-01,9.99999e-01,9.99999e-01,9.93649e-01,9.99291e-01,9.99996e-01
1.600387533e+00,9.94927e-01,9.99999e-01,9.99999e-01,9.95620e-01,9.99305e-01,9.99996e-01
1.608389471e+00,9.94788e-01,9.99999e-01,9.99999e-01,9.95468e-01,9.99319e-01,9.99996e-01
1.616431418e+00,9.94710e-01,9.99999e-01,9.99999e-01,9.95376e-01,9.99333e-01,9.99996e-01
1.624513575e+00,9.94401e-01,9.99999e-01,9.99999e-01,9.95054e-01,9.99346e-01,9.99996e-01
1.632636143e+00,9.91613e-01,9.99999e-01,9.99999e-01,9.92253e-01,9.99359e-01,9.99995e-01
1.640799324e+00,9.89055e-01,9.99999e-01,9.99999e-01,9.89683e-01,9.99371e-01,9.99992e-01
1.649003321e+00,9.86191e-01,9.99999e-01,9.99999e-01,9.86807e-01,9.99384e-01,9.99990e-01
1.657248337e+00,9.82086e-01,9.99999e-01,9.99999e-01,9.82688e-01,9.99396e-01,9.99989e-01
1.665534579e+00,9.75901e-01,9.99999e-01,9.99999e-01,9.76488e-01,9.99408e-01,9.99989e-01
1.673862252e+00,9.67301e-01,9.99999e-01,9.99999e-01,9.67875e-01,9.99419e-01,9.99986e-01
1.682231563e+00,9.71441e-01,9.99999e-01,9.99999e-01,9.72012e-01,9.99431e-01,9.99980e-01
1.690642721e+00,9.50904e-01,9.99999e-01,9.99999e-01,9.51462e-01,9.99442e-01,9.99969e-01
1.699095934e+00,9.43158e-01,9.99999e-01,9.99999e-01,9.43716e-01,9.99453e-01,9.99953e-01
1.707591414e+00,9.39687e-01,9.99999e-01,9.99999e-01,9.40256e-01,9.99464e-01,9.99929e-01
1.716129371e+00,9.25592e-01,9.99999e-01,9.99999e-01,9.26172e-01,9.99474e-01,9.99897e-01
1.724710018e+00,8.90222e-01,9.99999e-01,9.99999e-01,8.90813e-01,9.99485e-01,9.99850e-01
1.733333568e+00,8.59922e-01,9.99999e-01,9.99999e-01,8.60558e-01,9.99495e-01,9.99764e-01
1.742000236e+00,7.95837e-01,9.99999e-01,9.99999e-01,7.96527e-01,9.99505e-01,9.99627e-01
1.750710237e+00,6.52464e-01,9.99999e-01,9.99999e-01,6.53169e-01,9.99515e-01,9.99403e-01
1.759463788e+00,4.48161e-01,9.99999e-01,9.99999e-01,4.48826e-01,9.99524e-01,9.98990e-01
1.768261107e+00,2.22324e-01,9.99999e-01,9.99999e-01,2.22815e-01,9.99534e-01,9.98260e-01
1.777102413e+00,8.32612e-02,9.99999e-01,9.99999e-01,8.35267e-02,9.99543e-01,9.97276e-01
1.785987925e+00,1.54986e-02,9.99999e-01,9.99999e-01,1.55738e-02,9.99552e-01,9.95617e-01
1.794917864e+00,3.27163e-03,9.99999e-01,9.99999e-01,3.30146e-03,9.99561e-01,9.91400e-01
1.803892454e+00,7.76204e-05,9.99999e-01,9.99999e-01,7.90744e-05,9.99569e-01,9.82033e-01
1.812911916e+00,1.22432e-05,9.99999e-01,9.99999e-01,1.27124e-05,9.99578e-01,9.63494e-01
1.821976476e+00,1.67749e-05,9.99999e-01,9.99999e-01,1.82171e-05,9.99586e-01,9.21212e-01
1.831086358e+00,2.41390e-06,9.99999e-01,9.99999e-01,2.92059e-06,9.99594e-01,8.26844e-01
1.840241790e+00,1.97110e-05,9.99999e-01,9.99999e-01,2.71782e-05,9.99602e-01,7.25538e-01
1.849442999e+00,6.37623e-05,9.99999e-01,9.99999e-01,9.38224e-05,9.99610e-01,6.79869e-01
1.858690214e+00,4.69718e-07,9.99999e-01,9.99999e-01,6.90909e-07,9.99618e-01,6.80114e-01
1.867983665e+00,9.96731e-08,9.99999e-01,9.99999e-01,1.42164e-07,9.99625e-01,7.01373e-01
1.877323583e+00,1.39418e-03,9.99999e-01,9.99999e-01,1.90769e-03,9.99633e-01,7.31089e-01
1.886710201e+00,2.35940e-03,9.99999e-01,9.99999e-01,3.10309e-03,9.99640e-01,7.60612e-01
1.896143752e+00,5.50411e-03,9.99999e-01,9.99999e-01,7.19836e-03,9.99647e-01,7.64902e-01
1.905624471e+00,1.28062e-04,9.99999e-01,9.99999e-01,1.63516e-04,9.99654e-01,7.83448e-01
1.915152593e+00,1.44643e-05,9.99999e-01,9.99999e-01,1.72260e-05,9.99661e-01,8.39964e-01
1.924728356e+00,3.56130e-06,9.99999e-01,9.99999e-01,3.93171e-06,9.99667e-01,9.06090e-01
1.934351998e+00,2.08580e-06,9.99999e-01,9.99999e-01,2.18731e-06,9.99674e-01,9.53902e-01
1.944023758e+00,1.83268e-04,9.99999e-01,9.99999e-01,1.86381e-04,9.99680e-01,9.83608e-01
1.953743877e+00,7.38161e-04,9.99999e-01,9.99999e-01,7.43514e-04,9.99687e-01,9.93109e-01
1.963512596e+00,8.19957e-03,9.99999e-01,9.99999e-01,8.23079e-03,9.99693e-01,9.96511e-01
1.973330159e+00,2.40226e-02,9.99999e-01,9.99999e-01,2.40738e-02,9.99699e-01,9.98173e-01
1.983196810e+00,1.55300e-01,9.99999e-01,9.99999e-01,1.55501e-01,9.99705e-01,9.98998e-01
1.993112794e+00,2.33330e-01,9.99999e-01,9.99999e-01,2.33525e-01,9.99711e-01,9.99453e-01
2.003078358e+00,4.11695e-01,9.99999e-01,9.99999e-01,4.11938e-01,9.99716e-01,9.99692e-01
2.013093750e+00,5.63044e-01,9.99999e-01,9.99999e-01,5.63303e-01,9.99722e-01,9.99816e-01
2.023159218e+00,7.17452e-01,9.99999e-01,9.99999e-01,7.17740e-01,9.99727e-01,9.99870e-01
2.033275015e+00,7.73859e-01,9.99999e-01,9.99999e-01,7.74146e-01,9.99733e-01,9.99895e-01
2.043441390e+00,8.53064e-01,9.99999e-01,9.99999e-01,8.53380e-01,9.99738e-01,9.99890e-01
2.053658597e+00,8.79017e-01,9.99999e-01,9.99999e-01,8.79375e-01,9.99743e-01,9.99848e-01
2.063926890e+00,9.17290e-01,9.99998e-01,9.99999e-01,9.17732e-01,9.99748e-01,9.99769e-01
2.074246524e+00,9.27724e-01,9.99997e-01,9.99999e-01,9.28293e-01,9.99753e-01,9.99634e-01
2.084617757e+00,9.51724e-01,9.99996e-01,9.99999e-01,9.52506e-01,9.99758e-01,9.99421e-01
2.095040845e+00,9.61413e-01,9.99994e-01,9.99999e-01,9.62482e-01,9.99763e-01,9.99129e-01
2.105516050e+00,9.66215e-01,9.99993e-01,9.99999e-01,9.67631e-01,9.99767e-01,9.98773e-01
2.116043630e+00,9.67322e-01,9.99994e-01,9.99999e-01,9.69006e-01,9.99772e-01,9.98493e-01
2.126623848e+00,9.79195e-01,9.99994e-01,9.99999e-01,9.81076e-01,9.99777e-01,9.98308e-01
2.137256967e+00,9.79976e-01,9.99995e-01,9.99999e-01,9.82046e-01,9.99781e-01,9.98114e-01
2.147943252e+00,9.80246e-01,9.99997e-01,9.99999e-01,9.82683e-01,9.99785e-01,9.97734e-01
2.158682968e+00,9.81375e-01,9.99986e-01,9.99999e-01,9.84189e-01,9.99789e-01,9.97362e-01
2.169476383e+00,9.80942e-01,9.99995e-01,9.99999e-01,9.83156e-01,9.99794e-01,9.97957e-01
2.180323765e+00,9.79134e-01,9.99996e-01,9.99999e-01,9.80806e-01,9.99798e-01,9.98498e-01
2.191225384e+00,9.75170e-01,9.99996e-01,9.99999e-01,9.76587e-01,9.99802e-01,9.98748e-01
2.202181511e+00,9.69693e-01,9.99997e-01,9.99999e-01,9.70818e-01,9.99806e-01,9.99036e-01
2.213192418e+00,9.69977e-01,9.99997e-01,9.99999e-01,9.70811e-01,9.99809e-01,9.99331e-01
2.224258381e+00,9.64593e-01,9.99998e-01,9.99999e-01,9.65186e-01,9.99813e-01,9.99572e-01
2.235379672e+00,9.70441e-01,9.99998e-01,9.99999e-01,9.70867e-01,9.99817e-01,9.99743e-01
2.246556571e+00,9.47679e-01,9.99998e-01,9.99999e-01,9.48002e-01,9.99820e-01,9.99837e-01
2.257789354e+00,9.60223e-01,9.99999e-01,9.99999e-01,9.60504e-01,9.99824e-01,9.99882e-01
2.269078300e+00,9.03371e-01,9.99999e-01,9.99999e-01,9.03614e-01,9.99827e-01,9.99902e-01
2.280423692e+00,9.20095e-01,9.99999e-01,9.99999e-01,9.20343e-01,9.99831e-01,9.99898e-01
2.291825810e+00,8.48324e-01,9.99999e-01,9.99999e-01,8.48565e-01,9.99834e-01,9.99881e-01
2.303284939e+00,8.63330e-01,9.99999e-01,9.99999e-01,8.63609e-01,9.99837e-01,9.99838e-01
2.314801364e+00,7.77764e-01,9.99999e-01,9.99999e-01,7.78064e-01,9.99840e-01,9.99773e-01
2.326375371e+00,7.67902e-01,9.99999e-01,9.99999e-01,7.68253e-01,9.99844e-01,9.99697e-01
2.338007248e+00,7.39468e-01,9.99999e-01,9.99999e-01,7.39885e-01,9.99847e-01,9.99587e-01
2.349697284e+00,5.99728e-01,9.99999e-01,9.99999e-01,6.00152e-01,9.99850e-01,9.99442e-01
2.361445770e+00,6.58266e-01,9.99999e-01,9.99999e-01,6.58870e-01,9.99853e-01,9.99229e-01
2.373252999e+00,5.70078e-01,9.99999e-01,9.99999e-01,5.70765e-01,9.99856e-01,9.98938e-01
2.385119264e+00,3.81092e-01,9.99999e-01,9.99999e-01,3.81689e-01,9.99858e-01,9.98574e-01
2.397044861e+00,5.43764e-01,9.99999e-01,9.99999e-01,5.45004e-01,9.99861e-01,9.97862e-01
2.409030085e+00,3.29527e-01,9.99999e-01,9.99999e-01,3.30599e-01,9.99864e-01,9.96892e-01
2.421075235e+00,3.41344e-01,9.99999e-01,9.99999e-01,3.42885e-01,9.99867e-01,9.95639e-01
2.433180612e+00,2.05732e-01,9.99999e-01,9.99999e-01,2.07007e-01,9.99869e-01,9.93969e-01
2.445346515e+00,8.06309e-02,9.99999e-01,9.99999e-01,8.13240e-02,9.99872e-01,9.91603e-01
2.457573247e+00,4.59857e-02,9.99999e-01,9.99999e-01,4.65636e-02,9.99874e-01,9.87711e-01
2.469861113e+00,4.73793e-03,9.99999e-01,9.99999e-01,4.82490e-03,9.99877e-01,9.82093e-01
2.482210419e+00,4.87705e-05,9.99999e-01,9.99999e-01,5.00714e-05,9.99879e-01,9.74134e-01
2.494621471e+00,1.54095e-07,9.99999e-01,9.99999e-01,1.60139e-07,9.99881e-01,9.62369e-01
2.507094578e+00,2.13009e-11,9.99999e-01,9.99999e-01,2.26283e-11,9.99884e-01,9.41450e-01
2.519630051e+00,1.43023e-19,9.99999e-01,9.99999e-01,1.58661e-19,9.99886e-01,9.01537e-01
2.532228202e+00,9.81817e-26,9.99999e-01,9.99999e-01,1.18659e-25,9.99888e-01,8.27522e-01
2.544889343e+00,1.12385e-34,9.99999e-01,9.99999e-01,1.64091e-34,9.99891e-01,6.84970e-01
2.557613789e+00,4.38646e-34,9.99999e-01,9.99999e-01,9.18113e-34,9.99893e-01,4.77820e-01
2.570401858e+00,5.79609e-56,9.99999e-01,9.99999e-01,2.31105e-55,9.99895e-01,2.50825e-01
2.583253867e+00,5.31245e-48,9.99999e-01,9.99999e-01,4.75392e-47,9.99897e-01,1.11760e-01
2.596170137e+00,2.74580e-41,9.99999e-01,9.99999e-01,4.30414e-40,9.99899e-01,6.38007e-02
2.609150988e+00,8.88894e-30,9.99999e-01,9.99999e-01,2.10449e-28,9.99901e-01,4.22421e-02
2.622196742e+00,2.39644e-25,9.99999e-01,9.99999e-01,6.06751e-24,9.99903e-01,3.95000e-02
2.635307726e+00,1.22295e-12,9.99999e-01,9.99999e-01,2.50743e-11,9.99905e-01,4.87776e-02
2.648484265e+00,8.23355e-15,9.99999e-01,9.99999e-01,1.57950e-13,9.99907e-01,5.21323e-02
2.661726686e+00,9.46705e-25,9.99999e-01,9.99999e-01,1.90107e-23,9.99908e-01,4.98031e-02
2.675035320e+00,1.10040e-83,9.99999e-01,9.99999e-01,2.15255e-82,9.99910e-01,5.11253e-02
2.688410496e+00,7.98224e-42,9.99999e-01,9.99999e-01,1.33357e-40,9.99912e-01,5.98614e-02
2.701852549e+00,1.13083e-36,9.99999e-01,9.99999e-01,1.73131e-35,9.99914e-01,6.53218e-02
2.715361811e+00,2.23456e-36,9.99999e-01,9.99999e-01,3.11583e-35,9.99915e-01,7.17224e-02
2.728938620e+00,3.05434e-26,9.99999e-01,9.99999e-01,3.28623e-25,9.99917e-01,9.29511e-02
2.742583314e+00,8.41960e-28,9.99999e-01,9.99999e-01,5.61389e-27,9.99919e-01,1.49990e-01
2.756296230e+00,9.78917e-29,9.99999e-01,9.99999e-01,3.71454e-28,9.99920e-01,2.63557e-01
2.770077711e+00,1.64851e-38,9.99999e-01,9.99999e-01,3.89758e-38,9.99922e-01,4.22990e-01
2.783928100e+00,2.07774e-38,9.99999e-01,9.99999e-01,3.80133e-38,9.99923e-01,5.46622e-01
2.797847740e+00,2.59648e-29,9.99999e-01,9.99999e-01,3.88295e-29,9.99925e-01,6.68735e-01
2.811836979e+00,4.60671e-31,9.99999e-01,9.99999e-01,5.89826e-31,9.99926e-01,7.81085e-01
2.825896164e+00,6.50972e-27,9.99999e-01,9.99999e-01,7.63526e-27,9.99928e-01,8.52646e-01
2.840025645e+00,6.56394e-21,9.99999e-01,9.99999e-01,7.36658e-21,9.99929e-01,8.91104e-01
2.854225773e+00,1.40033e-18,9.99999e-01,9.99999e-01,1.52749e-18,9.99930e-01,9.16816e-01
2.868496902e+00,1.64630e-17,9.99999e-01,9.99999e-01,1.74518e-17,9.99932e-01,9.43406e-01
2.882839386e+00,5.25185e-14,9.99999e-01,9.99999e-01,5.46263e-14,9.99933e-01,9.61477e-01
2.897253583e+00,5.96236e-12,9.99999e-01,9.99999e-01,6.13970e-12,9.99934e-01,9.71177e-01
2.911739851e+00,2.56398e-08,9.99999e-01,9.99999e-01,2.62256e-08,9.99936e-01,9.77727e-01
2.926298550e+00,1.90430e-06,9.99999e-01,9.99999e-01,1.93631e-06,9.99937e-01,9.83529e-01
2.940930043e+00,3.03341e-06,9.99999e-01,9.99999e-01,3.07430e-06,9.99938e-01,9.86758e-01
2.955634693e+00,6.39991e-06,9.99999e-01,9.99999e-01,6.47695e-06,9.99939e-01,9.88163e-01
2.970412867e+00,1.03080e-05,9.99999e-01,9.99999e-01,1.04166e-05,9.99941e-01,9.89635e-01
2.985264931e+00,2.87643e-04,9.99999e-01,9.99999e-01,2.90469e-04,9.99942e-01,9.90325e-01
3.000191256e+00,4.94571e-04,9.99999e-01,9.99999e-01,4.99537e-04,9.99943e-01,9.90113e-01
3.015192212e+00,2.57810e-03,9.99999e-01,9.99999e-01,2.60797e-03,9.99944e-01,9.88599e-01
3.030268173e+00,7.17455e-03,9.99999e-01,9.99999e-01,7.27573e-03,9.99945e-01,9.86145e-01
3.045419514e+00,1.80281e-03,9.99999e-01,9.99999e-01,1.83223e-03,9.99946e-01,9.83999e-01
3.060646612e+00,2.41450e-02,9.99999e-01,9.99999e-01,2.46191e-02,9.99947e-01,9.80796e-01
3.075949845e+00,2.72721e-02,9.99999e-01,9.99999e-01,2.78678e-02,9.99948e-01,9.78673e-01
3.091329594e+00,1.84308e-02,9.99999e-01,9.99999e-01,1.88578e-02,9.99949e-01,9.77404e-01
3.106786242e+00,5.09066e-02,9.99999e-01,9.99999e-01,5.20824e-02,9.99950e-01,9.77472e-01
3.122320173e+00,7.40919e-02,9.99999e-01,9.99999e-01,7.57009e-02,9.99951e-01,9.78791e-01
3.137931774e+00,8.51454e-02,9.99999e-01,9.99999e-01,8.67619e-02,9.99952e-01,9.81414e-01
3.153621433e+00,1.88968e-01,9.99999e-01,9.99999e-01,1.92198e-01,9.99953e-01,9.83238e-01
3.169389540e+00,2.22109e-01,9.99999e-01,9.99999e-01,2.26049e-01,9.99954e-01,9.82611e-01
3.185236488e+00,1.58067e-01,9.99999e-01,9.99999e-01,1.61306e-01,9.99955e-01,9.79959e-01
3.201162670e+00,2.46388e-02,9.99999e-01,9.99999e-01,2.52075e-02,9.99956e-01,9.77481e-01
3.217168483e+00,7.13057e-02,9.99999e-01,9.99999e-01,7.30977e-02,9.99957e-01,9.75524e-01
3.233254326e+00,1.61283e-01,9.99999e-01,9.99999e-01,1.65259e-01,9.99957e-01,9.75980e-01
3.249420598e+00,2.77210e-01,9.99999e-01,9.99999e-01,2.83322e-01,9.99958e-01,9.78466e-01
3.265667701e+00,1.62456e-01,9.99999e-01,9.99999e-01,1.65606e-01,9.99959e-01,9.81016e-01
3.281996039e+00,2.35853e-01,9.99999e-01,9.99999e-01,2.39682e-01,9.99960e-01,9.84062e-01
3.298406019e+00,8.43069e-02,9.99999e-01,9.99999e-01,8.54111e-02,9.99961e-01,9.87109e-01
3.314898049e+00,7.21599e-02,9.99999e-01,9.99999e-01,7.28635e-02,9.99961e-01,9.90380e-01
3.331472540e+00,1.40295e-01,9.99999e-01,9.99999e-01,1.41276e-01,9.99962e-01,9.93092e-01
3.348129902e+00,1.26872e-01,9.99999e-01,9.99999e-01,1.27507e-01,9.99963e-01,9.95057e-01
3.364870552e+00,1.87428e-01,9.99999e-01,9.99999e-01,1.88737e-01,9.99963e-01,9.93097e-01
3.381694905e+00,2.21486e-01,9.99999e-01,9.99999e-01,2.22544e-01,9.99964e-01,9.95277e-01
3.398603379e+00,3.42306e-01,9.99999e-01,9.99999e-01,3.43878e-01,9.99965e-01,9.95462e-01
3.415596396e+00,4.46765e-01,9.99999e-01,9.99999e-01,4.48712e-01,9.99966e-01,9.95692e-01
3.432674378e+00,4.76576e-01,9.99999e-01,9.99999e-01,4.77730e-01,9.99966e-01,9.97617e-01
3.449837750e+00,6.02937e-01,9.99999e-01,9.99999e-01,6.03928e-01,9.99967e-01,9.98390e-01
3.467086939e+00,7.04063e-01,9.99999e-01,9.99999e-01,7.05370e-01,9.99968e-01,9.98177e-01
3.484422373e+00,7.21167e-01,9.99999e-01,9.99999e-01,7.22662e-01,9.99968e-01,9.97962e-01
3.501844485e+00,8.28142e-01,9.99999e-01,9.99999e-01,8.29307e-01,9.99969e-01,9.98624e-01
3.519353708e+00,8.54210e-01,9.99999e-01,9.99999e-01,8.54664e-01,9.99969e-01,9.99497e-01
3.536950476e+00,8.68538e-01,9.99999e-01,9.99999e-01,8.68806e-01,9.99970e-01,9.99720e-01
3.554635228e+00,9.16051e-01,9.99999e-01,9.99999e-01,9.16485e-01,9.99970e-01,9.99554e-01
3.572408405e+00,9.18954e-01,9.99999e-01,9.99999e-01,9.19492e-01,9.99971e-01,9.99442e-01
3.590270447e+00,9.42806e-01,9.99999e-01,9.99999e-01,9.43417e-01,9.99972e-01,9.99379e-01
3.608221799e+00,9.54930e-01,9.99999e-01,9.99999e-01,9.55755e-01,9.99972e-01,9.99163e-01
3.626262908e+00,9.61045e-01,9.99999e-01,9.99999e-01,9.62049e-01,9.99973e-01,9.98981e-01
3.644394222e+00,9.75845e-01,9.99999e-01,9.99999e-01,9.77202e-01,9.99973e-01,9.98636e-01
3.662616193e+00,9.61012e-01,9.99999e-01,9.99999e-01,9.62698e-01,9.99974e-01,9.98273e-01
3.680929274e+00,9.37443e-01,9.99999e-01,9.99999e-01,9.39541e-01,9.99974e-01,9.97791e-01
3.699333921e+00,9.68520e-01,9.99999e-01,9.99999e-01,9.71253e-01,9.99975e-01,9.97210e-01
3.717830590e+00,9.74086e-01,9.99999e-01,9.99999e-01,9.77571e-01,9.99975e-01,9.96458e-01
3.736419743e+00,9.69254e-01,9.99999e-01,9.99999e-01,9.73762e-01,9.99976e-01,9.95394e-01
3.755101842e+00,9.66330e-01,9.99998e-01,9.99999e-01,9.71905e-01,9.99976e-01,9.94286e-01
3.773877351e+00,9.69707e-01,9.99998e-01,9.99999e-01,9.76792e-01,9.99977e-01,9.92769e-01
3.792746738e+00,9.62856e-01,9.99997e-01,9.99999e-01,9.71963e-01,9.99977e-01,9.90653e-01
3.811710472e+00,9.54295e-01,9.99995e-01,9.99999e-01,9.65735e-01,9.99977e-01,9.88178e-01
3.830769024e+00,9.48721e-01,9.99993e-01,9.99999e-01,9.63070e-01,9.99978e-01,9.85125e-01
3.849922869e+00,9.28970e-01,9.99989e-01,9.99999e-01,9.46780e-01,9.99978e-01,9.81219e-01
3.869172484e+00,9.15031e-01,9.99984e-01,9.99999e-01,9.37230e-01,9.99979e-01,9.76348e-01
3.888518346e+00,9.35781e-01,9.99973e-01,9.99999e-01,9.64942e-01,9.99979e-01,9.69823e-01
3.907960938e+00,9.23670e-01,9.99967e-01,9.99999e-01,9.60985e-01,9.99979e-01,9.61218e-01
3.927500742e+00,7.37239e-01,9.99944e-01,9.99999e-01,7.75980e-01,9.99980e-01,9.50138e-01
3.947138246e+00,8.00222e-01,9.99922e-01,9.99999e-01,8.55130e-01,9.99980e-01,9.35875e-01
3.966873937e+00,6.12394e-01,9.99911e-01,9.99999e-01,6.67428e-01,9.99981e-01,9.17627e-01
3.986708307e+00,8.34639e-01,9.99856e-01,9.99999e-01,9.32371e-01,9.99981e-01,8.95318e-01
4.006641849e+00,8.47317e-01,9.99813e-01,9.99999e-01,9.75380e-01,9.99981e-01,8.68880e-01
4.026675058e+00,8.15237e-01,9.99847e-01,9.99999e-01,9.71621e-01,9.99982e-01,8.39189e-01
4.046808433e+00,7.80569e-01,9.99838e-01,9.99999e-01,9.65942e-01,9.99982e-01,8.08233e-01
4.067042475e+00,7.47386e-01,9.99768e-01,9.99999e-01,9.60793e-01,9.99982e-01,7.78076e-01
4.087377688e+00,7.19215e-01,9.99729e-01,9.99999e-01,9.58079e-01,9.99983e-01,7.50897e-01
4.107814576e+00,6.87072e-01,9.99684e-01,9.99999e-01,9.42278e-01,9.99983e-01,7.29399e-01
4.128353649e+00,6.51359e-01,9.99681e-01,9.99999e-01,9.10761e-01,9.99983e-01,7.15416e-01
4.148995417e+00,6.31066e-01,9.99781e-01,9.99999e-01,8.90346e-01,9.99984e-01,7.08948e-01
4.169740394e+00,5.90169e-01,9.99796e-01,9.99999e-01,8.31278e-01,9.99984e-01,7.10103e-01
4.190589096e+00,5.70855e-01,9.99810e-01,9.99999e-01,7.97482e-01,9.99984e-01,7.15962e-01
4.211542042e+00,5.02885e-01,9.99824e-01,9.99999e-01,7.00858e-01,9.99985e-01,7.17658e-01
4.232599752e+00,4.78350e-01,9.99893e-01,9.99999e-01,6.75537e-01,9.99985e-01,7.08182e-01
4.253762751e+00,4.12883e-01,9.99924e-01,9.99999e-01,6.07846e-01,9.99985e-01,6.79313e-01
4.275031564e+00,3.15526e-01,9.99878e-01,9.99999e-01,5.02715e-01,9.99985e-01,6.27724e-01
4.296406722e+00,2.47704e-01,9.98804e-01,9.99999e-01,4.05747e-01,9.99986e-01,6.11160e-01
4.317888756e+00,2.97765e-01,9.99764e-01,9.99999e-01,4.55365e-01,9.99986e-01,6.54055e-01
4.339478200e+00,2.67241e-01,9.99861e-01,9.99999e-01,3.72552e-01,9.99986e-01,7.17427e-01
4.361175591e+00,2.37316e-01,9.99888e-01,9.99999e-01,3.13295e-01,9.99986e-01,7.57565e-01
4.382981469e+00,2.47597e-01,9.99880e-01,9.99999e-01,3.18076e-01,9.99987e-01,7.78509e-01
4.404896376e+00,2.36743e-01,9.99833e-01,9.99999e-01,2.99464e-01,9.99987e-01,7.90665e-01
4.426920858e+00,1.56026e-01,9.99832e-01,9.99999e-01,1.94788e-01,9.99987e-01,8.01107e-01
4.449055462e+00,2.52046e-01,9.99882e-01,9.99999e-01,3.10082e-01,9.99987e-01,8.12930e-01
4.471300739e+00,1.83950e-01,9.99877e-01,9.99999e-01,2.22338e-01,9.99988e-01,8.27433e-01
4.493657243e+00,2.57760e-01,9.99894e-01,9.99999e-01,3.05280e-01,9.99988e-01,8.44426e-01
4.516125529e+00,1.35548e-01,9.99899e-01,9.99999e-01,1.57160e-01,9.99988e-01,8.62552e-01
4.538706157e+00,2.10216e-01,9.99880e-01,9.99999e-01,2.38485e-01,9.99988e-01,8.81533e-01
4.561399688e+00,1.95102e-01,9.99916e-01,9.99999e-01,2.16751e-01,9.99988e-01,9.00172e-01
4.584206686e+00,2.78201e-01,9.99933e-01,9.99999e-01,3.03296e-01,9.99989e-01,9.17309e-01
4.607127720e+00,1.95262e-01,9.99934e-01,9.99999e-01,2.09379e-01,9.99989e-01,9.32621e-01
4.630163358e+00,7.88078e-02,9.99959e-01,9.99999e-01,8.33073e-02,9.99989e-01,9.46019e-01
4.653314175e+00,7.75800e-02,9.99961e-01,9.99999e-01,8.10695e-02,9.99989e-01,9.56990e-01
4.676580746e+00,1.70755e-02,9.99962e-01,9.99999e-01,1.76793e-02,9.99989e-01,9.65868e-01
4.699963650e+00,6.53109e-02,9.99979e-01,9.99999e-01,6.71296e-02,9.99990e-01,9.72929e-01
4.723463468e+00,1.87509e-02,9.99975e-01,9.99999e-01,1.91663e-02,9.99990e-01,9.78345e-01
4.747080785e+00,1.01279e-01,9.99987e-01,9.99999e-01,1.03098e-01,9.99990e-01,9.82372e-01
4.770816189e+00,2.47423e-02,9.99988e-01,9.99999e-01,2.51094e-02,9.99990e-01,9.85391e-01
4.794670270e+00,8.35893e-03,9.99989e-01,9.99999e-01,8.46403e-03,9.99990e-01,9.87595e-01
4.818643622e+00,1.01921e-02,9.99993e-01,9.99999e-01,1.03042e-02,9.99991e-01,9.89128e-01
4.842736840e+00,1.28253e-03,9.99993e-01,9.99999e-01,1.29550e-03,9.99991e-01,9.89991e-01
4.866950524e+00,2.06723e-02,9.99996e-01,9.99999e-01,2.08757e-02,9.99991e-01,9.90265e-01
4.891285276e+00,1.63734e-03,9.99996e-01,9.99999e-01,1.65395e-03,9.99991e-01,9.89963e-01
4.915741703e+00,6.84181e-03,9.99997e-01,9.99999e-01,6.91475e-03,9.99991e-01,9.89459e-01
4.940320411e+00,9.88416e-04,9.99998e-01,9.99999e-01,1.00016e-03,9.99991e-01,9.88267e-01
4.965022013e+00,2.40929e-04,9.99998e-01,9.99999e-01,2.44163e-04,9.99992e-01,9.86760e-01
4.989847123e+00,1.29778e-03,9.99998e-01,9.99999e-01,1.31721e-03,9.99992e-01,9.85254e-01
5.014796359e+00,3.72143e-05,9.99998e-01,9.99999e-01,3.78566e-05,9.99992e-01,9.83040e-01
5.039870341e+00,1.48315e-04,9.99999e-01,9.99999e-01,1.51283e-04,9.99992e-01,9.80387e-01
5.065069693e+00,2.57476e-04,9.99999e-01,9.99999e-01,2.63755e-04,9.99992e-01,9.76197e-01
5.090395041e+00,6.32764e-06,9.99999e-01,9.99999e-01,6.51132e-06,9.99992e-01,9.71797e-01
5.115847016e+00,2.86879e-06,9.99999e-01,9.99999e-01,2.96973e-06,9.99992e-01,9.66015e-01
5.141426251e+00,4.05478e-08,9.99999e-01,9.99999e-01,4.23219e-08,9.99992e-01,9.58086e-01
5.167133383e+00,8.42954e-09,9.99999e-01,9.99999e-01,8.86938e-09,9.99993e-01,9.50414e-01
5.192969049e+00,7.75159e-09,9.99999e-01,9.99999e-01,8.23272e-09,9.99993e-01,9.41564e-01
5.218933895e+00,2.35914e-13,9.99999e-01,9.99999e-01,2.53683e-13,9.99993e-01,9.29959e-01
5.245028564e+00,3.62285e-10,9.99999e-01,9.99999e-01,3.95949e-10,9.99993e-01,9.14982e-01
5.271253707e+00,3.94350e-11,9.99999e-01,9.99999e-01,4.40575e-11,9.99993e-01,8.95085e-01
5.297609976e+00,1.08709e-12,9.99999e-01,9.99999e-01,1.24706e-12,9.99993e-01,8.71724e-01
5.324098025e+00,3.68346e-13,9.99999e-01,9.99999e-01,4.36280e-13,9.99993e-01,8.44293e-01
5.350718516e+00,6.60095e-16,9.99999e-01,9.99999e-01,8.17362e-16,9.99993e-01,8.07595e-01
5.377472108e+00,3.57688e-16,9.99999e-01,9.99999e-01,4.62335e-16,9.99994e-01,7.73659e-01
5.404359469e+00,3.21371e-16,9.99999e-01,9.99999e-01,4.36625e-16,9.99994e-01,7.36037e-01
5.431381266e+00,6.54159e-29,9.99999e-01,9.99999e-01,9.30629e-29,9.99994e-01,7.02925e-01
5.458538172e+00,4.15820e-29,9.99999e-01,9.99999e-01,6.28586e-29,9.99994e-01,6.61519e-01
5.485830863e+00,8.91711e-31,9.99999e-01,9.99999e-01,1.46281e-30,9.99994e-01,6.09588e-01
5.513260018e+00,1.66416e-32,9.99999e-01,9.99999e-01,2.97893e-32,9.99994e-01,5.58645e-01
5.540826318e+00,2.19610e-34,9.99999e-01,9.99999e-01,4.36536e-34,9.99994e-01,5.03075e-01
5.568530449e+00,5.11158e-53,9.99999e-01,9.99999e-01,1.14230e-52,9.99994e-01,4.47483e-01
5.596373101e+00,8.67568e-51,9.99999e-01,9.99999e-01,2.19865e-50,9.99994e-01,3.94592e-01
5.624354967e+00,8.17550e-46,9.99999e-01,9.99999e-01,2.38173e-45,9.99994e-01,3.43260e-01
5.652476742e+00,3.51897e-50,9.99999e-01,9.99999e-01,1.19939e-49,9.99995e-01,2.93399e-01
5.680739126e+00,1.29254e-57,9.99999e-01,9.99999e-01,5.26027e-57,9.99995e-01,2.45719e-01
5.709142821e+00,8.83848e-63,9.99999e-01,9.99999e-01,4.34465e-62,9.99995e-01,2.03435e-01
5.737688535e+00,8.48400e-61,9.99999e-01,9.99999e-01,5.28409e-60,9.99995e-01,1.60558e-01
5.766376978e+00,5.24914e-47,9.99999e-01,9.99999e-01,4.31217e-46,9.99995e-01,1.21729e-01
5.795208863e+00,6.84532e-43,9.99999e-01,9.99999e-01,7.74526e-42,9.99995e-01,8.83810e-02
5.824184907e+00,3.00827e-52,9.99999e-01,9.99999e-01,4.76070e-51,9.99995e-01,6.31898e-02
5.853305832e+00,2.61800e-51,9.99999e-01,9.99999e-01,5.65808e-50,9.99995e-01,4.62703e-02
5.882572361e+00,6.24941e-63,9.99999e-01,9.99999e-01,1.76188e-61,9.99995e-01,3.54702e-02
5.911985223e+00,2.43255e-60,9.99999e-01,9.99999e-01,8.72631e-59,9.99995e-01,2.78761e-02
5.941545149e+00,1.91226e-62,9.99999e-01,9.99999e-01,8.52987e-61,9.99995e-01,2.24184e-02
5.971252874e+00,3.24225e-54,9.99999e-01,9.99999e-01,1.65031e-52,9.99995e-01,1.96464e-02
6.001109139e+00,2.63158e-37,9.99999e-01,9.99999e-01,1.39588e-35,9.99995e-01,1.88525e-02
6.031114685e+00,5.44375e-41,9.99999e-01,9.99999e-01,2.75658e-39,9.99996e-01,1.97482e-02
6.061270258e+00,8.23043e-41,9.99999e-01,9.99999e-01,3.67275e-39,9.99996e-01,2.24095e-02
6.091576609e+00,1.28969e-34,9.99999e-01,9.99999e-01,4.86649e-33,9.99996e-01,2.65016e-02
6.122034492e+00,7.58891e-23,9.99999e-01,9.99999e-01,2.31834e-21,9.99996e-01,3.27343e-02
6.152644665e+00,2.51774e-23,9.99999e-01,9.99999e-01,6.08089e-22,9.99996e-01,4.14043e-02
6.183407888e+00,2.20487e-16,9.99999e-01,9.99999e-01,4.34411e-15,9.99996e-01,5.07554e-02
6.214324928e+00,1.51533e-11,9.99999e-01,9.99999e-01,2.64610e-10,9.99996e-01,5.72668e-02
6.245396552e+00,1.92787e-08,9.99999e-01,9.99999e-01,3.37110e-07,9.99996e-01,5.71883e-02
6.276623535e+00,7.01712e-09,9.99999e-01,9.99999e-01,1.38224e-07,9.99996e-01,5.07663e-02
6.308006653e+00,7.04667e-09,9.99999e-01,9.99999e-01,1.69945e-07,9.99996e-01,4.14646e-02
6.339546686e+00,6.16396e-17,9.99999e-01,9.99999e-01,1.90343e-15,9.99996e-01,3.23835e-02
6.371244419e+00,1.92262e-33,9.99999e-01,9.99999e-01,7.67447e-32,9.99996e-01,2.50522e-02
6.403100641e+00,3.43105e-46,9.99999e-01,9.99999e-01,1.73757e-44,9.99996e-01,1.97463e-02
6.435116145e+00,3.28680e-98,9.99999e-01,9.99999e-01,1.94069e-96,9.99996e-01,1.69363e-02
6.467291725e+00,9.24872e-99,9.99999e-01,9.99999e-01,5.86225e-97,9.99996e-01,1.57768e-02
6.499628184e+00,2.08702e-112,9.99999e-01,9.99999e-01,1.30712e-110,9.99996e-01,1.59665e-02
6.532126325e+00,2.60267e-99,9.99999e-01,9.99999e-01,1.48222e-97,9.99997e-01,1.75594e-02
6.564786956e+00,5.53748e-119,9.99999e-01,9.99999e-01,2.55753e-117,9.99997e-01,2.16517e-02
6.597610891e+00,2.09472e-159,9.99999e-01,9.99999e-01,7.47931e-158,9.99997e-01,2.80069e-02
6.630598946e+00,1.60646e-105,9.99999e-01,9.99999e-01,4.33213e-104,9.99997e-01,3.70825e-02
6.663751940e+00,2.68526e-98,9.99999e-01,9.99999e-01,5.47452e-97,9.99997e-01,4.90502e-02
6.697070700e+00,4.23451e-78,9.99999e-01,9.99999e-01,6.54937e-77,9.99997e-01,6.46553e-02
6.730556054e+00,5.93174e-54,9.99999e-01,9.99999e-01,7.04654e-53,9.99997e-01,8.41795e-02
6.764208834e+00,5.47545e-54,9.99999e-01,9.99999e-01,5.01325e-53,9.99997e-01,1.09220e-01
6.798029878e+00,1.57506e-65,9.99999e-01,9.99999e-01,1.10315e-64,9.99997e-01,1.42778e-01
6.832020027e+00,1.49808e-65,9.99999e-01,9.99999e-01,8.39164e-65,9.99997e-01,1.78521e-01
6.866180128e+00,5.39175e-75,9.99999e-01,9.99999e-01,2.46869e-74,9.99997e-01,2.18405e-01
6.900511028e+00,1.37665e-43,9.99999e-01,9.99999e-01,5.23993e-43,9.99997e-01,2.62724e-01
6.935013583e+00,3.01683e-43,9.99999e-01,9.99999e-01,9.65331e-43,9.99997e-01,3.12518e-01
6.969688651e+00,3.53584e-54,9.99999e-01,9.99999e-01,9.61551e-54,9.99997e-01,3.67723e-01
7.004537095e+00,4.25587e-53,9.99999e-01,9.99999e-01,9.94783e-53,9.99997e-01,4.27819e-01
7.039559780e+00,9.39857e-58,9.99999e-01,9.99999e-01,1.91247e-57,9.99997e-01,4.91436e-01
7.074757579e+00,1.80485e-45,9.99999e-01,9.99999e-01,3.28854e-45,9.99997e-01,5.48831e-01
7.110131367e+00,5.27719e-45,9.99999e-01,9.99999e-01,8.70670e-45,9.99997e-01,6.06107e-01
7.145682024e+00,2.17342e-50,9.99999e-01,9.99999e-01,3.28211e-50,9.99997e-01,6.62203e-01
7.181410434e+00,1.73822e-63,9.99999e-01,9.99999e-01,2.43870e-63,9.99997e-01,7.12765e-01
7.217317486e+00,3.29222e-47,9.99999e-01,9.99999e-01,4.34587e-47,9.99997e-01,7.57551e-01
7.253404073e+00,1.97127e-47,9.99999e-01,9.99999e-01,2.46950e-47,9.99997e-01,7.98246e-01
7.289671094e+00,1.10243e-41,9.99999e-01,9.99999e-01,1.32387e-41,9.99997e-01,8.32729e-01
7.326119449e+00,1.68498e-41,9.99999e-01,9.99999e-01,1.95211e-41,9.99997e-01,8.63159e-01
7.362750046e+00,1.16875e-30,9.99999e-01,9.99999e-01,1.31300e-30,9.99997e-01,8.90136e-01
7.399563797e+00,7.27874e-25,9.99999e-01,9.99999e-01,7.98533e-25,9.99997e-01,9.11514e-01
7.436561616e+00,2.23718e-27,9.99999e-01,9.99999e-01,2.41026e-27,9.99998e-01,9.28192e-01
7.473744424e+00,6.25635e-26,9.99999e-01,9.99999e-01,6.63513e-26,9.99998e-01,9.42913e-01
7.511113146e+00,4.08854e-22,9.99999e-01,9.99999e-01,4.27944e-22,9.99998e-01,9.55392e-01
7.548668712e+00,1.46247e-23,9.99999e-01,9.99999e-01,1.51730e-23,9.99998e-01,9.63868e-01
7.586412055e+00,1.87170e-41,9.99999e-01,9.99999e-01,1.92760e-41,9.99998e-01,9.71003e-01
7.624344115e+00,4.67120e-21,9.99999e-01,9.99999e-01,4.78253e-21,9.99998e-01,9.76721e-01
7.662465836e+00,4.29843e-13,9.99999e-01,9.99999e-01,4.38178e-13,9.99998e-01,9.80977e-01
7.700778165e+00,2.33103e-13,9.99999e-01,9.99999e-01,2.36765e-13,9.99998e-01,9.84532e-01
7.739282056e+00,3.83595e-21,9.99999e-01,9.99999e-01,3.88615e-21,9.99998e-01,9.87084e-01
7.777978466e+00,1.28894e-14,9.99999e-01,9.99999e-01,1.30274e-14,9.99998e-01,9.89401e-01
7.816868359e+00,3.97833e-12,9.99999e-01,9.99999e-01,4.01254e-12,9.99998e-01,9.91476e-01
7.855952700e+00,1.22006e-12,9.99999e-01,9.99999e-01,1.22889e-12,9.99998e-01,9.92817e-01
7.895232464e+00,1.12025e-12,9.99999e-01,9.99999e-01,1.12714e-12,9.99998e-01,9.93895e-01
7.934708626e+00,2.24743e-08,9.99999e-01,9.99999e-01,2.25917e-08,9.99998e-01,9.94801e-01
7.974382169e+00,6.35859e-06,9.99999e-01,9.99999e-01,6.38780e-06,9.99998e-01,9.95427e-01
8.014254080e+00,1.26628e-06,9.99999e-01,9.99999e-01,1.27131e-06,9.99998e-01,9.96039e-01
8.054325351e+00,2.12161e-06,9.99999e-01,9.99999e-01,2.12878e-06,9.99998e-01,9.96631e-01
8.094596977e+00,8.32771e-05,9.99999e-01,9.99999e-01,8.35126e-05,9.99998e-01,9.97180e-01
8.135069962e+00,7.62145e-05,9.99999e-01,9.99999e-01,7.63916e-05,9.99998e-01,9.97682e-01
8.175745312e+00,1.21094e-05,9.99999e-01,9.99999e-01,1.21334e-05,9.99998e-01,9.98026e-01
8.216624039e+00,4.50212e-04,9.99999e-01,9.99999e-01,4.50976e-04,9.99998e-01,9.98307e-01
8.257707159e+00,1.69764e-03,9.99999e-01,9.99999e-01,1.70013e-03,9.99998e-01,9.98539e-01
8.298995695e+00,1.32146e-02,9.99999e-01,9.99999e-01,1.32320e-02,9.99998e-01,9.98681e-01
8.340490673e+00,4.57280e-03,9.99999e-01,9.99999e-01,4.57821e-03,9.99998e-01,9.98817e-01
8.382193126e+00,2.36806e-02,9.99999e-01,9.99999e-01,2.37053e-02,9.99998e-01,9.98959e-01
8.424104092e+00,7.79477e-03,9.99999e-01,9.99999e-01,7.80188e-03,9.99998e-01,9.99088e-01
8.466224613e+00,2.00182e-02,9.99999e-01,9.99999e-01,2.00341e-02,9.99998e-01,9.99207e-01
8.508555736e+00,7.33105e-03,9.99999e-01,9.99999e-01,7.33629e-03,9.99998e-01,9.99286e-01
8.551098514e+00,8.75543e-02,9.99999e-01,9.99999e-01,8.76108e-02,9.99998e-01,9.99355e-01
8.593854007e+00,2.14652e-01,9.99999e-01,9.99999e-01,2.14780e-01,9.99998e-01,9.99402e-01
8.636823277e+00,2.52260e-01,9.99999e-01,9.99999e-01,2.52398e-01,9.99998e-01,9.99451e-01
8.680007393e+00,1.07056e-01,9.99999e-01,9.99999e-01,1.07109e-01,9.99998e-01,9.99502e-01
8.723407430e+00,1.71489e-01,9.99999e-01,9.99999e-01,1.71565e-01,9.99998e-01,9.99554e-01
8.767024467e+00,1.23449e-01,9.99999e-01,9.99999e-01,1.23498e-01,9.99998e-01,9.99606e-01
8.810859590e+00,1.28460e-01,9.99999e-01,9.99999e-01,1.28507e-01,9.99998e-01,9.99635e-01
8.854913888e+00,4.15163e-01,9.99999e-01,9.99999e-01,4.15304e-01,9.99998e-01,9.99661e-01
8.899188457e+00,3.61275e-01,9.99999e-01,9.99999e-01,3.61390e-01,9.99998e-01,9.99681e-01
8.943684399e+00,2.70540e-01,9.99999e-01,9.99999e-01,2.70622e-01,9.99998e-01,9.99699e-01
8.988402821e+00,2.47601e-01,9.99999e-01,9.99999e-01,2.47672e-01,9.99998e-01,9.99713e-01
9.033344836e+00,1.76006e-01,9.99999e-01,9.99999e-01,1.76053e-01,9.99998e-01,9.99729e-01
9.078511560e+00,2.74796e-01,9.99999e-01,9.99999e-01,2.74866e-01,9.99998e-01,9.99745e-01
9.123904118e+00,4.04286e-01,9.99999e-01,9.99999e-01,4.04386e-01,9.99998e-01,9.99753e-01
9.169523638e+00,3.16620e-01,9.99999e-01,9.99999e-01,3.16696e-01,9.99998e-01,9.99758e-01
9.215371256e+00,5.54091e-01,9.99999e-01,9.99999e-01,5.54222e-01,9.99998e-01,9.99763e-01
9.261448113e+00,5.25380e-01,9.99999e-01,9.99999e-01,5.25502e-01,9.99998e-01,9.99768e-01
9.307755353e+00,3.88076e-01,9.99999e-01,9.99999e-01,3.88165e-01,9.99998e-01,9.99771e-01
9.354294130e+00,3.15689e-01,9.99999e-01,9.99999e-01,3.15761e-01,9.99998e-01,9.99773e-01
9.401065601e+00,1.70299e-01,9.99999e-01,9.99999e-01,1.70338e-01,9.99998e-01,9.99772e-01
9.448070929e+00,2.47470e-01,9.99999e-01,9.99999e-01,2.47527e-01,9.99998e-01,9.99769e-01
9.495311283e+00,4.85804e-01,9.99999e-01,9.99999e-01,4.85919e-01,9.99998e-01,9.99763e-01
9.542787840e+00,5.98333e-01,9.99999e-01,9.99999e-01,5.98478e-01,9.99998e-01,9.99757e-01
9.590501779e+00,4.46044e-01,9.99999e-01,9.99999e-01,4.46155e-01,9.99998e-01,9.99750e-01
9.638454288e+00,4.38054e-01,9.99999e-01,9.99999e-01,4.38166e-01,9.99998e-01,9.99743e-01
9.686646559e+00,4.66617e-01,9.99999e-01,9.99999e-01,4.66740e-01,9.99998e-01,9.99736e-01
9.735079792e+00,5.63777e-01,9.99999e-01,9.99999e-01,5.63931e-01,9.99998e-01,9.99727e-01
9.783755191e+00,4.91892e-01,9.99999e-01,9.99999e-01,4.92031e-01,9.99999e-01,9.99717e-01
9.832673967e+00,2.10939e-01,9.99999e-01,9.99999e-01,2.11001e-01,9.99999e-01,9.99706e-01
9.881837337e+00,8.32246e-02,9.99999e-01,9.99999e-01,8.32501e-02,9.99999e-01,9.99693e-01
9.931246523e+00,3.42337e-01,9.99999e-01,9.99999e-01,3.42447e-01,9.99999e-01,9.99679e-01
9.980902756e+00,5.05461e-01,9.99999e-01,9.99999e-01,5.05630e-01,9.99999e-01,9.99664e-01
1.003080727e+01,5.07331e-01,9.99999e-01,9.99999e-01,5.07509e-01,9.99999e-01,9.99648e-01
1.008096131e+01,5.53902e-01,9.99999e-01,9.99999e-01,5.54106e-01,9.99999e-01,9.99632e-01
1.013136611e+01,6.34619e-01,9.99999e-01,9.99999e-01,6.34864e-01,9.99999e-01,9.99614e-01
1.018202294e+01,6.68313e-01,9.99999e-01,9.99999e-01,6.68584e-01,9.99999e-01,9.99595e-01
1.023293306e+01,4.90110e-01,9.99999e-01,9.99999e-01,4.90318e-01,9.99999e-01,9.99575e-01
1.028409772e+01,2.82123e-01,9.99999e-01,9.99999e-01,2.82249e-01,9.99999e-01,9.99554e-01
1.033551821e+01,2.50932e-01,9.99999e-01,9.99999e-01,2.51049e-01,9.99999e-01,9.99531e-01
1.038719580e+01,1.08680e-01,9.99999e-01,9.99999e-01,1.08734e-01,9.99999e-01,9.99508e-01
1.043913178e+01,1.17367e-01,9.99999e-01,9.99999e-01,1.17428e-01,9.99999e-01,9.99482e-01
1.049132744e+01,2.79027e-01,9.99999e-01,9.99999e-01,2.79179e-01,9.99999e-01,9.99455e-01
1.054378408e+01,3.85505e-01,9.99999e-01,9.99999e-01,3.85726e-01,9.99999e-01,9.99427e-01
1.059650300e+01,3.65923e-01,9.99999e-01,9.99999e-01,3.66144e-01,9.99999e-01,9.99397e-01
1.064948551e+01,3.29258e-01,9.99999e-01,9.99999e-01,3.29466e-01,9.99999e-01,9.99366e-01
1.070273294e+01,2.06327e-01,9.99999e-01,9.99999e-01,2.06465e-01,9.99999e-01,9.99332e-01
1.075624661e+01,2.25666e-01,9.99999e-01,9.99999e-01,2.25825e-01,9.99999e-01,9.99298e-01
1.081002784e+01,2.33271e-01,9.99999e-01,9.99999e-01,2.33444e-01,9.99999e-01,9.99261e-01
1.086407798e+01,8.88525e-02,9.99999e-01,9.99999e-01,8.89214e-02,9.99999e-01,9.99225e-01
1.091839837e+01,2.94097e-02,9.99999e-01,9.99999e-01,2.94338e-02,9.99999e-01,9.99183e-01
1.097299036e+01,4.57124e-03,9.99999e-01,9.99999e-01,4.57517e-03,9.99999e-01,9.99141e-01
1.102785531e+01,2.69804e-03,9.99999e-01,9.99999e-01,2.70048e-03,9.99999e-01,9.99095e-01
1.108299459e+01,4.97803e-02,9.99999e-01,9.99999e-01,4.98277e-02,9.99999e-01,9.99049e-01
1.113840956e+01,1.97049e-01,9.99999e-01,9.99999e-01,1.97246e-01,9.99999e-01,9.99000e-01
1.119410161e+01,2.83409e-01,9.99999e-01,9.99999e-01,2.83707e-01,9.99999e-01,9.98948e-01
1.125007212e+01,1.77676e-01,9.99999e-01,9.99999e-01,1.77872e-01,9.99999e-01,9.98894e-01
1.130632248e+01,1.44093e-01,9.99999e-01,9.99999e-01,1.44261e-01,9.99999e-01,9.98835e-01
1.136285409e+01,2.34251e-01,9.99999e-01,9.99999e-01,2.34538e-01,9.99999e-01,9.98775e-01
1.141966836e+01,2.68415e-01,9.99999e-01,9.99999e-01,2.68761e-01,9.99999e-01,9.98712e-01
1.147676670e+01,2.00819e-01,9.99999e-01,9.99999e-01,2.01091e-01,9.99999e-01,9.98649e-01
1.153415054e+01,5.79980e-02,9.99999e-01,9.99999e-01,5.80804e-02,9.99999e-01,9.98581e-01
1.159182129e+01,2.74776e-02,9.99999e-01,9.99999e-01,2.75186e-02,9.99999e-01,9.98511e-01
1.164978039e+01,3.35760e-03,9.99999e-01,9.99999e-01,3.36285e-03,9.99999e-01,9.98437e-01
1.170802930e+01,6.28982e-04,9.99999e-01,9.99999e-01,6.30016e-04,9.99999e-01,9.98358e-01
1.176656944e+01,1.06629e-02,9.99999e-01,9.99999e-01,1.06812e-02,9.99999e-01,9.98277e-01
1.182540229e+01,5.74426e-02,9.99999e-01,9.99999e-01,5.75469e-02,9.99999e-01,9.98186e-01
1.188452930e+01,5.93178e-02,9.99999e-01,9.99999e-01,5.94310e-02,9.99999e-01,9.98095e-01
1.194395195e+01,8.86617e-02,9.99999e-01,9.99999e-01,8.88400e-02,9.99999e-01,9.97992e-01
1.200367171e+01,1.47499e-01,9.99999e-01,9.99999e-01,1.47811e-01,9.99999e-01,9.97885e-01
1.206369007e+01,6.72642e-02,9.99999e-01,9.99999e-01,6.74142e-02,9.99999e-01,9.97773e-01
1.212400852e+01,1.38127e-01,9.99999e-01,9.99999e-01,1.38452e-01,9.99999e-01,9.97653e-01
1.218462856e+01,1.35497e-01,9.99999e-01,9.99999e-01,1.35832e-01,9.99999e-01,9.97533e-01
1.224555170e+01,1.66769e-02,9.99999e-01,9.99999e-01,1.67201e-02,9.99999e-01,9.97411e-01
1.230677946e+01,6.86170e-03,9.99999e-01,9.99999e-01,6.88035e-03,9.99999e-01,9.97288e-01
1.236831336e+01,3.96075e-04,9.99999e-01,9.99999e-01,3.97203e-04,9.99999e-01,9.97160e-01
1.243015492e+01,2.47891e-05,9.99999e-01,9.99999e-01,2.48631e-05,9.99999e-01,9.97025e-01
1.249230570e+01,3.77794e-05,9.99999e-01,9.99999e-01,3.78972e-05,9.99999e-01,9.96889e-01
1.255476723e+01,1.57109e-04,9.99999e-01,9.99999e-01,1.57622e-04,9.99999e-01,9.96743e-01
1.261754106e+01,8.13515e-03,9.99999e-01,9.99999e-01,8.16293e-03,9.99999e-01,9.96596e-01
1.268062877e+01,3.42961e-02,9.99999e-01,9.99999e-01,3.44187e-02,9.99999e-01,9.96438e-01
1.274403191e+01,2.17651e-02,9.99999e-01,9.99999e-01,2.18466e-02,9.99999e-01,9.96267e-01
1.280775207e+01,5.08198e-02,9.99999e-01,9.99999e-01,5.10190e-02,9.99999e-01,9.96095e-01
1.287179083e+01,1.84599e-02,9.99999e-01,9.99999e-01,1.85357e-02,9.99999e-01,9.95907e-01
1.293614979e+01,2.96620e-02,9.99999e-01,9.99999e-01,2.97896e-02,9.99999e-01,9.95716e-01
1.300083054e+01,2.64333e-03,9.99999e-01,9.99999e-01,2.65522e-03,9.99999e-01,9.95522e-01
1.306583469e+01,2.90183e-03,9.99999e-01,9.99999e-01,2.91547e-03,9.99999e-01,9.95320e-01
1.313116386e+01,2.11838e-03,9.99999e-01,9.99999e-01,2.12877e-03,9.99999e-01,9.95117e-01
1.319681968e+01,1.06956e-03,9.99999e-01,9.99999e-01,1.07505e-03,9.99999e-01,9.94897e-01
1.326280378e+01,9.37971e-06,9.99999e-01,9.99999e-01,9.42998e-06,9.99999e-01,9.94668e-01
1.332911780e+01,1.83431e-05,9.99999e-01,9.99999e-01,1.84457e-05,9.99999e-01,9.94438e-01
1.339576339e+01,5.47915e-06,9.99999e-01,9.99999e-01,5.51131e-06,9.99999e-01,9.94163e-01
1.346274221e+01,1.70179e-08,9.99999e-01,9.99999e-01,1.71225e-08,9.99999e-01,9.93887e-01
1.353005592e+01,1.05238e-04,9.99999e-01,9.99999e-01,1.05917e-04,9.99999e-01,9.93590e-01
1.359770620e+01,3.09217e-04,9.99999e-01,9.99999e-01,3.11317e-04,9.99999e-01,9.93252e-01
1.366569473e+01,2.21745e-04,9.99999e-01,9.99999e-01,2.23328e-04,9.99999e-01,9.92911e-01
1.373402320e+01,2.46689e-03,9.99999e-01,9.99999e-01,2.48538e-03,9.99999e-01,9.92562e-01
1.380269332e+01,4.81676e-03,9.99999e-01,9.99999e-01,4.85460e-03,9.99999e-01,9.92205e-01
1.387170678e+01,6.95041e-04,9.99999e-01,9.99999e-01,7.00754e-04,9.99999e-01,9.91846e-01
1.394106532e+01,2.56672e-04,9.99999e-01,9.99999e-01,2.58876e-04,9.99999e-01,9.91487e-01
1.401077064e+01,2.95182e-05,9.99999e-01,9.99999e-01,2.97824e-05,9.99999e-01,9.91125e-01
1.408082450e+01,3.98225e-05,9.99999e-01,9.99999e-01,4.01938e-05,9.99999e-01,9.90761e-01
1.415122862e+01,2.32908e-07,9.99999e-01,9.99999e-01,2.35171e-07,9.99999e-01,9.90374e-01
1.422198476e+01,1.50473e-09,9.99999e-01,9.99999e-01,1.51995e-09,9.99999e-01,9.89986e-01
1.429309469e+01,7.42163e-09,9.99999e-01,9.99999e-01,7.49974e-09,9.99999e-01,9.89583e-01
1.436456016e+01,5.64077e-11,9.99999e-01,9.99999e-01,5.70277e-11,9.99999e-01,9.89127e-01
1.443638296e+01,2.18317e-12,9.99999e-01,9.99999e-01,2.20819e-12,9.99999e-01,9.88668e-01
1.450856487e+01,2.53091e-09,9.99999e-01,9.99999e-01,2.56114e-09,9.99999e-01,9.88197e-01
1.458110770e+01,1.53146e-06,9.99999e-01,9.99999e-01,1.55053e-06,9.99999e-01,9.87697e-01
1.465401324e+01,1.01291e-05,9.99999e-01,9.99999e-01,1.02605e-05,9.99999e-01,9.87195e-01
1.472728330e+01,1.07956e-05,9.99999e-01,9.99999e-01,1.09414e-05,9.99999e-01,9.86675e-01
1.480091972e+01,7.32882e-07,9.99999e-01,9.99999e-01,7.43193e-07,9.99999e-01,9.86125e-01
1.487492432e+01,8.26540e-11,9.99999e-01,9.99999e-01,8.38639e-11,9.99999e-01,9.85572e-01
1.494929894e+01,5.76125e-09,9.99999e-01,9.99999e-01,5.84908e-09,9.99999e-01,9.84983e-01
1.502404544e+01,4.28096e-07,9.99999e-01,9.99999e-01,4.34905e-07,9.99999e-01,9.84342e-01
1.509916566e+01,9.33891e-07,9.99999e-01,9.99999e-01,9.49368e-07,9.99999e-01,9.83697e-01
1.517466149e+01,9.33279e-08,9.99999e-01,9.99999e-01,9.49391e-08,9.99999e-01,9.83028e-01
1.525053480e+01,1.17919e-06,9.99999e-01,9.99999e-01,1.20041e-06,9.99999e-01,9.82321e-01
1.532678747e+01,2.90936e-08,9.99999e-01,9.99999e-01,2.96386e-08,9.99999e-01,9.81611e-01
1.540342141e+01,9.28071e-10,9.99999e-01,9.99999e-01,9.50008e-10,9.99999e-01,9.76908e-01
1.548043852e+01,7.04732e-11,9.99999e-01,9.99999e-01,7.22169e-11,9.99999e-01,9.75853e-01
1.555784071e+01,4.33917e-14,9.99999e-01,9.99999e-01,4.45073e-14,9.99999e-01,9.74934e-01
1.563562991e+01,9.15147e-20,9.99999e-01,9.99999e-01,9.39575e-20,9.99999e-01,9.74000e-01
1.571380806e+01,3.30249e-20,9.99999e-01,9.99999e-01,3.39404e-20,9.99999e-01,9.73026e-01
1.579237710e+01,3.95556e-15,9.99999e-01,9.99999e-01,4.06933e-15,9.99999e-01,9.72043e-01
1.587133899e+01,1.30533e-12,9.99999e-01,9.99999e-01,1.34425e-12,9.99999e-01,9.71042e-01
1.595069568e+01,2.83626e-14,9.99999e-01,9.99999e-01,2.92448e-14,9.99999e-01,9.69836e-01
1.603044916e+01,9.37384e-19,9.99999e-01,9.99999e-01,9.67751e-19,9.99999e-01,9.68621e-01
1.611060141e+01,1.31280e-18,9.99999e-01,9.99999e-01,1.35704e-18,9.99999e-01,9.67399e-01
1.619115441e+01,1.09588e-17,9.99999e-01,9.99999e-01,1.13430e-17,9.99999e-01,9.66128e-01
1.627211019e+01,7.15339e-20,9.99999e-01,9.99999e-01,7.41405e-20,9.99999e-01,9.64841e-01
1.635347074e+01,4.42943e-18,9.99999e-01,9.99999e-01,4.59699e-18,9.99999e-01,9.63549e-01
1.643523809e+01,2.23960e-18,9.99999e-01,9.99999e-01,2.32754e-18,9.99999e-01,9.62215e-01
1.651741428e+01,4.56811e-20,9.99999e-01,9.99999e-01,4.75424e-20,9.99999e-01,9.60849e-01
1.660000135e+01,5.71914e-25,9.99999e-01,9.99999e-01,5.96068e-25,9.99999e-01,9.59477e-01
1.668300136e+01,9.78540e-26,9.99999e-01,9.99999e-01,1.02132e-25,9.99999e-01,9.58108e-01
1.676641637e+01,2.23837e-22,9.99999e-01,9.99999e-01,2.33952e-22,9.99999e-01,9.56762e-01
1.685024845e+01,3.29004e-23,9.99999e-01,9.99999e-01,3.44358e-23,9.99999e-01,9.55413e-01
1.693449969e+01,1.85617e-28,9.99999e-01,9.99999e-01,1.94556e-28,9.99999e-01,9.54054e-01
1.701917219e+01,1.02611e-30,9.99999e-01,9.99999e-01,1.07715e-30,9.99999e-01,9.52613e-01
1.710426805e+01,3.50355e-39,9.99999e-01,9.99999e-01,3.68346e-39,9.99999e-01,9.51157e-01
1.718978939e+01,1.86533e-42,9.99999e-01,9.99999e-01,1.96414e-42,9.99999e-01,9.49693e-01
1.727573834e+01,3.20863e-43,9.99999e-01,9.99999e-01,3.38428e-43,9.99999e-01,9.48096e-01
1.736211703e+01,1.08999e-46,9.99999e-01,9.99999e-01,1.15178e-46,9.99999e-01,9.46352e-01
1.744892761e+01,3.09426e-40,9.99999e-01,9.99999e-01,3.27572e-40,9.99999e-01,9.44603e-01
1.753617225e+01,1.71618e-32,9.99999e-01,9.99999e-01,1.82021e-32,9.99999e-01,9.42844e-01
1.762385311e+01,1.89358e-31,9.99999e-01,9.99999e-01,2.01220e-31,9.99999e-01,9.41051e-01
1.771197238e+01,5.24732e-34,9.99999e-01,9.99999e-01,5.58670e-34,9.99999e-01,9.39251e-01
1.780053224e+01,2.50765e-36,9.99999e-01,9.99999e-01,2.67499e-36,9.99999e-01,9.37442e-01
1.788953490e+01,1.22549e-39,9.99999e-01,9.99999e-01,1.31008e-39,9.99999e-01,9.35434e-01
1.797898258e+01,1.06271e-44,9.99999e-01,9.99999e-01,1.13882e-44,9.99999e-01,9.33172e-01
1.806887749e+01,5.76700e-46,9.99999e-01,9.99999e-01,6.19505e-46,9.99999e-01,9.30905e-01
1.815922188e+01,4.92284e-61,9.99999e-01,9.99999e-01,5.30120e-61,9.99999e-01,9.28627e-01
1.825001799e+01,5.16156e-48,9.99999e-01,9.99999e-01,5.57213e-48,9.99999e-01,9.26316e-01
1.834126808e+01,2.82565e-44,9.99999e-01,9.99999e-01,3.05808e-44,9.99999e-01,9.23992e-01
1.843297442e+01,1.74700e-44,9.99999e-01,9.99999e-01,1.89549e-44,9.99999e-01,9.21659e-01
1.852513929e+01,1.33073e-49,9.99999e-01,9.99999e-01,1.44753e-49,9.99999e-01,9.19308e-01
1.861776499e+01,6.18641e-72,9.99999e-01,9.99999e-01,6.74712e-72,9.99999e-01,9.16895e-01
1.871085381e+01,7.10235e-57,9.99999e-01,9.99999e-01,7.76662e-57,9.99999e-01,9.14471e-01
1.880440808e+01,3.76257e-48,9.99999e-01,9.99999e-01,4.12543e-48,9.99999e-01,9.12042e-01
1.889843012e+01,6.65862e-49,9.99999e-01,9.99999e-01,7.32023e-49,9.99999e-01,9.09619e-01
1.899292227e+01,7.91878e-68,9.99999e-01,9.99999e-01,8.72885e-68,9.99999e-01,9.07196e-01
1.908788688e+01,1.60386e-64,9.99999e-01,9.99999e-01,1.77269e-64,9.99999e-01,9.04762e-01
1.918332632e+01,5.10749e-65,9.99999e-01,9.99999e-01,5.66036e-65,9.99999e-01,9.02324e-01
1.927924295e+01,2.87517e-80,9.99999e-01,9.99999e-01,3.19565e-80,9.99999e-01,8.99714e-01
1.937563916e+01,3.42670e-124,9.99999e-01,9.99999e-01,3.82024e-124,9.99999e-01,8.96984e-01
1.947251736e+01,1.77374e-126,9.99999e-01,9.99999e-01,1.98351e-126,9.99999e-01,8.94245e-01
1.956987994e+01,3.50510e-121,9.99999e-01,9.99999e-01,3.93171e-121,9.99999e-01,8.91495e-01
1.966772934e+01,7.53982e-100,9.99999e-01,9.99999e-01,8.48641e-100,9.99999e-01,8.88458e-01
1.976606799e+01,1.26046e-97,9.99999e-01,9.99999e-01,1.42379e-97,9.99999e-01,8.85284e-01
1.986489833e+01,3.15423e-104,9.99999e-01,9.99999e-01,3.57578e-104,9.99999e-01,8.82107e-01
1.996422282e+01,1.79979e-97,9.99999e-01,9.99999e-01,2.04772e-97,9.99999e-01,8.78924e-01
