#,Wave/freq,Total,N2,O2,Rayleigh,CIA
4.000000000e-01,3.15936e-01,9.99999e-01,9.99999e-01,3.15936e-01,9.99999e-01
4.020000000e-01,3.23216e-01,9.99999e-01,9.99999e-01,3.23216e-01,9.99999e-01
4.040100000e-01,3.30508e-01,9.99999e-01,9.99999e-01,3.30508e-01,9.99999e-01
4.060300500e-01,3.37815e-01,9.99999e-01,9.99999e-01,3.37815e-01,9.99999e-01
4.080602003e-01,3.45135e-01,9.99999e-01,9.99999e-01,3.45135e-01,9.99999e-01
4.101005013e-01,3.52464e-01,9.99999e-01,9.99999e-01,3.52464e-01,9.99999e-01
4.121510038e-01,3.59799e-01,9.99999e-01,9.99999e-01,3.59799e-01,9.99999e-01
4.142117588e-01,3.67138e-01,9.99999e-01,9.99999e-01,3.67138e-01,9.99999e-01
4.162828176e-01,3.74477e-01,9.99999e-01,9.99999e-01,3.74477e-01,9.99999e-01
4.183642317e-01,3.81813e-01,9.99999e-01,9.99999e-01,3.81813e-01,9.99999e-01
4.204560528e-01,3.89144e-01,9.99999e-01,9.99999e-01,3.89144e-01,9.99999e-01
4.225583331e-01,3.96466e-01,9.99999e-01,9.99999e-01,3.96466e-01,9.99999e-01
4.246711247e-01,4.03778e-01,9.99999e-01,9.99999e-01,4.03778e-01,9.99999e-01
4.267944804e-01,4.11076e-01,9.99999e-01,9.99999e-01,4.11076e-01,9.99999e-01
4.289284528e-01,4.18358e-01,9.99999e-01,9.99999e-01,4.18358e-01,9.99999e-01
4.310730950e-01,4.25622e-01,9.99999e-01,9.99999e-01,4.25622e-01,9.99999e-01
4.332284605e-01,4.32864e-01,9.99999e-01,9.99999e-01,4.32864e-01,9.99999e-01
4.353946028e-01,4.40083e-01,9.99999e-01,9.99999e-01,4.40083e-01,9.99999e-01
4.375715758e-01,4.47276e-01,9.99999e-01,9.99999e-01,4.47276e-01,9.99999e-01
4.397594337e-01,4.54441e-01,9.99999e-01,9.99999e-01,4.54441e-01,9.99999e-01
4.419582309e-01,4.61576e-01,9.99999e-01,9.99999e-01,4.61576e-01,9.99999e-01
4.441680220e-01,4.68679e-01,9.99999e-01,9.99999e-01,4.68679e-01,9.99999e-01
4.463888621e-01,4.75747e-01,9.99999e-01,9.99999e-01,4.75747e-01,9.99999e-01
4.486208064e-01,4.82779e-01,9.99999e-01,9.99999e-01,4.82779e-01,9.99999e-01
4.508639105e-01,4.89774e-01,9.99999e-01,9.99999e-01,4.89774e-01,9.99999e-01
4.531182300e-01,4.96728e-01,9.99999e-01,9.99999e-01,4.96728e-01,9.99999e-01
4.553838212e-01,5.03641e-01,9.99999e-01,9.99999e-01,5.03641e-01,9.99999e-01
4.576607403e-01,5.10511e-01,9.99999e-01,9.99999e-01,5.10511e-01,9.99999e-01
4.599490440e-01,5.17336e-01,9.99999e-01,9.99999e-01,5.17336e-01,9.99999e-01
4.622487892e-01,5.24115e-01,9.99999e-01,9.99999e-01,5.24115e-01,9.99999e-01
4.645600332e-01,5.30846e-01,9.99999e-01,9.99999e-01,5.30846e-01,9.99999e-01
4.668828333e-01,5.37528e-01,9.99999e-01,9.99999e-01,5.37528e-01,9.99999e-01
4.692172475e-01,5.44159e-01,9.99999e-01,9.99999e-01,5.44159e-01,9.99999e-01
4.715633337e-01,5.50740e-01,9.99999e-01,9.99999e-01,5.50740e-01,9.99999e-01
4.739211504e-01,5.57267e-01,9.99999e-01,9.99999e-01,5.57267e-01,9.99999e-01
4.762907561e-01,5.63740e-01,9.99999e-01,9.99999e-01,5.63740e-01,9.99999e-01
4.786722099e-01,5.70159e-01,9.99999e-01,9.99999e-01,5.70159e-01,9.99999e-01
4.810655710e-01,5.76522e-01,9.99999e-01,9.99999e-01,5.76522e-01,9.99999e-01
4.834708988e-01,5.82827e-01,9.99999e-01,9.99999e-01,5.82827e-01,9.99999e-01
4.858882533e-01,5.89076e-01,9.99999e-01,9.99999e-01,5.89076e-01,9.99999e-01
4.883176946e-01,5.95266e-01,9.99999e-01,9.99999e-01,5.95266e-01,9.99999e-01
4.907592831e-01,6.01396e-01,9.99999e-01,9.99999e-01,6.01396e-01,9.99999e-01
4.932130795e-01,6.07467e-01,9.99999e-01,9.99999e-01,6.07467e-01,9.99999e-01
4.956791449e-01,6.13478e-01,9.99999e-01,9.99999e-01,6.13478e-01,9.99999e-01
4.981575406e-01,6.19427e-01,9.99999e-01,9.99999e-01,6.19427e-01,9.99999e-01
5.006483283e-01,6.25315e-01,9.99999e-01,9.99999e-01,6.25315e-01,9.99999e-01
5.031515699e-01,6.31141e-01,9.99999e-01,9.99999e-01,6.31141e-01,9.99999e-01
5.056673278e-01,6.36905e-01,9.99999e-01,9.99999e-01,6.36905e-01,9.99999e-01
5.081956644e-01,6.42606e-01,9.99999e-01,9.99999e-01,6.42606e-01,9.99999e-01
5.107366428e-01,6.48244e-01,9.99999e-01,9.99999e-01,6.48244e-01,9.99999e-01
5.132903260e-01,6.53818e-01,9.99999e-01,9.99999e-01,6.53818e-01,9.99999e-01
5.158567776e-01,6.59329e-01,9.99999e-01,9.99999e-01,6.59329e-01,9.99999e-01
5.184360615e-01,6.64776e-01,9.99999e-01,9.99999e-01,6.64776e-01,9.99999e-01
5.210282418e-01,6.70159e-01,9.99999e-01,9.99999e-01,6.70159e-01,9.99999e-01
5.236333830e-01,6.75478e-01,9.99999e-01,9.99999e-01,6.75478e-01,9.99999e-01
5.262515499e-01,6.80733e-01,9.99999e-01,9.99999e-01,6.80733e-01,9.99999e-01
5.288828077e-01,6.85924e-01,9.99999e-01,9.99999e-01,6.85924e-01,9.99999e-01
5.315272217e-01,6.91051e-01,9.99999e-01,9.99999e-01,6.91051e-01,9.99999e-01
5.341848578e-01,6.96113e-01,9.99999e-01,9.99999e-01,6.96113e-01,9.99999e-01
5.368557821e-01,7.01112e-01,9.99999e-01,9.99999e-01,7.01112e-01,9.99999e-01
5.395400610e-01,7.06047e-01,9.99999e-01,9.99999e-01,7.06047e-01,9.99999e-01
5.422377613e-01,7.10918e-01,9.99999e-01,9.99999e-01,7.10918e-01,9.99999e-01
5.449489501e-01,7.15725e-01,9.99999e-01,9.99999e-01,7.15725e-01,9.99999e-01
5.476736949e-01,7.20469e-01,9.99999e-01,9.99999e-01,7.20469e-01,9.99999e-01
5.504120634e-01,7.25150e-01,9.99999e-01,9.99999e-01,7.25150e-01,9.99999e-01
5.531641237e-01,7.29768e-01,9.99999e-01,9.99999e-01,7.29768e-01,9.99999e-01
5.559299443e-01,7.34323e-01,9.99999e-01,9.99999e-01,7.34323e-01,9.99999e-01
5.587095940e-01,7.38816e-01,9.99999e-01,9.99999e-01,7.38816e-01,9.99999e-01
5.615031420e-01,7.43247e-01,9.99999e-01,9.99999e-01,7.43247e-01,9.99999e-01
5.643106577e-01,7.47616e-01,9.99999e-01,9.99999e-01,7.47616e-01,9.99999e-01
5.671322110e-01,7.51923e-01,9.99999e-01,9.99999e-01,7.51923e-01,9.99999e-01
5.699678720e-01,7.56170e-01,9.99999e-01,9.99999e-01,7.56170e-01,9.99999e-01
5.728177114e-01,7.60356e-01,9.99999e-01,9.99999e-01,7.60356e-01,9.99999e-01
5.756818000e-01,7.64482e-01,9.99999e-01,9.99999e-01,7.64482e-01,9.99999e-01
5.785602090e-01,7.68548e-01,9.99999e-01,9.99999e-01,7.68548e-01,9.99999e-01
5.814530100e-01,7.72555e-01,9.99999e-01,9.99999e-01,7.72555e-01,9.99999e-01
5.843602750e-01,7.76503e-01,9.99999e-01,9.99999e-01,7.76503e-01,9.99999e-01
5.872820764e-01,7.80392e-01,9.99999e-01,9.99999e-01,7.80392e-01,9.99999e-01
5.902184868e-01,7.84224e-01,9.99999e-01,9.99999e-01,7.84224e-01,9.99999e-01
5.931695792e-01,7.87998e-01,9.99999e-01,9.99999e-01,7.87998e-01,9.99999e-01
5.961354271e-01,7.91715e-01,9.99999e-01,9.99999e-01,7.91715e-01,9.99999e-01
5.991161043e-01,7.95376e-01,9.99999e-01,9.99999e-01,7.95376e-01,9.99999e-01
6.021116848e-01,7.98981e-01,9.99999e-01,9.99999e-01,7.98981e-01,9.99999e-01
6.051222432e-01,8.02530e-01,9.99999e-01,9.99999e-01,8.02530e-01,9.99999e-01
6.081478544e-01,8.06025e-01,9.99999e-01,9.99999e-01,8.06025e-01,9.99999e-01
6.111885937e-01,8.09466e-01,9.99999e-01,9.99999e-01,8.09466e-01,9.99999e-01
6.142445367e-01,8.12852e-01,9.99999e-01,9.99999e-01,8.12852e-01,9.99999e-01
6.173157594e-01,8.16186e-01,9.99999e-01,9.99999e-01,8.16186e-01,9.99999e-01
6.204023382e-01,8.19467e-01,9.99999e-01,9.99999e-01,8.19467e-01,9.99999e-01
6.235043498e-01,8.22696e-01,9.99999e-01,9.99999e-01,8.22696e-01,9.99999e-01
6.266218716e-01,8.25874e-01,9.99999e-01,9.99999e-01,8.25874e-01,9.99999e-01
6.297549810e-01,8.29001e-01,9.99999e-01,9.99999e-01,8.29001e-01,9.99999e-01
6.329037559e-01,8.32077e-01,9.99999e-01,9.99999e-01,8.32077e-01,9.99999e-01
6.360682746e-01,8.35104e-01,9.99999e-01,9.99999e-01,8.35104e-01,9.99999e-01
6.392486160e-01,8.38082e-01,9.99999e-01,9.99999e-01,8.38082e-01,9.99999e-01
6.424448591e-01,8.41011e-01,9.99999e-01,9.99999e-01,8.41011e-01,9.99999e-01
6.456570834e-01,8.43892e-01,9.99999e-01,9.99999e-01,8.43892e-01,9.99999e-01
6.488853688e-01,8.46726e-01,9.99999e-01,9.99999e-01,8.46726e-01,9.99999e-01
6.521297956e-01,8.49513e-01,9.99999e-01,9.99999e-01,8.49513e-01,9.99999e-01
6.553904446e-01,8.52254e-01,9.99999e-01,9.99999e-01,8.52254e-01,9.99999e-01
6.586673968e-01,8.54950e-01,9.99999e-01,9.99999e-01,8.54950e-01,9.99999e-01
6.619607338e-01,8.57601e-01,9.99999e-01,9.99999e-01,8.57601e-01,9.99999e-01
6.652705375e-01,8.60207e-01,9.99999e-01,9.99999e-01,8.60207e-01,9.99999e-01
6.685968902e-01,8.62769e-01,9.99999e-01,9.99999e-01,8.62769e-01,9.99999e-01
6.719398746e-01,8.65288e-01,9.99999e-01,9.99999e-01,8.65288e-01,9.99999e-01
6.752995740e-01,8.67765e-01,9.99999e-01,9.99999e-01,8.67765e-01,9.99999e-01
6.786760719e-01,8.70199e-01,9.99999e-01,9.99999e-01,8.70199e-01,9.99999e-01
6.820694522e-01,8.72592e-01,9.99999e-01,9.99999e-01,8.72592e-01,9.99999e-01
6.854797995e-01,8.74945e-01,9.99999e-01,9.99999e-01,8.74945e-01,9.99999e-01
6.889071985e-01,8.77256e-01,9.99999e-01,9.99999e-01,8.77256e-01,9.99999e-01
6.923517345e-01,8.79528e-01,9.99999e-01,9.99999e-01,8.79528e-01,9.99999e-01
6.958134932e-01,8.81761e-01,9.99999e-01,9.99999e-01,8.81761e-01,9.99999e-01
6.992925606e-01,8.83956e-01,9.99999e-01,9.99999e-01,8.83956e-01,9.99999e-01
7.027890234e-01,8.86112e-01,9.99999e-01,9.99999e-01,8.86112e-01,9.99999e-01
7.063029686e-01,8.88231e-01,9.99999e-01,9.99999e-01,8.88231e-01,9.99999e-01
7.098344834e-01,8.90313e-01,9.99999e-01,9.99999e-01,8.90313e-01,9.99999e-01
7.133836558e-01,8.92358e-01,9.99999e-01,9.99999e-01,8.92358e-01,9.99999e-01
7.169505741e-01,8.94368e-01,9.99999e-01,9.99999e-01,8.94368e-01,9.99999e-01
7.205353270e-01,8.96342e-01,9.99999e-01,9.99999e-01,8.96342e-01,9.99999e-01
7.241380036e-01,8.98282e-01,9.99999e-01,9.99999e-01,8.98282e-01,9.99999e-01
7.277586936e-01,9.00187e-01,9.99999e-01,9.99999e-01,9.00187e-01,9.99999e-01
7.313974871e-01,9.02059e-01,9.99999e-01,9.99999e-01,9.02059e-01,9.99999e-01
7.350544745e-01,9.03897e-01,9.99999e-01,9.99999e-01,9.03897e-01,9.99999e-01
7.387297469e-01,9.05703e-01,9.99999e-01,9.99999e-01,9.05703e-01,9.99999e-01
7.424233956e-01,9.07477e-01,9.99999e-01,9.99999e-01,9.07477e-01,9.99999e-01
7.461355126e-01,9.09219e-01,9.99999e-01,9.99999e-01,9.09219e-01,9.99999e-01
7.498661902e-01,9.10929e-01,9.99999e-01,9.99999e-01,9.10929e-01,9.99999e-01
7.536155211e-01,9.12610e-01,9.99999e-01,9.99999e-01,9.12610e-01,9.99999e-01
7.573835987e-01,9.14259e-01,9.99999e-01,9.99999e-01,9.14259e-01,9.99999e-01
7.611705167e-01,9.15880e-01,9.99999e-01,9.99999e-01,9.15880e-01,9.99999e-01
7.649763693e-01,9.17471e-01,9.99999e-01,9.99999e-01,9.17471e-01,9.99999e-01
7.688012511e-01,9.19033e-01,9.99999e-01,9.99999e-01,9.19033e-01,9.99999e-01
7.726452574e-01,9.20567e-01,9.99999e-01,9.99999e-01,9.20567e-01,9.99999e-01
7.765084837e-01,9.22073e-01,9.99999e-01,9.99999e-01,9.22073e-01,9.99999e-01
7.803910261e-01,9.23552e-01,9.99999e-01,9.99999e-01,9.23552e-01,9.99999e-01
7.842929812e-01,9.25004e-01,9.99999e-01,9.99999e-01,9.25004e-01,9.99999e-01
7.882144461e-01,9.26429e-01,9.99999e-01,9.99999e-01,9.26429e-01,9.99999e-01
7.921555184e-01,9.27829e-01,9.99999e-01,9.99999e-01,9.27829e-01,9.99999e-01
7.961162960e-01,9.29203e-01,9.99999e-01,9.99999e-01,9.29203e-01,9.99999e-01
8.000968774e-01,9.30551e-01,9.99999e-01,9.99999e-01,9.30551e-01,9.99999e-01
8.040973618e-01,9.31875e-01,9.99999e-01,9.99999e-01,9.31875e-01,9.99999e-01
8.081178486e-01,9.33175e-01,9.99999e-01,9.99999e-01,9.33175e-01,9.99999e-01
8.121584379e-01,9.34450e-01,9.99999e-01,9.99999e-01,9.34450e-01,9.99999e-01
8.162192301e-01,9.35703e-01,9.99999e-01,9.99999e-01,9.35703e-01,9.99999e-01
8.203003262e-01,9.36932e-01,9.99999e-01,9.99999e-01,9.36932e-01,9.99999e-01
8.244018279e-01,9.38138e-01,9.99999e-01,9.99999e-01,9.38138e-01,9.99999e-01
8.285238370e-01,9.39322e-01,9.99999e-01,9.99999e-01,9.39322e-01,9.99999e-01
8.326664562e-01,9.40484e-01,9.99999e-01,9.99999e-01,9.40484e-01,9.99999e-01
8.368297885e-01,9.41625e-01,9.99999e-01,9.99999e-01,9.41625e-01,9.99999e-01
8.410139374e-01,9.42744e-01,9.99999e-01,9.99999e-01,9.42744e-01,9.99999e-01
8.452190071e-01,9.43843e-01,9.99999e-01,9.99999e-01,9.43843e-01,9.99999e-01
8.494451021e-01,9.44921e-01,9.99999e-01,9.99999e-01,9.44921e-01,9.99999e-01
8.536923276e-01,9.45979e-01,9.99999e-01,9.99999e-01,9.45979e-01,9.99999e-01
8.579607893e-01,9.47017e-01,9.99999e-01,9.99999e-01,9.47017e-01,9.99999e-01
8.622505932e-01,9.48036e-01,9.99999e-01,9.99999e-01,9.48036e-01,9.99999e-01
8.665618462e-01,9.49036e-01,9.99999e-01,9.99999e-01,9.49036e-01,9.99999e-01
8.708946554e-01,9.50017e-01,9.99999e-01,9.99999e-01,9.50017e-01,9.99999e-01
8.752491287e-01,9.50979e-01,9.99999e-01,9.99999e-01,9.50979e-01,9.99999e-01
8.796253743e-01,9.51924e-01,9.99999e-01,9.99999e-01,9.51924e-01,9.99999e-01
8.840235012e-01,9.52851e-01,9.99999e-01,9.99999e-01,9.52851e-01,9.99999e-01
8.884436187e-01,9.53760e-01,9.99999e-01,9.99999e-01,9.53760e-01,9.99999e-01
8.928858368e-01,9.54653e-01,9.99999e-01,9.99999e-01,9.54653e-01,9.99999e-01
8.973502660e-01,9.55528e-01,9.99999e-01,9.99999e-01,9.55528e-01,9.99999e-01
9.018370173e-01,9.56387e-01,9.99999e-01,9.99999e-01,9.56387e-01,9.99999e-01
9.063462024e-01,9.57230e-01,9.99999e-01,9.99999e-01,9.57230e-01,9.99999e-01
9.108779334e-01,9.58057e-01,9.99999e-01,9.99999e-01,9.58057e-01,9.99999e-01
9.154323231e-01,9.58868e-01,9.99999e-01,9.99999e-01,9.58868e-01,9.99999e-01
9.200094847e-01,9.59664e-01,9.99999e-01,9.99999e-01,9.59664e-01,9.99999e-01
9.246095321e-01,9.60444e-01,9.99999e-01,9.99999e-01,9.60444e-01,9.99999e-01
9.292325798e-01,9.61210e-01,9.99999e-01,9.99999e-01,9.61210e-01,9.99999e-01
9.338787427e-01,9.61962e-01,9.99999e-01,9.99999e-01,9.61962e-01,9.99999e-01
9.385481364e-01,9.62699e-01,9.99999e-01,9.99999e-01,9.62699e-01,9.99999e-01
9.432408771e-01,9.63422e-01,9.99999e-01,9.99999e-01,9.63422e-01,9.99999e-01
9.479570815e-01,9.64131e-01,9.99999e-01,9.99999e-01,9.64131e-01,9.99999e-01
9.526968669e-01,9.64827e-01,9.99999e-01,9.99999e-01,9.64827e-01,9.99999e-01
9.574603512e-01,9.65510e-01,9.99999e-01,9.99999e-01,9.65510e-01,9.99999e-01
9.622476530e-01,9.66179e-01,9.99999e-01,9.99999e-01,9.66179e-01,9.99999e-01
9.670588912e-01,9.66836e-01,9.99999e-01,9.99999e-01,9.66836e-01,9.99999e-01
9.718941857e-01,9.67481e-01,9.99999e-01,9.99999e-01,9.67481e-01,9.99999e-01
9.767536566e-01,9.68113e-01,9.99999e-01,9.99999e-01,9.68113e-01,9.99999e-01
9.816374249e-01,9.68732e-01,9.99999e-01,9.99999e-01,9.68732e-01,9.99999e-01
9.865456120e-01,9.69340e-01,9.99999e-01,9.99999e-01,9.69340e-01,9.99999e-01
9.914783401e-01,9.69937e-01,9.99999e-01,9.99999e-01,9.69937e-01,9.99999e-01
9.964357318e-01,9.70522e-01,9.99999e-01,9.99999e-01,9.70522e-01,9.99999e-01
1.001417910e+00,9.71096e-01,9.99999e-01,9.99999e-01,9.71096e-01,9.99999e-01
1.006425000e+00,9.71658e-01,9.99999e-01,9.99999e-01,9.71658e-01,9.99999e-01
1.011457125e+00,9.72210e-01,9.99999e-01,9.99999e-01,9.72210e-01,9.99999e-01
1.016514411e+00,9.72752e-01,9.99999e-01,9.99999e-01,9.72752e-01,9.99999e-01
1.021596983e+00,9.73283e-01,9.99999e-01,9.99999e-01,9.73283e-01,9.99999e-01
1.026704968e+00,9.73803e-01,9.99999e-01,9.99999e-01,9.73803e-01,9.99999e-01
1.031838492e+00,9.74314e-01,9.99999e-01,9.99999e-01,9.74314e-01,9.99999e-01
1.036997685e+00,9.74815e-01,9.99999e-01,9.99999e-01,9.74815e-01,9.99999e-01
1.042182673e+00,9.75306e-01,9.99999e-01,9.99999e-01,9.75306e-01,9.99999e-01
1.047393587e+00,9.75788e-01,9.99999e-01,9.99999e-01,9.75788e-01,9.99999e-01
1.052630555e+00,9.76260e-01,9.99999e-01,9.99999e-01,9.76260e-01,9.99999e-01
1.057893707e+00,9.76724e-01,9.99999e-01,9.99999e-01,9.76724e-01,9.99999e-01
1.063183176e+00,9.77178e-01,9.99999e-01,9.99999e-01,9.77178e-01,9.99999e-01
1.068499092e+00,9.77624e-01,9.99999e-01,9.99999e-01,9.77624e-01,9.99999e-01
1.073841587e+00,9.78061e-01,9.99999e-01,9.99999e-01,9.78061e-01,9.99999e-01
1.079210795e+00,9.78490e-01,9.99999e-01,9.99999e-01,9.78490e-01,9.99999e-01
1.084606849e+00,9.78910e-01,9.99999e-01,9.99999e-01,9.78910e-01,9.99999e-01
1.090029883e+00,9.79322e-01,9.99999e-01,9.99999e-01,9.79322e-01,9.99999e-01
1.095480033e+00,9.79726e-01,9.99999e-01,9.99999e-01,9.79727e-01,9.99999e-01
1.100957433e+00,9.80123e-01,9.99999e-01,9.99999e-01,9.80123e-01,9.99999e-01
1.106462220e+00,9.80512e-01,9.99999e-01,9.99999e-01,9.80512e-01,9.99999e-01
1.111994531e+00,9.80893e-01,9.99999e-01,9.99999e-01,9.80893e-01,9.99999e-01
1.117554504e+00,9.81267e-01,9.99999e-01,9.99999e-01,9.81267e-01,9.99999e-01
1.123142276e+00,9.81633e-01,9.99999e-01,9.99999e-01,9.81633e-01,9.99999e-01
1.128757988e+00,9.81993e-01,9.99999e-01,9.99999e-01,9.81993e-01,9.99999e-01
1.134401778e+00,9.82345e-01,9.99999e-01,9.99999e-01,9.82345e-01,9.99999e-01
1.140073787e+00,9.82691e-01,9.99999e-01,9.99999e-01,9.82691e-01,9.99999e-01
1.145774156e+00,9.83030e-01,9.99999e-01,9.99999e-01,9.83030e-01,9.99999e-01
1.151503026e+00,9.83362e-01,9.99999e-01,9.99999e-01,9.83362e-01,9.99999e-01
1.157260541e+00,9.83688e-01,9.99999e-01,9.99999e-01,9.83688e-01,9.99999e-01
1.163046844e+00,9.84008e-01,9.99999e-01,9.99999e-01,9.84008e-01,9.99999e-01
1.168862078e+00,9.84321e-01,9.99999e-01,9.99999e-01,9.84321e-01,9.99999e-01
1.174706389e+00,9.84628e-01,9.99999e-01,9.99999e-01,9.84628e-01,9.99999e-01
1.180579921e+00,9.84930e-01,9.99999e-01,9.99999e-01,9.84930e-01,9.99999e-01
1.186482820e+00,9.85225e-01,9.99999e-01,9.99999e-01,9.85225e-01,9.99999e-01
1.192415234e+00,9.85515e-01,9.99999e-01,9.99999e-01,9.85515e-01,9.99999e-01
1.198377311e+00,9.85799e-01,9.99999e-01,9.99999e-01,9.85799e-01,9.99999e-01
1.204369197e+00,9.86078e-01,9.99999e-01,9.99999e-01,9.86078e-01,9.99999e-01
1.210391043e+00,9.86351e-01,9.99999e-01,9.99999e-01,9.86351e-01,9.99999e-01
1.216442998e+00,9.86618e-01,9.99999e-01,9.99999e-01,9.86618e-01,9.99999e-01
1.222525213e+00,9.86881e-01,9.99999e-01,9.99999e-01,9.86881e-01,9.99999e-01
1.228637839e+00,9.87138e-01,9.99999e-01,9.99999e-01,9.87138e-01,9.99999e-01
1.234781029e+00,9.87391e-01,9.99999e-01,9.99999e-01,9.87391e-01,9.99999e-01
1.240954934e+00,9.87638e-01,9.99999e-01,9.99999e-01,9.87638e-01,9.99999e-01
1.247159708e+00,9.87881e-01,9.99999e-01,9.99999e-01,9.87881e-01,9.99999e-01
1.253395507e+00,9.88119e-01,9.99999e-01,9.99999e-01,9.88119e-01,9.99999e-01
1.259662485e+00,9.88352e-01,9.99999e-01,9.99999e-01,9.88352e-01,9.99999e-01
1.265960797e+00,9.88581e-01,9.99999e-01,9.99999e-01,9.88581e-01,9.99999e-01
1.272290601e+00,9.88805e-01,9.99999e-01,9.99999e-01,9.88805e-01,9.99999e-01
1.278652054e+00,9.89025e-01,9.99999e-01,9.99999e-01,9.89025e-01,9.99999e-01
1.285045314e+00,9.89241e-01,9.99999e-01,9.99999e-01,9.89241e-01,9.99999e-01
1.291470541e+00,9.89452e-01,9.99999e-01,9.99999e-01,9.89452e-01,9.99999e-01
1.297927893e+00,9.89659e-01,9.99999e-01,9.99999e-01,9.89659e-01,9.99999e-01
1.304417533e+00,9.89863e-01,9.99999e-01,9.99999e-01,9.89863e-01,9.99999e-01
1.310939621e+00,9.90062e-01,9.99999e-01,9.99999e-01,9.90062e-01,9.99999e-01
1.317494319e+00,9.90257e-01,9.99999e-01,9.99999e-01,9.90257e-01,9.99999e-01
1.324081790e+00,9.90449e-01,9.99999e-01,9.99999e-01,9.90449e-01,9.99999e-01
1.330702199e+00,9.90636e-01,9.99999e-01,9.99999e-01,9.90636e-01,9.99999e-01
1.337355710e+00,9.90820e-01,9.99999e-01,9.99999e-01,9.90820e-01,9.99999e-01
1.344042489e+00,9.91001e-01,9.99999e-01,9.99999e-01,9.91001e-01,9.99999e-01
1.350762701e+00,9.91178e-01,9.99999e-01,9.99999e-01,9.91178e-01,9.99999e-01
1.357516515e+00,9.91351e-01,9.99999e-01,9.99999e-01,9.91351e-01,9.99999e-01
1.364304097e+00,9.91521e-01,9.99999e-01,9.99999e-01,9.91521e-01,9.99999e-01
1.371125618e+00,9.91688e-01,9.99999e-01,9.99999e-01,9.91688e-01,9.99999e-01
1.377981246e+00,9.91852e-01,9.99999e-01,9.99999e-01,9.91852e-01,9.99999e-01
1.384871152e+00,9.92012e-01,9.99999e-01,9.99999e-01,9.92012e-01,9.99999e-01
1.391795508e+00,9.92169e-01,9.99999e-01,9.99999e-01,9.92169e-01,9.99999e-01
1.398754485e+00,9.92323e-01,9.99999e-01,9.99999e-01,9.92323e-01,9.99999e-01
1.405748258e+00,9.92474e-01,9.99999e-01,9.99999e-01,9.92474e-01,9.99999e-01
1.412776999e+00,9.92622e-01,9.99999e-01,9.99999e-01,9.92622e-01,9.99999e-01
1.419840884e+00,9.92767e-01,9.99998e-01,9.99999e-01,9.92767e-01,9.99999e-01
1.426940089e+00,9.92909e-01,9.99998e-01,9.99999e-01,9.92910e-01,9.99999e-01
1.434074789e+00,9.93048e-01,9.99998e-01,9.99999e-01,9.93049e-01,9.99999e-01
1.441245163e+00,9.93186e-01,9.99999e-01,9.99999e-01,9.93186e-01,9.99999e-01
1.448451389e+00,9.93319e-01,9.99998e-01,9.99999e-01,9.93320e-01,9.99999e-01
1.455693646e+00,9.93451e-01,9.99998e-01,9.99999e-01,9.93452e-01,9.99999e-01
1.462972114e+00,9.93580e-01,9.99999e-01,9.99999e-01,9.93581e-01,9.99999e-01
1.470286975e+00,9.93707e-01,9.99999e-01,9.99999e-01,9.93707e-01,9.99999e-01
1.477638409e+00,9.93831e-01,9.99999e-01,9.99999e-01,9.93831e-01,9.99999e-01
1.485026601e+00,9.93952e-01,9.99999e-01,9.99999e-01,9.93952e-01,9.99999e-01
1.492451734e+00,9.94071e-01,9.99999e-01,9.99999e-01,9.94071e-01,9.99999e-01
1.499913993e+00,9.94188e-01,9.99999e-01,9.99999e-01,9.94188e-01,9.99999e-01
1.507413563e+00,9.94303e-01,9.99999e-01,9.99999e-01,9.94303e-01,9.99999e-01
1.514950631e+00,9.94415e-01,9.99999e-01,9.99999e-01,9.94415e-01,9.99999e-01
1.522525384e+00,9.94525e-01,9.99999e-01,9.99999e-01,9.94525e-01,9.99999e-01
1.530138011e+00,9.94633e-01,9.99999e-01,9.99999e-01,9.94633e-01,9.99999e-01
1.537788701e+00,9.94738e-01,9.99999e-01,9.99999e-01,9.94738e-01,9.99999e-01
1.545477645e+00,9.94842e-01,9.99999e-01,9.99999e-01,9.94842e-01,9.99999e-01
1.553205033e+00,9.94944e-01,9.99999e-01,9.99999e-01,9.94944e-01,9.99999e-01
1.560971058e+00,9.95043e-01,9.99999e-01,9.99999e-01,9.95043e-01,9.99999e-01
1.568775913e+00,9.95141e-01,9.99999e-01,9.99999e-01,9.95141e-01,9.99999e-01
1.576619793e+00,9.95237e-01,9.99999e-01,9.99999e-01,9.95237e-01,9.99999e-01
1.584502892e+00,9.95331e-01,9.99999e-01,9.99999e-01,9.95331e-01,9.99999e-01
1.592425406e+00,9.95423e-01,9.99999e-01,9.99999e-01,9.95423e-01,9.99999e-01
1.600387533e+00,9.95513e-01,9.99999e-01,9.99999e-01,9.95513e-01,9.99999e-01
1.608389471e+00,9.95601e-01,9.99999e-01,9.99999e-01,9.95601e-01,9.99999e-01
1.616431418e+00,9.95688e-01,9.99999e-01,9.99999e-01,9.95688e-01,9.99999e-01
1.624513575e+00,9.95773e-01,9.99999e-01,9.99999e-01,9.95773e-01,9.99999e-01
1.632636143e+00,9.95856e-01,9.99999e-01,9.99999e-01,9.95856e-01,9.99999e-01
1.640799324e+00,9.95938e-01,9.99999e-01,9.99999e-01,9.95938e-01,9.99999e-01
1.649003321e+00,9.96018e-01,9.99999e-01,9.99999e-01,9.96018e-01,9.99999e-01
1.657248337e+00,9.96096e-01,9.99999e-01,9.99999e-01,9.96096e-01,9.99999e-01
1.665534579e+00,9.96173e-01,9.99999e-01,9.99999e-01,9.96173e-01,9.99999e-01
1.673862252e+00,9.96249e-01,9.99999e-01,9.99999e-01,9.96249e-01,9.99999e-01
1.682231563e+00,9.96323e-01,9.99999e-01,9.99999e-01,9.96323e-01,9.99999e-01
1.690642721e+00,9.96395e-01,9.99999e-01,9.99999e-01,9.96395e-01,9.99999e-01
1.699095934e+00,9.96466e-01,9.99999e-01,9.99999e-01,9.96466e-01,9.99999e-01
1.707591414e+00,9.96536e-01,9.99999e-01,9.99999e-01,9.96536e-01,9.99999e-01
1.716129371e+00,9.96604e-01,9.99999e-01,9.99999e-01,9.96604e-01,9.99999e-01
1.724710018e+00,9.96671e-01,9.99999e-01,9.99999e-01,9.96671e-01,9.99999e-01
1.733333568e+00,9.96737e-01,9.99999e-01,9.99999e-01,9.96737e-01,9.99999e-01
1.742000236e+00,9.96801e-01,9.99999e-01,9.99999e-01,9.96801e-01,9.99999e-01
1.750710237e+00,9.96864e-01,9.99999e-01,9.99999e-01,9.96864e-01,9.99999e-01
1.759463788e+00,9.96926e-01,9.99999e-01,9.99999e-01,9.96926e-01,9.99999e-01
1.768261107e+00,9.96987e-01,9.99999e-01,9.99999e-01,9.96987e-01,9.99999e-01
1.777102413e+00,9.97046e-01,9.99999e-01,9.99999e-01,9.97046e-01,9.99999e-01
1.785987925e+00,9.97104e-01,9.99999e-01,9.99999e-01,9.97104e-01,9.99999e-01
1.794917864e+00,9.97161e-01,9.99999e-01,9.99999e-01,9.97161e-01,9.99999e-01
1.803892454e+00,9.97217e-01,9.99999e-01,9.99999e-01,9.97217e-01,9.99999e-01
1.812911916e+00,9.97272e-01,9.99999e-01,9.99999e-01,9.97272e-01,9.99999e-01
1.821976476e+00,9.97326e-01,9.99999e-01,9.99999e-01,9.97326e-01,9.99999e-01
1.831086358e+00,9.97379e-01,9.99999e-01,9.99999e-01,9.97379e-01,9.99999e-01
1.840241790e+00,9.97430e-01,9.99999e-01,9.99999e-01,9.97430e-01,9.99999e-01
1.849442999e+00,9.97481e-01,9.99999e-01,9.99999e-01,9.97481e-01,9.99999e-01
1.858690214e+00,9.97531e-01,9.99999e-01,9.99999e-01,9.97531e-01,9.99999e-01
1.867983665e+00,9.97579e-01,9.99999e-01,9.99999e-01,9.97579e-01,9.99999e-01
1.877323583e+00,9.97627e-01,9.99999e-01,9.99999e-01,9.97627e-01,9.99999e-01
1.886710201e+00,9.97674e-01,9.99999e-01,9.99999e-01,9.97674e-01,9.99999e-01
1.896143752e+00,9.97720e-01,9.99999e-01,9.99999e-01,9.97720e-01,9.99999e-01
1.905624471e+00,9.97765e-01,9.99999e-01,9.99999e-01,9.97765e-01,9.99999e-01
1.915152593e+00,9.97809e-01,9.99999e-01,9.99999e-01,9.97809e-01,9.99999e-01
1.924728356e+00,9.97852e-01,9.99999e-01,9.99999e-01,9.97852e-01,9.99999e-01
1.934351998e+00,9.97894e-01,9.99999e-01,9.99999e-01,9.97894e-01,9.99999e-01
1.944023758e+00,9.97936e-01,9.99999e-01,9.99999e-01,9.97936e-01,9.99999e-01
1.953743877e+00,9.97977e-01,9.99999e-01,9.99999e-01,9.97977e-01,9.99999e-01
1.963512596e+00,9.98017e-01,9.99999e-01,9.99999e-01,9.98017e-01,9.99999e-01
1.973330159e+00,9.98056e-01,9.99999e-01,9.99999e-01,9.98056e-01,9.99999e-01
1.983196810e+00,9.98094e-01,9.99999e-01,9.99999e-01,9.98094e-01,9.99999e-01
1.993112794e+00,9.98132e-01,9.99999e-01,9.99999e-01,9.98132e-01,9.99999e-01
2.003078358e+00,9.98117e-01,9.99999e-01,9.99999e-01,9.98168e-01,9.99947e-01
2.013093750e+00,9.98104e-01,9.99999e-01,9.99999e-01,9.98205e-01,9.99899e-01
2.023159218e+00,9.98082e-01,9.99999e-01,9.99999e-01,9.98240e-01,9.99841e-01
2.033275015e+00,9.98035e-01,9.99999e-01,9.99999e-01,9.98275e-01,9.99759e-01
2.043441390e+00,9.97910e-01,9.99998e-01,9.99999e-01,9.98309e-01,9.99601e-01
2.053658597e+00,9.97660e-01,9.99996e-01,9.99999e-01,9.98342e-01,9.99318e-01
2.063926890e+00,9.97185e-01,9.99993e-01,9.99999e-01,9.98375e-01,9.98814e-01
2.074246524e+00,9.96329e-01,9.99986e-01,9.99999e-01,9.98407e-01,9.97931e-01
2.084617757e+00,9.94986e-01,9.99979e-01,9.99999e-01,9.98438e-01,9.96561e-01
2.095040845e+00,9.93173e-01,9.99968e-01,9.99999e-01,9.98469e-01,9.94726e-01
2.105516050e+00,9.90981e-01,9.99961e-01,9.99999e-01,9.98499e-01,9.92507e-01
2.116043630e+00,9.89182e-01,9.99964e-01,9.99999e-01,9.98529e-01,9.90673e-01
2.126623848e+00,9.88004e-01,9.99970e-01,9.99999e-01,9.98558e-01,9.89459e-01
2.137256967e+00,9.86800e-01,9.99973e-01,9.99999e-01,9.98586e-01,9.88221e-01
2.147943252e+00,9.84415e-01,9.99987e-01,9.99999e-01,9.98614e-01,9.85792e-01
2.158682968e+00,9.82209e-01,9.99914e-01,9.99999e-01,9.98642e-01,9.83628e-01
2.169476383e+00,9.86436e-01,9.99970e-01,9.99999e-01,9.98668e-01,9.87778e-01
2.180323765e+00,9.89798e-01,9.99982e-01,9.99999e-01,9.98695e-01,9.91107e-01
2.191225384e+00,9.91310e-01,9.99982e-01,9.99999e-01,9.98720e-01,9.92597e-01
2.202181511e+00,9.92973e-01,9.99985e-01,9.99999e-01,9.98746e-01,9.94233e-01
2.213192418e+00,9.94722e-01,9.99988e-01,9.99999e-01,9.98770e-01,9.95956e-01
2.224258381e+00,9.96230e-01,9.99990e-01,9.99999e-01,9.98795e-01,9.97439e-01
2.235379672e+00,9.97348e-01,9.99992e-01,9.99999e-01,9.98818e-01,9.98534e-01
2.246556571e+00,9.98015e-01,9.99995e-01,9.99999e-01,9.98842e-01,9.99176e-01
2.257789354e+00,9.98406e-01,9.99996e-01,9.99999e-01,9.98865e-01,9.99543e-01
2.269078300e+00,9.98646e-01,9.99997e-01,9.99999e-01,9.98887e-01,9.99759e-01
2.280423692e+00,9.98769e-01,9.99998e-01,9.99999e-01,9.98909e-01,9.99860e-01
2.291825810e+00,9.98849e-01,9.99998e-01,9.99999e-01,9.98930e-01,9.99918e-01
2.303284939e+00,9.98906e-01,9.99999e-01,9.99999e-01,9.98952e-01,9.99953e-01
2.314801364e+00,9.98942e-01,9.99999e-01,9.99999e-01,9.98972e-01,9.99969e-01
2.326375371e+00,9.98992e-01,9.99999e-01,9.99999e-01,9.98992e-01,9.99999e-01
2.338007248e+00,9.99012e-01,9.99999e-01,9.99999e-01,9.99012e-01,9.99999e-01
2.349697284e+00,9.99032e-01,9.99999e-01,9.99999e-01,9.99032e-01,9.99999e-01
2.361445770e+00,9.99051e-01,9.99999e-01,9.99999e-01,9.99051e-01,9.99999e-01
2.373252999e+00,9.99070e-01,9.99999e-01,9.99999e-01,9.99070e-01,9.99999e-01
2.385119264e+00,9.99088e-01,9.99999e-01,9.99999e-01,9.99088e-01,9.99999e-01
2.397044861e+00,9.99106e-01,9.99999e-01,9.99999e-01,9.99106e-01,9.99999e-01
2.409030085e+00,9.99124e-01,9.99999e-01,9.99999e-01,9.99124e-01,9.99999e-01
2.421075235e+00,9.99141e-01,9.99999e-01,9.99999e-01,9.99141e-01,9.99999e-01
2.433180612e+00,9.99158e-01,9.99999e-01,9.99999e-01,9.99158e-01,9.99999e-01
2.445346515e+00,9.99174e-01,9.99999e-01,9.99999e-01,9.99174e-01,9.99999e-01
2.457573247e+00,9.99191e-01,9.99999e-01,9.99999e-01,9.99191e-01,9.99999e-01
2.469861113e+00,9.99207e-01,9.99999e-01,9.99999e-01,9.99207e-01,9.99999e-01
2.482210419e+00,9.99222e-01,9.99999e-01,9.99999e-01,9.99222e-01,9.99999e-01
2.494621471e+00,9.99238e-01,9.99999e-01,9.99999e-01,9.99238e-01,9.99999e-01
2.507094578e+00,9.99253e-01,9.99999e-01,9.99999e-01,9.99253e-01,9.99999e-01
2.519630051e+00,9.99267e-01,9.99999e-01,9.99999e-01,9.99267e-01,9.99999e-01
2.532228202e+00,9.99282e-01,9.99999e-01,9.99999e-01,9.99282e-01,9.99999e-01
2.544889343e+00,9.99296e-01,9.99999e-01,9.99999e-01,9.99296e-01,9.99999e-01
2.557613789e+00,9.99310e-01,9.99999e-01,9.99999e-01,9.99310e-01,9.99999e-01
2.570401858e+00,9.99324e-01,9.99999e-01,9.99999e-01,9.99324e-01,9.99999e-01
2.583253867e+00,9.99337e-01,9.99999e-01,9.99999e-01,9.99337e-01,9.99999e-01
2.596170137e+00,9.99350e-01,9.99999e-01,9.99999e-01,9.99350e-01,9.99999e-01
2.609150988e+00,9.99363e-01,9.99999e-01,9.99999e-01,9.99363e-01,9.99999e-01
2.622196742e+00,9.99375e-01,9.99999e-01,9.99999e-01,9.99375e-01,9.99999e-01
2.635307726e+00,9.99388e-01,9.99999e-01,9.99999e-01,9.99388e-01,9.99999e-01
2.648484265e+00,9.99400e-01,9.99999e-01,9.99999e-01,9.99400e-01,9.99999e-01
2.661726686e+00,9.99412e-01,9.99999e-01,9.99999e-01,9.99412e-01,9.99999e-01
2.675035320e+00,9.99423e-01,9.99999e-01,9.99999e-01,9.99423e-01,9.99999e-01
2.688410496e+00,9.99435e-01,9.99999e-01,9.99999e-01,9.99435e-01,9.99999e-01
2.701852549e+00,9.99446e-01,9.99999e-01,9.99999e-01,9.99446e-01,9.99999e-01
2.715361811e+00,9.99457e-01,9.99999e-01,9.99999e-01,9.99457e-01,9.99999e-01
2.728938620e+00,9.99467e-01,9.99999e-01,9.99999e-01,9.99467e-01,9.99999e-01
2.742583314e+00,9.99478e-01,9.99999e-01,9.99999e-01,9.99478e-01,9.99999e-01
2.756296230e+00,9.99488e-01,9.99999e-01,9.99999e-01,9.99488e-01,9.99999e-01
2.770077711e+00,9.99498e-01,9.99999e-01,9.99999e-01,9.99498e-01,9.99999e-01
2.783928100e+00,9.99508e-01,9.99999e-01,9.99999e-01,9.99508e-01,9.99999e-01
2.797847740e+00,9.99518e-01,9.99999e-01,9.99999e-01,9.99518e-01,9.99999e-01
2.811836979e+00,9.99527e-01,9.99999e-01,9.99999e-01,9.99527e-01,9.99999e-01
2.825896164e+00,9.99537e-01,9.99999e-01,9.99999e-01,9.99537e-01,9.99999e-01
2.840025645e+00,9.99546e-01,9.99999e-01,9.99999e-01,9.99546e-01,9.99999e-01
2.854225773e+00,9.99555e-01,9.99999e-01,9.99999e-01,9.99555e-01,9.99999e-01
2.868496902e+00,9.99563e-01,9.99999e-01,9.99999e-01,9.99563e-01,9.99999e-01
2.882839386e+00,9.99572e-01,9.99999e-01,9.99999e-01,9.99572e-01,9.99999e-01
2.897253583e+00,9.99580e-01,9.99999e-01,9.99999e-01,9.99580e-01,9.99999e-01
2.911739851e+00,9.99589e-01,9.99999e-01,9.99999e-01,9.99589e-01,9.99999e-01
2.926298550e+00,9.99597e-01,9.99999e-01,9.99999e-01,9.99597e-01,9.99999e-01
2.940930043e+00,9.99605e-01,9.99999e-01,9.99999e-01,9.99605e-01,9.99999e-01
2.955634693e+00,9.99613e-01,9.99999e-01,9.99999e-01,9.99613e-01,9.99999e-01
2.970412867e+00,9.99620e-01,9.99999e-01,9.99999e-01,9.99620e-01,9.99999e-01
2.985264931e+00,9.99628e-01,9.99999e-01,9.99999e-01,9.99628e-01,9.99999e-01
3.000191256e+00,9.99635e-01,9.99999e-01,9.99999e-01,9.99635e-01,9.99999e-01
3.015192212e+00,9.99642e-01,9.99999e-01,9.99999e-01,9.99642e-01,9.99999e-01
3.030268173e+00,9.99649e-01,9.99999e-01,9.99999e-01,9.99649e-01,9.99999e-01
3.045419514e+00,9.99656e-01,9.99999e-01,9.99999e-01,9.99656e-01,9.99999e-01
3.060646612e+00,9.99663e-01,9.99999e-01,9.99999e-01,9.99663e-01,9.99999e-01
3.075949845e+00,9.99670e-01,9.99999e-01,9.99999e-01,9.99670e-01,9.99999e-01
3.091329594e+00,9.99676e-01,9.99999e-01,9.99999e-01,9.99676e-01,9.99999e-01
3.106786242e+00,9.99682e-01,9.99999e-01,9.99999e-01,9.99682e-01,9.99999e-01
3.122320173e+00,9.99689e-01,9.99999e-01,9.99999e-01,9.99689e-01,9.99999e-01
3.137931774e+00,9.99695e-01,9.99999e-01,9.99999e-01,9.99695e-01,9.99999e-01
3.153621433e+00,9.99701e-01,9.99999e-01,9.99999e-01,9.99701e-01,9.99999e-01
3.169389540e+00,9.99707e-01,9.99999e-01,9.99999e-01,9.99707e-01,9.99999e-01
3.185236488e+00,9.99712e-01,9.99999e-01,9.99999e-01,9.99712e-01,9.99999e-01
3.201162670e+00,9.99718e-01,9.99999e-01,9.99999e-01,9.99718e-01,9.99999e-01
3.217168483e+00,9.99724e-01,9.99999e-01,9.99999e-01,9.99724e-01,9.99999e-01
3.233254326e+00,9.99729e-01,9.99999e-01,9.99999e-01,9.99729e-01,9.99999e-01
3.249420598e+00,9.99734e-01,9.99999e-01,9.99999e-01,9.99734e-01,9.99999e-01
3.265667701e+00,9.99740e-01,9.99999e-01,9.99999e-01,9.99740e-01,9.99999e-01
3.281996039e+00,9.99745e-01,9.99999e-01,9.99999e-01,9.99745e-01,9.99999e-01
3.298406019e+00,9.99750e-01,9.99999e-01,9.99999e-01,9.99750e-01,9.99999e-01
3.314898049e+00,9.99755e-01,9.99999e-01,9.99999e-01,9.99755e-01,9.99999e-01
3.331472540e+00,9.98970e-01,9.99999e-01,9.99999e-01,9.99760e-01,9.99210e-01
3.348129902e+00,9.95559e-01,9.99999e-01,9.99999e-01,9.99764e-01,9.95793e-01
3.364870552e+00,9.71811e-01,9.99999e-01,9.99999e-01,9.99769e-01,9.72034e-01
3.381694905e+00,9.79102e-01,9.99999e-01,9.99999e-01,9.99773e-01,9.79323e-01
3.398603379e+00,9.75872e-01,9.99999e-01,9.99999e-01,9.99778e-01,9.76087e-01
3.415596396e+00,9.75278e-01,9.99999e-01,9.99999e-01,9.99782e-01,9.75490e-01
3.432674378e+00,9.86439e-01,9.99999e-01,9.99999e-01,9.99787e-01,9.86649e-01
3.449837750e+00,9.90617e-01,9.99999e-01,9.99999e-01,9.99791e-01,9.90824e-01
3.467086939e+00,9.88924e-01,9.99999e-01,9.99999e-01,9.99795e-01,9.89126e-01
3.484422373e+00,9.87462e-01,9.99999e-01,9.99999e-01,9.99799e-01,9.87660e-01
3.501844485e+00,9.91921e-01,9.99999e-01,9.99999e-01,9.99803e-01,9.92116e-01
3.519353708e+00,9.97637e-01,9.99999e-01,9.99999e-01,9.99807e-01,9.97829e-01
3.536950476e+00,9.99376e-01,9.99999e-01,9.99999e-01,9.99811e-01,9.99564e-01
3.554635228e+00,9.98586e-01,9.99999e-01,9.99999e-01,9.99814e-01,9.98770e-01
3.572408405e+00,9.98166e-01,9.99999e-01,9.99999e-01,9.99818e-01,9.98347e-01
3.590270447e+00,9.97929e-01,9.99999e-01,9.99999e-01,9.99821e-01,9.98106e-01
3.608221799e+00,9.96656e-01,9.99999e-01,9.99999e-01,9.99825e-01,9.96829e-01
3.626262908e+00,9.95464e-01,9.99999e-01,9.99999e-01,9.99828e-01,9.95633e-01
3.644394222e+00,9.93284e-01,9.99999e-01,9.99999e-01,9.99832e-01,9.93450e-01
3.662616193e+00,9.90925e-01,9.99999e-01,9.99999e-01,9.99835e-01,9.91087e-01
3.680929274e+00,9.87708e-01,9.99999e-01,9.99999e-01,9.99838e-01,9.87867e-01
3.699333921e+00,9.83961e-01,9.99999e-01,9.99999e-01,9.99842e-01,9.84117e-01
3.717830590e+00,9.79060e-01,9.99998e-01,9.99999e-01,9.99845e-01,9.79212e-01
3.736419743e+00,9.72211e-01,9.99997e-01,9.99999e-01,9.99848e-01,9.72360e-01
3.755101842e+00,9.65122e-01,9.99995e-01,9.99999e-01,9.99851e-01,9.65268e-01
3.773877351e+00,9.55384e-01,9.99992e-01,9.99999e-01,9.99854e-01,9.55530e-01
3.792746738e+00,9.41952e-01,9.99987e-01,9.99999e-01,9.99856e-01,9.42097e-01
3.811710472e+00,9.26424e-01,9.99975e-01,9.99999e-01,9.99859e-01,9.26576e-01
3.830769024e+00,9.07769e-01,9.99963e-01,9.99999e-01,9.99862e-01,9.07926e-01
3.849922869e+00,8.84456e-01,9.99932e-01,9.99999e-01,9.99865e-01,8.84635e-01
3.869172484e+00,8.55984e-01,9.99904e-01,9.99999e-01,9.99867e-01,8.56178e-01
3.888518346e+00,8.19112e-01,9.99831e-01,9.99999e-01,9.99870e-01,8.19355e-01
3.907960938e+00,7.73051e-01,9.99794e-01,9.99999e-01,9.99873e-01,7.73307e-01
3.927500742e+00,7.17030e-01,9.99645e-01,9.99999e-01,9.99875e-01,7.17374e-01
3.947138246e+00,6.49469e-01,9.99502e-01,9.99999e-01,9.99877e-01,6.49870e-01
3.966873937e+00,5.71351e-01,9.99431e-01,9.99999e-01,9.99880e-01,5.71744e-01
3.986708307e+00,4.86682e-01,9.99079e-01,9.99999e-01,9.99882e-01,4.87187e-01
4.006641849e+00,4.00030e-01,9.98787e-01,9.99999e-01,9.99885e-01,4.00561e-01
4.026675058e+00,3.19282e-01,9.98998e-01,9.99999e-01,9.99887e-01,3.19638e-01
4.046808433e+00,2.50170e-01,9.98951e-01,9.99999e-01,9.99889e-01,2.50460e-01
4.067042475e+00,1.95679e-01,9.98514e-01,9.99999e-01,9.99891e-01,1.95991e-01
4.087377688e+00,1.55482e-01,9.98254e-01,9.99999e-01,9.99893e-01,1.55770e-01
4.107814576e+00,1.28833e-01,9.97959e-01,9.99999e-01,9.99895e-01,1.29110e-01
4.128353649e+00,1.13802e-01,9.97941e-01,9.99999e-01,9.99897e-01,1.14049e-01
4.148995417e+00,1.07477e-01,9.98568e-01,9.99999e-01,9.99899e-01,1.07642e-01
4.169740394e+00,1.08676e-01,9.98682e-01,9.99999e-01,9.99901e-01,1.08830e-01
4.190589096e+00,1.14670e-01,9.98779e-01,9.99999e-01,9.99903e-01,1.14821e-01
4.211542042e+00,1.16334e-01,9.98869e-01,9.99999e-01,9.99905e-01,1.16476e-01
4.232599752e+00,1.06671e-01,9.99308e-01,9.99999e-01,9.99907e-01,1.06755e-01
4.253762751e+00,8.12225e-02,9.99518e-01,9.99999e-01,9.99909e-01,8.12689e-02
4.275031564e+00,4.85720e-02,9.99198e-01,9.99999e-01,9.99911e-01,4.86152e-02
4.296406722e+00,4.10034e-02,9.92295e-01,9.99999e-01,9.99912e-01,4.13253e-02
4.317888756e+00,6.43808e-02,9.98494e-01,9.99999e-01,9.99914e-01,6.44833e-02
4.339478200e+00,1.16811e-01,9.99104e-01,9.99999e-01,9.99916e-01,1.16926e-01
4.361175591e+00,1.65869e-01,9.99271e-01,9.99999e-01,9.99917e-01,1.66003e-01
4.382981469e+00,1.97708e-01,9.99233e-01,9.99999e-01,9.99919e-01,1.97875e-01
4.404896376e+00,2.18475e-01,9.98925e-01,9.99999e-01,9.99921e-01,2.18727e-01
4.426920858e+00,2.37915e-01,9.98912e-01,9.99999e-01,9.99922e-01,2.38192e-01
4.449055462e+00,2.61922e-01,9.99248e-01,9.99999e-01,9.99924e-01,2.62138e-01
4.471300739e+00,2.93945e-01,9.99210e-01,9.99999e-01,9.99925e-01,2.94199e-01
4.493657243e+00,3.35239e-01,9.99313e-01,9.99999e-01,9.99927e-01,3.35493e-01
4.516125529e+00,3.85164e-01,9.99353e-01,9.99999e-01,9.99928e-01,3.85440e-01
4.538706157e+00,4.43722e-01,9.99232e-01,9.99999e-01,9.99929e-01,4.44093e-01
4.561399688e+00,5.08050e-01,9.99459e-01,9.99999e-01,9.99931e-01,5.08359e-01
4.584206686e+00,5.74809e-01,9.99575e-01,9.99999e-01,9.99932e-01,5.75091e-01
4.607127720e+00,6.40304e-01,9.99581e-01,9.99999e-01,9.99934e-01,6.40613e-01
4.630163358e+00,7.02625e-01,9.99735e-01,9.99999e-01,9.99935e-01,7.02855e-01
4.653314175e+00,7.58077e-01,9.99752e-01,9.99999e-01,9.99936e-01,7.58312e-01
4.676580746e+00,8.05764e-01,9.99761e-01,9.99999e-01,9.99937e-01,8.06005e-01
4.699963650e+00,8.45750e-01,9.99871e-01,9.99999e-01,9.99939e-01,8.45910e-01
4.723463468e+00,8.78551e-01,9.99845e-01,9.99999e-01,9.99940e-01,8.78739e-01
4.747080785e+00,9.04441e-01,9.99919e-01,9.99999e-01,9.99941e-01,9.04565e-01
4.770816189e+00,9.25293e-01,9.99925e-01,9.99999e-01,9.99942e-01,9.25414e-01
4.794670270e+00,9.41957e-01,9.99922e-01,9.99999e-01,9.99943e-01,9.42083e-01
4.818643622e+00,9.55284e-01,9.99962e-01,9.99999e-01,9.99944e-01,9.55372e-01
4.842736840e+00,9.65377e-01,9.99965e-01,9.99999e-01,9.99945e-01,9.65461e-01
4.866950524e+00,9.72992e-01,9.99980e-01,9.99999e-01,9.99946e-01,9.73062e-01
4.891285276e+00,9.79255e-01,9.99983e-01,9.99999e-01,9.99947e-01,9.79321e-01
4.915741703e+00,9.84063e-01,9.99988e-01,9.99999e-01,9.99948e-01,9.84124e-01
4.940320411e+00,9.87667e-01,9.99990e-01,9.99999e-01,9.99949e-01,9.87725e-01
4.965022013e+00,9.90495e-01,9.99991e-01,9.99999e-01,9.99950e-01,9.90551e-01
4.989847123e+00,9.92922e-01,9.99995e-01,9.99999e-01,9.99951e-01,9.92973e-01
5.014796359e+00,9.94931e-01,9.99995e-01,9.99999e-01,9.99952e-01,9.94981e-01
5.039870341e+00,9.96462e-01,9.99997e-01,9.99999e-01,9.99953e-01,9.96510e-01
5.065069693e+00,9.97639e-01,9.99997e-01,9.99999e-01,9.99954e-01,9.97685e-01
5.090395041e+00,9.98655e-01,9.99999e-01,9.99999e-01,9.99955e-01,9.98700e-01
5.115847016e+00,9.99196e-01,9.99999e-01,9.99999e-01,9.99956e-01,9.99239e-01
5.141426251e+00,9.99169e-01,9.99998e-01,9.99999e-01,9.99957e-01,9.99212e-01
5.167133383e+00,9.99671e-01,9.99999e-01,9.99999e-01,9.99958e-01,9.99713e-01
5.192969049e+00,9.99710e-01,9.99999e-01,9.99999e-01,9.99958e-01,9.99751e-01
5.218933895e+00,9.99380e-01,9.99999e-01,9.99999e-01,9.99959e-01,9.99420e-01
5.245028564e+00,9.99442e-01,9.99999e-01,9.99999e-01,9.99960e-01,9.99481e-01
5.271253707e+00,9.99579e-01,9.99999e-01,9.99999e-01,9.99961e-01,9.99617e-01
5.297609976e+00,9.99549e-01,9.99999e-01,9.99999e-01,9.99962e-01,9.99587e-01
5.324098025e+00,9.99749e-01,9.99999e-01,9.99999e-01,9.99962e-01,9.99786e-01
5.350718516e+00,9.97359e-01,9.99999e-01,9.99999e-01,9.99963e-01,9.97394e-01
5.377472108e+00,9.97724e-01,9.99999e-01,9.99999e-01,9.99964e-01,9.97759e-01
5.404359469e+00,9.99964e-01,9.99999e-01,9.99999e-01,9.99964e-01,9.99999e-01
5.431381266e+00,9.99965e-01,9.99999e-01,9.99999e-01,9.99965e-01,9.99999e-01
5.458538172e+00,9.99966e-01,9.99999e-01,9.99999e-01,9.99966e-01,9.99999e-01
5.485830863e+00,9.99966e-01,9.99999e-01,9.99999e-01,9.99966e-01,9.99999e-01
5.513260018e+00,9.99967e-01,9.99999e-01,9.99999e-01,9.99967e-01,9.99999e-01
5.540826318e+00,9.99968e-01,9.99999e-01,9.99999e-01,9.99968e-01,9.99999e-01
5.568530449e+00,9.99968e-01,9.99999e-01,9.99999e-01,9.99968e-01,9.99999e-01
5.596373101e+00,9.99969e-01,9.99999e-01,9.99999e-01,9.99969e-01,9.99999e-01
5.624354967e+00,9.99970e-01,9.99999e-01,9.99999e-01,9.99970e-01,9.99999e-01
5.652476742e+00,9.99970e-01,9.99999e-01,9.99999e-01,9.99970e-01,9.99999e-01
5.680739126e+00,9.99971e-01,9.99999e-01,9.99999e-01,9.99971e-01,9.99999e-01
5.709142821e+00,9.99971e-01,9.99999e-01,9.99999e-01,9.99971e-01,9.99999e-01
5.737688535e+00,9.99972e-01,9.99999e-01,9.99999e-01,9.99972e-01,9.99999e-01
5.766376978e+00,9.99972e-01,9.99999e-01,9.99999e-01,9.99972e-01,9.99999e-01
5.795208863e+00,9.99973e-01,9.99999e-01,9.99999e-01,9.99973e-01,9.99999e-01
5.824184907e+00,9.99973e-01,9.99999e-01,9.99999e-01,9.99973e-01,9.99999e-01
5.853305832e+00,9.99974e-01,9.99999e-01,9.99999e-01,9.99974e-01,9.99999e-01
5.882572361e+00,9.99974e-01,9.99999e-01,9.99999e-01,9.99974e-01,9.99999e-01
5.911985223e+00,9.99975e-01,9.99999e-01,9.99999e-01,9.99975e-01,9.99999e-01
5.941545149e+00,9.99975e-01,9.99999e-01,9.99999e-01,9.99975e-01,9.99999e-01
5.971252874e+00,9.99976e-01,9.99999e-01,9.99999e-01,9.99976e-01,9.99999e-01
6.001109139e+00,9.99976e-01,9.99999e-01,9.99999e-01,9.99976e-01,9.99999e-01
6.031114685e+00,9.99977e-01,9.99999e-01,9.99999e-01,9.99977e-01,9.99999e-01
6.061270258e+00,9.99977e-01,9.99999e-01,9.99999e-01,9.99977e-01,9.99999e-01
6.091576609e+00,9.99978e-01,9.99999e-01,9.99999e-01,9.99978e-01,9.99999e-01
6.122034492e+00,9.99978e-01,9.99999e-01,9.99999e-01,9.99978e-01,9.99999e-01
6.152644665e+00,9.99978e-01,9.99999e-01,9.99999e-01,9.99978e-01,9.99999e-01
6.183407888e+00,9.99979e-01,9.99999e-01,9.99999e-01,9.99979e-01,9.99999e-01
6.214324928e+00,9.99979e-01,9.99999e-01,9.99999e-01,9.99979e-01,9.99999e-01
6.245396552e+00,9.99980e-01,9.99999e-01,9.99999e-01,9.99980e-01,9.99999e-01
6.276623535e+00,9.99980e-01,9.99999e-01,9.99999e-01,9.99980e-01,9.99999e-01
6.308006653e+00,9.99980e-01,9.99999e-01,9.99999e-01,9.99980e-01,9.99999e-01
6.339546686e+00,9.99981e-01,9.99999e-01,9.99999e-01,9.99981e-01,9.99999e-01
6.371244419e+00,9.99981e-01,9.99999e-01,9.99999e-01,9.99981e-01,9.99999e-01
6.403100641e+00,9.99981e-01,9.99999e-01,9.99999e-01,9.99981e-01,9.99999e-01
6.435116145e+00,9.99982e-01,9.99999e-01,9.99999e-01,9.99982e-01,9.99999e-01
6.467291725e+00,9.99982e-01,9.99999e-01,9.99999e-01,9.99982e-01,9.99999e-01
6.499628184e+00,9.99982e-01,9.99999e-01,9.99999e-01,9.99982e-01,9.99999e-01
6.532126325e+00,9.99983e-01,9.99999e-01,9.99999e-01,9.99983e-01,9.99999e-01
6.564786956e+00,9.99983e-01,9.99999e-01,9.99999e-01,9.99983e-01,9.99999e-01
6.597610891e+00,9.99983e-01,9.99999e-01,9.99999e-01,9.99983e-01,9.99999e-01
6.630598946e+00,9.99984e-01,9.99999e-01,9.99999e-01,9.99984e-01,9.99999e-01
6.663751940e+00,9.99984e-01,9.99999e-01,9.99999e-01,9.99984e-01,9.99999e-01
6.697070700e+00,9.99984e-01,9.99999e-01,9.99999e-01,9.99984e-01,9.99999e-01
6.730556054e+00,9.99985e-01,9.99999e-01,9.99999e-01,9.99985e-01,9.99999e-01
6.764208834e+00,9.99985e-01,9.99999e-01,9.99999e-01,9.99985e-01,9.99999e-01
6.798029878e+00,9.99985e-01,9.99999e-01,9.99999e-01,9.99985e-01,9.99999e-01
6.832020027e+00,9.99985e-01,9.99999e-01,9.99999e-01,9.99985e-01,9.99999e-01
6.866180128e+00,9.99986e-01,9.99999e-01,9.99999e-01,9.99986e-01,9.99999e-01
6.900511028e+00,9.99986e-01,9.99999e-01,9.99999e-01,9.99986e-01,9.99999e-01
6.935013583e+00,9.99986e-01,9.99999e-01,9.99999e-01,9.99986e-01,9.99999e-01
6.969688651e+00,9.99987e-01,9.99999e-01,9.99999e-01,9.99987e-01,9.99999e-01
7.004537095e+00,9.99987e-01,9.99999e-01,9.99999e-01,9.99987e-01,9.99999e-01
7.039559780e+00,9.99987e-01,9.99999e-01,9.99999e-01,9.99987e-01,9.99999e-01
7.074757579e+00,9.99987e-01,9.99999e-01,9.99999e-01,9.99987e-01,9.99999e-01
7.110131367e+00,9.99987e-01,9.99999e-01,9.99999e-01,9.99987e-01,9.99999e-01
7.145682024e+00,9.99988e-01,9.99999e-01,9.99999e-01,9.99988e-01,9.99999e-01
7.181410434e+00,9.99988e-01,9.99999e-01,9.99999e-01,9.99988e-01,9.99999e-01
7.217317486e+00,9.99988e-01,9.99999e-01,9.99999e-01,9.99988e-01,9.99999e-01
7.253404073e+00,9.99988e-01,9.99999e-01,9.99999e-01,9.99988e-01,9.99999e-01
7.289671094e+00,9.99989e-01,9.99999e-01,9.99999e-01,9.99989e-01,9.99999e-01
7.326119449e+00,9.99989e-01,9.99999e-01,9.99999e-01,9.99989e-01,9.99999e-01
7.362750046e+00,9.99989e-01,9.99999e-01,9.99999e-01,9.99989e-01,9.99999e-01
7.399563797e+00,9.99989e-01,9.99999e-01,9.99999e-01,9.99989e-01,9.99999e-01
7.436561616e+00,9.99989e-01,9.99999e-01,9.99999e-01,9.99989e-01,9.99999e-01
7.473744424e+00,9.99990e-01,9.99999e-01,9.99999e-01,9.99990e-01,9.99999e-01
7.511113146e+00,9.99990e-01,9.99999e-01,9.99999e-01,9.99990e-01,9.99999e-01
7.548668712e+00,9.99990e-01,9.99999e-01,9.99999e-01,9.99990e-01,9.99999e-01
7.586412055e+00,9.99990e-01,9.99999e-01,9.99999e-01,9.99990e-01,9.99999e-01
7.624344115e+00,9.99990e-01,9.99999e-01,9.99999e-01,9.99990e-01,9.99999e-01
7.662465836e+00,9.99990e-01,9.99999e-01,9.99999e-01,9.99990e-01,9.99999e-01
7.700778165e+00,9.99991e-01,9.99999e-01,9.99999e-01,9.99991e-01,9.99999e-01
7.739282056e+00,9.99991e-01,9.99999e-01,9.99999e-01,9.99991e-01,9.99999e-01
7.777978466e+00,9.99991e-01,9.99999e-01,9.99999e-01,9.99991e-01,9.99999e-01
7.816868359e+00,9.99991e-01,9.99999e-01,9.99999e-01,9.99991e-01,9.99999e-01
7.855952700e+00,9.99991e-01,9.99999e-01,9.99999e-01,9.99991e-01,9.99999e-01
7.895232464e+00,9.99991e-01,9.99999e-01,9.99999e-01,9.99991e-01,9.99999e-01
7.934708626e+00,9.99992e-01,9.99999e-01,9.99999e-01,9.99992e-01,9.99999e-01
7.974382169e+00,9.99992e-01,9.99999e-01,9.99999e-01,9.99992e-01,9.99999e-01
8.014254080e+00,9.99992e-01,9.99999e-01,9.99999e-01,9.99992e-01,9.99999e-01
8.054325351e+00,9.99992e-01,9.99999e-01,9.99999e-01,9.99992e-01,9.99999e-01
8.094596977e+00,9.99992e-01,9.99999e-01,9.99999e-01,9.99992e-01,9.99999e-01
8.135069962e+00,9.99992e-01,9.99999e-01,9.99999e-01,9.99992e-01,9.99999e-01
8.175745312e+00,9.99992e-01,9.99999e-01,9.99999e-01,9.99992e-01,9.99999e-01
8.216624039e+00,9.99993e-01,9.99999e-01,9.99999e-01,9.99993e-01,9.99999e-01
8.257707159e+00,9.99993e-01,9.99999e-01,9.99999e-01,9.99993e-01,9.99999e-01
8.298995695e+00,9.99993e-01,9.99999e-01,9.99999e-01,9.99993e-01,9.99999e-01
8.340490673e+00,9.99993e-01,9.99999e-01,9.99999e-01,9.99993e-01,9.99999e-01
8.382193126e+00,9.99993e-01,9.99999e-01,9.99999e-01,9.99993e-01,9.99999e-01
8.424104092e+00,9.99993e-01,9.99999e-01,9.99999e-01,9.99993e-01,9.99999e-01
8.466224613e+00,9.99993e-01,9.99999e-01,9.99999e-01,9.99993e-01,9.99999e-01
8.508555736e+00,9.99993e-01,9.99999e-01,9.99999e-01,9.99993e-01,9.99999e-01
8.551098514e+00,9.99993e-01,9.99999e-01,9.99999e-01,9.99993e-01,9.99999e-01
8.593854007e+00,9.99994e-01,9.99999e-01,9.99999e-01,9.99994e-01,9.99999e-01
8.636823277e+00,9.99994e-01,9.99999e-01,9.99999e-01,9.99994e-01,9.99999e-01
8.680007393e+00,9.99994e-01,9.99999e-01,9.99999e-01,9.99994e-01,9.99999e-01
8.723407430e+00,9.99994e-01,9.99999e-01,9.99999e-01,9.99994e-01,9.99999e-01
8.767024467e+00,9.99994e-01,9.99999e-01,9.99999e-01,9.99994e-01,9.99999e-01
8.810859590e+00,9.99994e-01,9.99999e-01,9.99999e-01,9.99994e-01,9.99999e-01
8.854913888e+00,9.99994e-01,9.99999e-01,9.99999e-01,9.99994e-01,9.99999e-01
8.899188457e+00,9.99994e-01,9.99999e-01,9.99999e-01,9.99994e-01,9.99999e-01
8.943684399e+00,9.99994e-01,9.99999e-01,9.99999e-01,9.99994e-01,9.99999e-01
8.988402821e+00,9.99994e-01,9.99999e-01,9.99999e-01,9.99994e-01,9.99999e-01
9.033344836e+00,9.99995e-01,9.99999e-01,9.99999e-01,9.99995e-01,9.99999e-01
9.078511560e+00,9.99995e-01,9.99999e-01,9.99999e-01,9.99995e-01,9.99999e-01
9.123904118e+00,9.99995e-01,9.99999e-01,9.99999e-01,9.99995e-01,9.99999e-01
9.169523638e+00,9.99995e-01,9.99999e-01,9.99999e-01,9.99995e-01,9.99999e-01
9.215371256e+00,9.99995e-01,9.99999e-01,9.99999e-01,9.99995e-01,9.99999e-01
9.261448113e+00,9.99995e-01,9.99999e-01,9.99999e-01,9.99995e-01,9.99999e-01
9.307755353e+00,9.99995e-01,9.99999e-01,9.99999e-01,9.99995e-01,9.99999e-01
9.354294130e+00,9.99995e-01,9.99999e-01,9.99999e-01,9.99995e-01,9.99999e-01
9.401065601e+00,9.99995e-01,9.99999e-01,9.99999e-01,9.99995e-01,9.99999e-01
9.448070929e+00,9.99995e-01,9.99999e-01,9.99999e-01,9.99995e-01,9.99999e-01
9.495311283e+00,9.99995e-01,9.99999e-01,9.99999e-01,9.99995e-01,9.99999e-01
9.542787840e+00,9.99995e-01,9.99999e-01,9.99999e-01,9.99995e-01,9.99999e-01
9.590501779e+00,9.99996e-01,9.99999e-01,9.99999e-01,9.99996e-01,9.99999e-01
9.638454288e+00,9.99996e-01,9.99999e-01,9.99999e-01,9.99996e-01,9.99999e-01
9.686646559e+00,9.99996e-01,9.99999e-01,9.99999e-01,9.99996e-01,9.99999e-01
9.735079792e+00,9.99996e-01,9.99999e-01,9.99999e-01,9.99996e-01,9.99999e-01
9.783755191e+00,9.99996e-01,9.99999e-01,9.99999e-01,9.99996e-01,9.99999e-01
9.832673967e+00,9.99996e-01,9.99999e-01,9.99999e-01,9.99996e-01,9.99999e-01
9.881837337e+00,9.99996e-01,9.99999e-01,9.99999e-01,9.99996e-01,9.99999e-01
9.931246523e+00,9.99996e-01,9.99999e-01,9.99999e-01,9.99996e-01,9.99999e-01
9.980902756e+00,9.99996e-01,9.99999e-01,9.99999e-01,9.99996e-01,9.99999e-01
1.003080727e+01,9.99996e-01,9.99999e-01,9.99999e-01,9.99996e-01,9.99999e-01
1.008096131e+01,9.99996e-01,9.99999e-01,9.99999e-01,9.99996e-01,9.99999e-01
1.013136611e+01,9.99996e-01,9.99999e-01,9.99999e-01,9.99996e-01,9.99999e-01
1.018202294e+01,9.99996e-01,9.99999e-01,9.99999e-01,9.99996e-01,9.99999e-01
1.023293306e+01,9.99996e-01,9.99999e-01,9.99999e-01,9.99996e-01,9.99999e-01
1.028409772e+01,9.99996e-01,9.99999e-01,9.99999e-01,9.99996e-01,9.99999e-01
1.033551821e+01,9.99996e-01,9.99999e-01,9.99999e-01,9.99996e-01,9.99999e-01
1.038719580e+01,9.99996e-01,9.99999e-01,9.99999e-01,9.99996e-01,9.99999e-01
1.043913178e+01,9.99997e-01,9.99999e-01,9.99999e-01,9.99997e-01,9.99999e-01
1.049132744e+01,9.99997e-01,9.99999e-01,9.99999e-01,9.99997e-01,9.99999e-01
1.054378408e+01,9.99997e-01,9.99999e-01,9.99999e-01,9.99997e-01,9.99999e-01
1.059650300e+01,9.99997e-01,9.99999e-01,9.99999e-01,9.99997e-01,9.99999e-01
1.064948551e+01,9.99997e-01,9.99999e-01,9.99999e-01,9.99997e-01,9.99999e-01
1.070273294e+01,9.99997e-01,9.99999e-01,9.99999e-01,9.99997e-01,9.99999e-01
1.075624661e+01,9.99997e-01,9.99999e-01,9.99999e-01,9.99997e-01,9.99999e-01
1.081002784e+01,9.99997e-01,9.99999e-01,9.99999e-01,9.99997e-01,9.99999e-01
1.086407798e+01,9.99997e-01,9.99999e-01,9.99999e-01,9.99997e-01,9.99999e-01
1.091839837e+01,9.99997e-01,9.99999e-01,9.99999e-01,9.99997e-01,9.99999e-01
1.097299036e+01,9.99997e-01,9.99999e-01,9.99999e-01,9.99997e-01,9.99999e-01
1.102785531e+01,9.99997e-01,9.99999e-01,9.99999e-01,9.99997e-01,9.99999e-01
1.108299459e+01,9.99997e-01,9.99999e-01,9.99999e-01,9.99997e-01,9.99999e-01
1.113840956e+01,9.99997e-01,9.99999e-01,9.99999e-01,9.99997e-01,9.99999e-01
1.119410161e+01,9.99997e-01,9.99999e-01,9.99999e-01,9.99997e-01,9.99999e-01
1.125007212e+01,9.99997e-01,9.99999e-01,9.99999e-01,9.99997e-01,9.99999e-01
1.130632248e+01,9.99997e-01,9.99999e-01,9.99999e-01,9.99997e-01,9.99999e-01
1.136285409e+01,9.99997e-01,9.99999e-01,9.99999e-01,9.99997e-01,9.99999e-01
1.141966836e+01,9.99997e-01,9.99999e-01,9.99999e-01,9.99997e-01,9.99999e-01
1.147676670e+01,9.99997e-01,9.99999e-01,9.99999e-01,9.99997e-01,9.99999e-01
1.153415054e+01,9.99997e-01,9.99999e-01,9.99999e-01,9.99997e-01,9.99999e-01
1.159182129e+01,9.99997e-01,9.99999e-01,9.99999e-01,9.99997e-01,9.99999e-01
1.164978039e+01,9.99997e-01,9.99999e-01,9.99999e-01,9.99997e-01,9.99999e-01
1.170802930e+01,9.99997e-01,9.99999e-01,9.99999e-01,9.99997e-01,9.99999e-01
1.176656944e+01,9.99997e-01,9.99999e-01,9.99999e-01,9.99997e-01,9.99999e-01
1.182540229e+01,9.99997e-01,9.99999e-01,9.99999e-01,9.99997e-01,9.99999e-01
1.188452930e+01,9.99998e-01,9.99999e-01,9.99999e-01,9.99998e-01,9.99999e-01
1.194395195e+01,9.99998e-01,9.99999e-01,9.99999e-01,9.99998e-01,9.99999e-01
1.200367171e+01,9.99998e-01,9.99999e-01,9.99999e-01,9.99998e-01,9.99999e-01
1.206369007e+01,9.99998e-01,9.99999e-01,9.99999e-01,9.99998e-01,9.99999e-01
1.212400852e+01,9.99998e-01,9.99999e-01,9.99999e-01,9.99998e-01,9.99999e-01
1.218462856e+01,9.99998e-01,9.99999e-01,9.99999e-01,9.99998e-01,9.99999e-01
1.224555170e+01,9.99998e-01,9.99999e-01,9.99999e-01,9.99998e-01,9.99999e-01
1.230677946e+01,9.99998e-01,9.99999e-01,9.99999e-01,9.99998e-01,9.99999e-01
1.236831336e+01,9.99998e-01,9.99999e-01,9.99999e-01,9.99998e-01,9.99999e-01
1.243015492e+01,9.99998e-01,9.99999e-01,9.99999e-01,9.99998e-01,9.99999e-01
1.249230570e+01,9.99998e-01,9.99999e-01,9.99999e-01,9.99998e-01,9.99999e-01
1.255476723e+01,9.99998e-01,9.99999e-01,9.99999e-01,9.99998e-01,9.99999e-01
1.261754106e+01,9.99998e-01,9.99999e-01,9.99999e-01,9.99998e-01,9.99999e-01
1.268062877e+01,9.99998e-01,9.99999e-01,9.99999e-01,9.99998e-01,9.99999e-01
1.274403191e+01,9.99998e-01,9.99999e-01,9.99999e-01,9.99998e-01,9.99999e-01
1.280775207e+01,9.99998e-01,9.99999e-01,9.99999e-01,9.99998e-01,9.99999e-01
1.287179083e+01,9.99998e-01,9.99999e-01,9.99999e-01,9.99998e-01,9.99999e-01
1.293614979e+01,9.99998e-01,9.99999e-01,9.99999e-01,9.99998e-01,9.99999e-01
1.300083054e+01,9.99998e-01,9.99999e-01,9.99999e-01,9.99998e-01,9.99999e-01
1.306583469e+01,9.99998e-01,9.99999e-01,9.99999e-01,9.99998e-01,9.99999e-01
1.313116386e+01,9.99998e-01,9.99999e-01,9.99999e-01,9.99998e-01,9.99999e-01
1.319681968e+01,9.99998e-01,9.99999e-01,9.99999e-01,9.99998e-01,9.99999e-01
1.326280378e+01,9.99998e-01,9.99999e-01,9.99999e-01,9.99998e-01,9.99999e-01
1.332911780e+01,9.99998e-01,9.99999e-01,9.99999e-01,9.99998e-01,9.99999e-01
1.339576339e+01,9.99998e-01,9.99999e-01,9.99999e-01,9.99998e-01,9.99999e-01
1.346274221e+01,9.99998e-01,9.99999e-01,9.99999e-01,9.99998e-01,9.99999e-01
1.353005592e+01,9.99998e-01,9.99999e-01,9.99999e-01,9.99998e-01,9.99999e-01
1.359770620e+01,9.99998e-01,9.99999e-01,9.99999e-01,9.99998e-01,9.99999e-01
1.366569473e+01,9.99998e-01,9.99999e-01,9.99999e-01,9.99998e-01,9.99999e-01
1.373402320e+01,9.99998e-01,9.99999e-01,9.99999e-01,9.99998e-01,9.99999e-01
1.380269332e+01,9.99998e-01,9.99999e-01,9.99999e-01,9.99998e-01,9.99999e-01
1.387170678e+01,9.99998e-01,9.99999e-01,9.99999e-01,9.99998e-01,9.99999e-01
1.394106532e+01,9.99998e-01,9.99999e-01,9.99999e-01,9.99998e-01,9.99999e-01
1.401077064e+01,9.99998e-01,9.99999e-01,9.99999e-01,9.99998e-01,9.99999e-01
1.408082450e+01,9.99998e-01,9.99999e-01,9.99999e-01,9.99998e-01,9.99999e-01
1.415122862e+01,9.99998e-01,9.99999e-01,9.99999e-01,9.99998e-01,9.99999e-01
1.422198476e+01,9.99998e-01,9.99999e-01,9.99999e-01,9.99998e-01,9.99999e-01
1.429309469e+01,9.99998e-01,9.99999e-01,9.99999e-01,9.99998e-01,9.99999e-01
1.436456016e+01,9.99998e-01,9.99999e-01,9.99999e-01,9.99998e-01,9.99999e-01
1.443638296e+01,9.99998e-01,9.99999e-01,9.99999e-01,9.99998e-01,9.99999e-01
1.450856487e+01,9.99998e-01,9.99999e-01,9.99999e-01,9.99998e-01,9.99999e-01
1.458110770e+01,9.99998e-01,9.99999e-01,9.99999e-01,9.99998e-01,9.99999e-01
1.465401324e+01,9.99998e-01,9.99999e-01,9.99999e-01,9.99998e-01,9.99999e-01
1.472728330e+01,9.99998e-01,9.99999e-01,9.99999e-01,9.99998e-01,9.99999e-01
1.480091972e+01,9.99998e-01,9.99999e-01,9.99999e-01,9.99998e-01,9.99999e-01
1.487492432e+01,9.99998e-01,9.99999e-01,9.99999e-01,9.99998e-01,9.99999e-01
1.494929894e+01,9.99998e-01,9.99999e-01,9.99999e-01,9.99998e-01,9.99999e-01
1.502404544e+01,9.99998e-01,9.99999e-01,9.99999e-01,9.99998e-01,9.99999e-01
1.509916566e+01,9.99998e-01,9.99999e-01,9.99999e-01,9.99998e-01,9.99999e-01
1.517466149e+01,9.99998e-01,9.99999e-01,9.99999e-01,9.99998e-01,9.99999e-01
1.525053480e+01,9.99998e-01,9.99999e-01,9.99999e-01,9.99998e-01,9.99999e-01
1.532678747e+01,9.99998e-01,9.99999e-01,9.99999e-01,9.99998e-01,9.99999e-01
1.540342141e+01,9.74014e-01,9.99999e-01,9.99999e-01,9.99998e-01,9.74014e-01
1.548043852e+01,9.72245e-01,9.99999e-01,9.99999e-01,9.99998e-01,9.72245e-01
1.555784071e+01,9.71358e-01,9.99999e-01,9.99999e-01,9.99998e-01,9.71358e-01
1.563562991e+01,9.70447e-01,9.99999e-01,9.99999e-01,9.99999e-01,9.70448e-01
1.571380806e+01,9.69506e-01,9.99999e-01,9.99999e-01,9.99999e-01,9.69507e-01
1.579237710e+01,9.68555e-01,9.99999e-01,9.99999e-01,9.99999e-01,9.68555e-01
1.587133899e+01,9.67575e-01,9.99999e-01,9.99999e-01,9.99999e-01,9.67576e-01
1.595069568e+01,9.66570e-01,9.99999e-01,9.99999e-01,9.99999e-01,9.66570e-01
1.603044916e+01,9.65554e-01,9.99999e-01,9.99999e-01,9.99999e-01,9.65554e-01
1.611060141e+01,9.64519e-01,9.99999e-01,9.99999e-01,9.99999e-01,9.64519e-01
1.619115441e+01,9.63448e-01,9.99999e-01,9.99999e-01,9.99999e-01,9.63448e-01
1.627211019e+01,9.62369e-01,9.99999e-01,9.99999e-01,9.99999e-01,9.62369e-01
1.635347074e+01,9.61265e-01,9.99999e-01,9.99999e-01,9.99999e-01,9.61265e-01
1.643523809e+01,9.60131e-01,9.99999e-01,9.99999e-01,9.99999e-01,9.60131e-01
1.651741428e+01,9.58992e-01,9.99999e-01,9.99999e-01,9.99999e-01,9.58993e-01
1.660000135e+01,9.57823e-01,9.99999e-01,9.99999e-01,9.99999e-01,9.57823e-01
1.668300136e+01,9.56619e-01,9.99999e-01,9.99999e-01,9.99999e-01,9.56620e-01
1.676641637e+01,9.55372e-01,9.99999e-01,9.99999e-01,9.99999e-01,9.55372e-01
1.685024845e+01,9.54103e-01,9.99999e-01,9.99999e-01,9.99999e-01,9.54103e-01
1.693449969e+01,9.52825e-01,9.99999e-01,9.99999e-01,9.99999e-01,9.52825e-01
1.701917219e+01,9.51529e-01,9.99999e-01,9.99999e-01,9.99999e-01,9.51530e-01
1.710426805e+01,9.50198e-01,9.99999e-01,9.99999e-01,9.99999e-01,9.50198e-01
1.718978939e+01,9.48838e-01,9.99999e-01,9.99999e-01,9.99999e-01,9.48839e-01
1.727573834e+01,9.47449e-01,9.99999e-01,9.99999e-01,9.99999e-01,9.47450e-01
1.736211703e+01,9.46019e-01,9.99999e-01,9.99999e-01,9.99999e-01,9.46020e-01
1.744892761e+01,9.44562e-01,9.99999e-01,9.99999e-01,9.99999e-01,9.44562e-01
1.753617225e+01,9.43099e-01,9.99999e-01,9.99999e-01,9.99999e-01,9.43099e-01
1.762385311e+01,9.41630e-01,9.99999e-01,9.99999e-01,9.99999e-01,9.41630e-01
1.771197238e+01,9.40124e-01,9.99999e-01,9.99999e-01,9.99999e-01,9.40124e-01
1.780053224e+01,9.38593e-01,9.99999e-01,9.99999e-01,9.99999e-01,9.38593e-01
1.788953490e+01,9.37036e-01,9.99999e-01,9.99999e-01,9.99999e-01,9.37036e-01
1.797898258e+01,9.35439e-01,9.99999e-01,9.99999e-01,9.99999e-01,9.35439e-01
1.806887749e+01,9.33804e-01,9.99999e-01,9.99999e-01,9.99999e-01,9.33805e-01
1.815922188e+01,9.32170e-01,9.99999e-01,9.99999e-01,9.99999e-01,9.32170e-01
1.825001799e+01,9.30534e-01,9.99999e-01,9.99999e-01,9.99999e-01,9.30535e-01
1.834126808e+01,9.28827e-01,9.99999e-01,9.99999e-01,9.99999e-01,9.28828e-01
1.843297442e+01,9.27086e-01,9.99999e-01,9.99999e-01,9.99999e-01,9.27086e-01
1.852513929e+01,9.25352e-01,9.99999e-01,9.99999e-01,9.99999e-01,9.25352e-01
1.861776499e+01,9.23609e-01,9.99999e-01,9.99999e-01,9.99999e-01,9.23610e-01
1.871085381e+01,9.21826e-01,9.99999e-01,9.99999e-01,9.99999e-01,9.21826e-01
1.880440808e+01,9.20013e-01,9.99999e-01,9.99999e-01,9.99999e-01,9.20013e-01
1.889843012e+01,9.18166e-01,9.99999e-01,9.99999e-01,9.99999e-01,9.18166e-01
1.899292227e+01,9.16288e-01,9.99999e-01,9.99999e-01,9.99999e-01,9.16288e-01
1.908788688e+01,9.14404e-01,9.99999e-01,9.99999e-01,9.99999e-01,9.14404e-01
1.918332632e+01,9.12492e-01,9.99999e-01,9.99999e-01,9.99999e-01,9.12492e-01
1.927924295e+01,9.10541e-01,9.99999e-01,9.99999e-01,9.99999e-01,9.10541e-01
1.937563916e+01,9.08545e-01,9.99999e-01,9.99999e-01,9.99999e-01,9.08545e-01
1.947251736e+01,9.06564e-01,9.99999e-01,9.99999e-01,9.99999e-01,9.06564e-01
1.956987994e+01,9.04543e-01,9.99999e-01,9.99999e-01,9.99999e-01,9.04543e-01
1.966772934e+01,9.02477e-01,9.99999e-01,9.99999e-01,9.99999e-01,9.02477e-01
1.976606799e+01,9.00406e-01,9.99999e-01,9.99999e-01,9.99999e-01,9.00407e-01
1.986489833e+01,8.98260e-01,9.99999e-01,9.99999e-01,9.99999e-01,8.98260e-01
1.996422282e+01,8.96131e-01,9.99999e-01,9.99999e-01,9.99999e-01,8.96131e-01
