#,Wave/freq,Total,N2,O2,Rayleigh,CIA
4.000000000e-01,8.24996e-01,9.99999e-01,9.99999e-01,8.24996e-01,9.99999e-01
4.020000000e-01,8.28140e-01,9.99999e-01,9.99999e-01,8.28140e-01,9.99999e-01
4.040100000e-01,8.31231e-01,9.99999e-01,9.99999e-01,8.31231e-01,9.99999e-01
4.060300500e-01,8.34271e-01,9.99999e-01,9.99999e-01,8.34271e-01,9.99999e-01
4.080602003e-01,8.37263e-01,9.99999e-01,9.99999e-01,8.37263e-01,9.99999e-01
4.101005013e-01,8.40205e-01,9.99999e-01,9.99999e-01,8.40205e-01,9.99999e-01
4.121510038e-01,8.43100e-01,9.99999e-01,9.99999e-01,8.43100e-01,9.99999e-01
4.142117588e-01,8.45947e-01,9.99999e-01,9.99999e-01,8.45947e-01,9.99999e-01
4.162828176e-01,8.48747e-01,9.99999e-01,9.99999e-01,8.48747e-01,9.99999e-01
4.183642317e-01,8.51500e-01,9.99999e-01,9.99999e-01,8.51500e-01,9.99999e-01
4.204560528e-01,8.54209e-01,9.99999e-01,9.99999e-01,8.54209e-01,9.99999e-01
4.225583331e-01,8.56871e-01,9.99999e-01,9.99999e-01,8.56871e-01,9.99999e-01
4.246711247e-01,8.59490e-01,9.99999e-01,9.99999e-01,8.59490e-01,9.99999e-01
4.267944804e-01,8.62064e-01,9.99999e-01,9.99999e-01,8.62064e-01,9.99999e-01
4.289284528e-01,8.64595e-01,9.99999e-01,9.99999e-01,8.64595e-01,9.99999e-01
4.310730950e-01,8.67084e-01,9.99999e-01,9.99999e-01,8.67084e-01,9.99999e-01
4.332284605e-01,8.69530e-01,9.99999e-01,9.99999e-01,8.69530e-01,9.99999e-01
4.353946028e-01,8.71934e-01,9.99999e-01,9.99999e-01,8.71934e-01,9.99999e-01
4.375715758e-01,8.74298e-01,9.99999e-01,9.99999e-01,8.74298e-01,9.99999e-01
4.397594337e-01,8.76621e-01,9.99999e-01,9.99999e-01,8.76621e-01,9.99999e-01
4.419582309e-01,8.78904e-01,9.99999e-01,9.99999e-01,8.78904e-01,9.99999e-01
4.441680220e-01,8.81147e-01,9.99999e-01,9.99999e-01,8.81147e-01,9.99999e-01
4.463888621e-01,8.83352e-01,9.99999e-01,9.99999e-01,8.83352e-01,9.99999e-01
4.486208064e-01,8.85519e-01,9.99999e-01,9.99999e-01,8.85519e-01,9.99999e-01
4.508639105e-01,8.87648e-01,9.99999e-01,9.99999e-01,8.87648e-01,9.99999e-01
4.531182300e-01,8.89740e-01,9.99999e-01,9.99999e-01,8.89740e-01,9.99999e-01
4.553838212e-01,8.91796e-01,9.99999e-01,9.99999e-01,8.91796e-01,9.99999e-01
4.576607403e-01,8.93815e-01,9.99999e-01,9.99999e-01,8.93815e-01,9.99999e-01
4.599490440e-01,8.95799e-01,9.99999e-01,9.99999e-01,8.95799e-01,9.99999e-01
4.622487892e-01,8.97749e-01,9.99999e-01,9.99999e-01,8.97749e-01,9.99999e-01
4.645600332e-01,8.99663e-01,9.99999e-01,9.99999e-01,8.99663e-01,9.99999e-01
4.668828333e-01,9.01544e-01,9.99999e-01,9.99999e-01,9.01544e-01,9.99999e-01
4.692172475e-01,9.03392e-01,9.99999e-01,9.99999e-01,9.03392e-01,9.99999e-01
4.715633337e-01,9.05207e-01,9.99999e-01,9.99999e-01,9.05207e-01,9.99999e-01
4.739211504e-01,9.06989e-01,9.99999e-01,9.99999e-01,9.06989e-01,9.99999e-01
4.762907561e-01,9.08740e-01,9.99999e-01,9.99999e-01,9.08740e-01,9.99999e-01
4.786722099e-01,9.10459e-01,9.99999e-01,9.99999e-01,9.10459e-01,9.99999e-01
4.810655710e-01,9.12148e-01,9.99999e-01,9.99999e-01,9.12148e-01,9.99999e-01
4.834708988e-01,9.13806e-01,9.99999e-01,9.99999e-01,9.13806e-01,9.99999e-01
4.858882533e-01,9.15434e-01,9.99999e-01,9.99999e-01,9.15434e-01,9.99999e-01
4.883176946e-01,9.17033e-01,9.99999e-01,9.99999e-01,9.17033e-01,9.99999e-01
4.907592831e-01,9.18603e-01,9.99999e-01,9.99999e-01,9.18603e-01,9.99999e-01
4.932130795e-01,9.20145e-01,9.99999e-01,9.99999e-01,9.20145e-01,9.99999e-01
4.956791449e-01,9.21659e-01,9.99999e-01,9.99999e-01,9.21659e-01,9.99999e-01
4.981575406e-01,9.23145e-01,9.99999e-01,9.99999e-01,9.23145e-01,9.99999e-01
5.006483283e-01,9.24605e-01,9.99999e-01,9.99999e-01,9.24605e-01,9.99999e-01
5.031515699e-01,9.26037e-01,9.99999e-01,9.99999e-01,9.26037e-01,9.99999e-01
5.056673278e-01,9.27444e-01,9.99999e-01,9.99999e-01,9.27444e-01,9.99999e-01
5.081956644e-01,9.28825e-01,9.99999e-01,9.99999e-01,9.28825e-01,9.99999e-01
5.107366428e-01,9.30180e-01,9.99999e-01,9.99999e-01,9.30180e-01,9.99999e-01
5.132903260e-01,9.31511e-01,9.99999e-01,9.99999e-01,9.31511e-01,9.99999e-01
5.158567776e-01,9.32818e-01,9.99999e-01,9.99999e-01,9.32818e-01,9.99999e-01
5.184360615e-01,9.34100e-01,9.99999e-01,9.99999e-01,9.34100e-01,9.99999e-01
5.210282418e-01,9.35358e-01,9.99999e-01,9.99999e-01,9.35358e-01,9.99999e-01
5.236333830e-01,9.36594e-01,9.99999e-01,9.99999e-01,9.36594e-01,9.99999e-01
5.262515499e-01,9.37807e-01,9.99999e-01,9.99999e-01,9.37807e-01,9.99999e-01
5.288828077e-01,9.38997e-01,9.99999e-01,9.99999e-01,9.38997e-01,9.99999e-01
5.315272217e-01,9.40165e-01,9.99999e-01,9.99999e-01,9.40165e-01,9.99999e-01
5.341848578e-01,9.41311e-01,9.99999e-01,9.99999e-01,9.41311e-01,9.99999e-01
5.368557821e-01,9.42437e-01,9.99999e-01,9.99999e-01,9.42437e-01,9.99999e-01
5.395400610e-01,9.43541e-01,9.99999e-01,9.99999e-01,9.43541e-01,9.99999e-01
5.422377613e-01,9.44625e-01,9.99999e-01,9.99999e-01,9.44625e-01,9.99999e-01
5.449489501e-01,9.45688e-01,9.99999e-01,9.99999e-01,9.45688e-01,9.99999e-01
5.476736949e-01,9.46732e-01,9.99999e-01,9.99999e-01,9.46732e-01,9.99999e-01
5.504120634e-01,9.47756e-01,9.99999e-01,9.99999e-01,9.47756e-01,9.99999e-01
5.531641237e-01,9.48761e-01,9.99999e-01,9.99999e-01,9.48761e-01,9.99999e-01
5.559299443e-01,9.49747e-01,9.99999e-01,9.99999e-01,9.49747e-01,9.99999e-01
5.587095940e-01,9.50715e-01,9.99999e-01,9.99999e-01,9.50715e-01,9.99999e-01
5.615031420e-01,9.51664e-01,9.99999e-01,9.99999e-01,9.51664e-01,9.99999e-01
5.643106577e-01,9.52596e-01,9.99999e-01,9.99999e-01,9.52596e-01,9.99999e-01
5.671322110e-01,9.53510e-01,9.99999e-01,9.99999e-01,9.53510e-01,9.99999e-01
5.699678720e-01,9.54407e-01,9.99999e-01,9.99999e-01,9.54407e-01,9.99999e-01
5.728177114e-01,9.55287e-01,9.99999e-01,9.99999e-01,9.55287e-01,9.99999e-01
5.756818000e-01,9.56151e-01,9.99999e-01,9.99999e-01,9.56151e-01,9.99999e-01
5.785602090e-01,9.56998e-01,9.99999e-01,9.99999e-01,9.56998e-01,9.99999e-01
5.814530100e-01,9.57829e-01,9.99999e-01,9.99999e-01,9.57829e-01,9.99999e-01
5.843602750e-01,9.58645e-01,9.99999e-01,9.99999e-01,9.58645e-01,9.99999e-01
5.872820764e-01,9.59445e-01,9.99999e-01,9.99999e-01,9.59445e-01,9.99999e-01
5.902184868e-01,9.60230e-01,9.99999e-01,9.99999e-01,9.60230e-01,9.99999e-01
5.931695792e-01,9.61000e-01,9.99999e-01,9.99999e-01,9.61000e-01,9.99999e-01
5.961354271e-01,9.61755e-01,9.99999e-01,9.99999e-01,9.61755e-01,9.99999e-01
5.991161043e-01,9.62496e-01,9.99999e-01,9.99999e-01,9.62496e-01,9.99999e-01
6.021116848e-01,9.63223e-01,9.99999e-01,9.99999e-01,9.63223e-01,9.99999e-01
6.051222432e-01,9.63936e-01,9.99999e-01,9.99999e-01,9.63936e-01,9.99999e-01
6.081478544e-01,9.64636e-01,9.99999e-01,9.99999e-01,9.64636e-01,9.99999e-01
6.111885937e-01,9.65322e-01,9.99999e-01,9.99999e-01,9.65322e-01,9.99999e-01
6.142445367e-01,9.65995e-01,9.99999e-01,9.99999e-01,9.65995e-01,9.99999e-01
6.173157594e-01,9.66656e-01,9.99999e-01,9.99999e-01,9.66656e-01,9.99999e-01
6.204023382e-01,9.67303e-01,9.99999e-01,9.99999e-01,9.67303e-01,9.99999e-01
6.235043498e-01,9.67939e-01,9.99999e-01,9.99999e-01,9.67939e-01,9.99999e-01
6.266218716e-01,9.68562e-01,9.99999e-01,9.99999e-01,9.68562e-01,9.99999e-01
6.297549810e-01,9.69173e-01,9.99999e-01,9.99999e-01,9.69173e-01,9.99999e-01
6.329037559e-01,9.69773e-01,9.99999e-01,9.99999e-01,9.69773e-01,9.99999e-01
6.360682746e-01,9.70361e-01,9.99999e-01,9.99999e-01,9.70361e-01,9.99999e-01
6.392486160e-01,9.70938e-01,9.99999e-01,9.99999e-01,9.70938e-01,9.99999e-01
6.424448591e-01,9.71504e-01,9.99999e-01,9.99999e-01,9.71504e-01,9.99999e-01
6.456570834e-01,9.72059e-01,9.99999e-01,9.99999e-01,9.72059e-01,9.99999e-01
6.488853688e-01,9.72603e-01,9.99999e-01,9.99999e-01,9.72603e-01,9.99999e-01
6.521297956e-01,9.73137e-01,9.99999e-01,9.99999e-01,9.73137e-01,9.99999e-01
6.553904446e-01,9.73660e-01,9.99999e-01,9.99999e-01,9.73660e-01,9.99999e-01
6.586673968e-01,9.74174e-01,9.99999e-01,9.99999e-01,9.74174e-01,9.99999e-01
6.619607338e-01,9.74677e-01,9.99999e-01,9.99999e-01,9.74677e-01,9.99999e-01
6.652705375e-01,9.75171e-01,9.99999e-01,9.99999e-01,9.75171e-01,9.99999e-01
6.685968902e-01,9.75656e-01,9.99999e-01,9.99999e-01,9.75656e-01,9.99999e-01
6.719398746e-01,9.76131e-01,9.99999e-01,9.99999e-01,9.76131e-01,9.99999e-01
6.752995740e-01,9.76597e-01,9.99999e-01,9.99999e-01,9.76597e-01,9.99999e-01
6.786760719e-01,9.77053e-01,9.99999e-01,9.99999e-01,9.77053e-01,9.99999e-01
6.820694522e-01,9.77502e-01,9.99999e-01,9.99999e-01,9.77502e-01,9.99999e-01
6.854797995e-01,9.77941e-01,9.99999e-01,9.99999e-01,9.77941e-01,9.99999e-01
6.889071985e-01,9.78372e-01,9.99999e-01,9.99999e-01,9.78372e-01,9.99999e-01
6.923517345e-01,9.78795e-01,9.99999e-01,9.99999e-01,9.78795e-01,9.99999e-01
6.958134932e-01,9.79209e-01,9.99999e-01,9.99999e-01,9.79209e-01,9.99999e-01
6.992925606e-01,9.79615e-01,9.99999e-01,9.99999e-01,9.79615e-01,9.99999e-01
7.027890234e-01,9.80014e-01,9.99999e-01,9.99999e-01,9.80014e-01,9.99999e-01
7.063029686e-01,9.80405e-01,9.99999e-01,9.99999e-01,9.80405e-01,9.99999e-01
7.098344834e-01,9.80788e-01,9.99999e-01,9.99999e-01,9.80788e-01,9.99999e-01
7.133836558e-01,9.81164e-01,9.99999e-01,9.99999e-01,9.81164e-01,9.99999e-01
7.169505741e-01,9.81533e-01,9.99999e-01,9.99999e-01,9.81533e-01,9.99999e-01
7.205353270e-01,9.81894e-01,9.99999e-01,9.99999e-01,9.81894e-01,9.99999e-01
7.241380036e-01,9.82248e-01,9.99999e-01,9.99999e-01,9.82248e-01,9.99999e-01
7.277586936e-01,9.82596e-01,9.99999e-01,9.99999e-01,9.82596e-01,9.99999e-01
7.313974871e-01,9.82937e-01,9.99999e-01,9.99999e-01,9.82937e-01,9.99999e-01
7.350544745e-01,9.83271e-01,9.99999e-01,9.99999e-01,9.83271e-01,9.99999e-01
7.387297469e-01,9.83599e-01,9.99999e-01,9.99999e-01,9.83599e-01,9.99999e-01
7.424233956e-01,9.83920e-01,9.99999e-01,9.99999e-01,9.83920e-01,9.99999e-01
7.461355126e-01,9.84235e-01,9.99999e-01,9.99999e-01,9.84235e-01,9.99999e-01
7.498661902e-01,9.84544e-01,9.99999e-01,9.99999e-01,9.84544e-01,9.99999e-01
7.536155211e-01,9.84847e-01,9.99999e-01,9.99999e-01,9.84847e-01,9.99999e-01
7.573835987e-01,9.85144e-01,9.99999e-01,9.99999e-01,9.85144e-01,9.99999e-01
7.611705167e-01,9.85435e-01,9.99999e-01,9.99999e-01,9.85435e-01,9.99999e-01
7.649763693e-01,9.85721e-01,9.99999e-01,9.99999e-01,9.85721e-01,9.99999e-01
7.688012511e-01,9.86001e-01,9.99999e-01,9.99999e-01,9.86001e-01,9.99999e-01
7.726452574e-01,9.86276e-01,9.99999e-01,9.99999e-01,9.86276e-01,9.99999e-01
7.765084837e-01,9.86545e-01,9.99999e-01,9.99999e-01,9.86545e-01,9.99999e-01
7.803910261e-01,9.86809e-01,9.99999e-01,9.99999e-01,9.86809e-01,9.99999e-01
7.842929812e-01,9.87068e-01,9.99999e-01,9.99999e-01,9.87068e-01,9.99999e-01
7.882144461e-01,9.87321e-01,9.99999e-01,9.99999e-01,9.87321e-01,9.99999e-01
7.921555184e-01,9.87570e-01,9.99999e-01,9.99999e-01,9.87570e-01,9.99999e-01
7.961162960e-01,9.87814e-01,9.99999e-01,9.99999e-01,9.87814e-01,9.99999e-01
8.000968774e-01,9.88054e-01,9.99999e-01,9.99999e-01,9.88054e-01,9.99999e-01
8.040973618e-01,9.88288e-01,9.99999e-01,9.99999e-01,9.88288e-01,9.99999e-01
8.081178486e-01,9.88518e-01,9.99999e-01,9.99999e-01,9.88518e-01,9.99999e-01
8.121584379e-01,9.88744e-01,9.99999e-01,9.99999e-01,9.88744e-01,9.99999e-01
8.162192301e-01,9.88965e-01,9.99999e-01,9.99999e-01,9.88965e-01,9.99999e-01
8.203003262e-01,9.89181e-01,9.99999e-01,9.99999e-01,9.89181e-01,9.99999e-01
8.244018279e-01,9.89394e-01,9.99999e-01,9.99999e-01,9.89394e-01,9.99999e-01
8.285238370e-01,9.89602e-01,9.99999e-01,9.99999e-01,9.89602e-01,9.99999e-01
8.326664562e-01,9.89807e-01,9.99999e-01,9.99999e-01,9.89807e-01,9.99999e-01
8.368297885e-01,9.90007e-01,9.99999e-01,9.99999e-01,9.90007e-01,9.99999e-01
8.410139374e-01,9.90203e-01,9.99999e-01,9.99999e-01,9.90203e-01,9.99999e-01
8.452190071e-01,9.90396e-01,9.99999e-01,9.99999e-01,9.90396e-01,9.99999e-01
8.494451021e-01,9.90585e-01,9.99999e-01,9.99999e-01,9.90585e-01,9.99999e-01
8.536923276e-01,9.90770e-01,9.99999e-01,9.99999e-01,9.90770e-01,9.99999e-01
8.579607893e-01,9.90951e-01,9.99999e-01,9.99999e-01,9.90951e-01,9.99999e-01
8.622505932e-01,9.91129e-01,9.99999e-01,9.99999e-01,9.91129e-01,9.99999e-01
8.665618462e-01,9.91304e-01,9.99999e-01,9.99999e-01,9.91304e-01,9.99999e-01
8.708946554e-01,9.91475e-01,9.99999e-01,9.99999e-01,9.91475e-01,9.99999e-01
8.752491287e-01,9.91642e-01,9.99999e-01,9.99999e-01,9.91642e-01,9.99999e-01
8.796253743e-01,9.91807e-01,9.99999e-01,9.99999e-01,9.91807e-01,9.99999e-01
8.840235012e-01,9.91968e-01,9.99999e-01,9.99999e-01,9.91968e-01,9.99999e-01
8.884436187e-01,9.92126e-01,9.99999e-01,9.99999e-01,9.92126e-01,9.99999e-01
8.928858368e-01,9.92281e-01,9.99999e-01,9.99999e-01,9.92281e-01,9.99999e-01
8.973502660e-01,9.92433e-01,9.99999e-01,9.99999e-01,9.92433e-01,9.99999e-01
9.018370173e-01,9.92582e-01,9.99999e-01,9.99999e-01,9.92582e-01,9.99999e-01
9.063462024e-01,9.92728e-01,9.99999e-01,9.99999e-01,9.92728e-01,9.99999e-01
9.108779334e-01,9.92871e-01,9.99999e-01,9.99999e-01,9.92871e-01,9.99999e-01
9.154323231e-01,9.93011e-01,9.99999e-01,9.99999e-01,9.93011e-01,9.99999e-01
9.200094847e-01,9.93149e-01,9.99999e-01,9.99999e-01,9.93149e-01,9.99999e-01
9.246095321e-01,9.93283e-01,9.99999e-01,9.99999e-01,9.93283e-01,9.99999e-01
9.292325798e-01,9.93416e-01,9.99999e-01,9.99999e-01,9.93416e-01,9.99999e-01
9.338787427e-01,9.93545e-01,9.99999e-01,9.99999e-01,9.93545e-01,9.99999e-01
9.385481364e-01,9.93672e-01,9.99999e-01,9.99999e-01,9.93672e-01,9.99999e-01
9.432408771e-01,9.93797e-01,9.99999e-01,9.99999e-01,9.93797e-01,9.99999e-01
9.479570815e-01,9.93919e-01,9.99999e-01,9.99999e-01,9.93919e-01,9.99999e-01
9.526968669e-01,9.94039e-01,9.99999e-01,9.99999e-01,9.94039e-01,9.99999e-01
9.574603512e-01,9.94156e-01,9.99999e-01,9.99999e-01,9.94156e-01,9.99999e-01
9.622476530e-01,9.94271e-01,9.99999e-01,9.99999e-01,9.94271e-01,9.99999e-01
9.670588912e-01,9.94384e-01,9.99999e-01,9.99999e-01,9.94384e-01,9.99999e-01
9.718941857e-01,9.94495e-01,9.99999e-01,9.99999e-01,9.94495e-01,9.99999e-01
9.767536566e-01,9.94603e-01,9.99999e-01,9.99999e-01,9.94603e-01,9.99999e-01
9.816374249e-01,9.94709e-01,9.99999e-01,9.99999e-01,9.94709e-01,9.99999e-01
9.865456120e-01,9.94814e-01,9.99999e-01,9.99999e-01,9.94814e-01,9.99999e-01
9.914783401e-01,9.94916e-01,9.99999e-01,9.99999e-01,9.94916e-01,9.99999e-01
9.964357318e-01,9.95016e-01,9.99999e-01,9.99999e-01,9.95016e-01,9.99999e-01
1.001417910e+00,9.95114e-01,9.99999e-01,9.99999e-01,9.95114e-01,9.99999e-01
1.006425000e+00,9.95210e-01,9.99999e-01,9.99999e-01,9.95210e-01,9.99999e-01
1.011457125e+00,9.95305e-01,9.99999e-01,9.99999e-01,9.95305e-01,9.99999e-01
1.016514411e+00,9.95397e-01,9.99999e-01,9.99999e-01,9.95397e-01,9.99999e-01
1.021596983e+00,9.95488e-01,9.99999e-01,9.99999e-01,9.95488e-01,9.99999e-01
1.026704968e+00,9.95577e-01,9.99999e-01,9.99999e-01,9.95577e-01,9.99999e-01
1.031838492e+00,9.95664e-01,9.99999e-01,9.99999e-01,9.95664e-01,9.99999e-01
1.036997685e+00,9.95749e-01,9.99999e-01,9.99999e-01,9.95749e-01,9.99999e-01
1.042182673e+00,9.95833e-01,9.99999e-01,9.99999e-01,9.95833e-01,9.99999e-01
1.047393587e+00,9.95915e-01,9.99999e-01,9.99999e-01,9.95915e-01,9.99999e-01
1.052630555e+00,9.95996e-01,9.99999e-01,9.99999e-01,9.95996e-01,9.99999e-01
1.057893707e+00,9.96075e-01,9.99999e-01,9.99999e-01,9.96075e-01,9.99999e-01
1.063183176e+00,9.96152e-01,9.99999e-01,9.99999e-01,9.96152e-01,9.99999e-01
1.068499092e+00,9.96228e-01,9.99999e-01,9.99999e-01,9.96228e-01,9.99999e-01
1.073841587e+00,9.96302e-01,9.99999e-01,9.99999e-01,9.96302e-01,9.99999e-01
1.079210795e+00,9.96375e-01,9.99999e-01,9.99999e-01,9.96375e-01,9.99999e-01
1.084606849e+00,9.96447e-01,9.99999e-01,9.99999e-01,9.96447e-01,9.99999e-01
1.090029883e+00,9.96517e-01,9.99999e-01,9.99999e-01,9.96517e-01,9.99999e-01
1.095480033e+00,9.96585e-01,9.99999e-01,9.99999e-01,9.96585e-01,9.99999e-01
1.100957433e+00,9.96653e-01,9.99999e-01,9.99999e-01,9.96653e-01,9.99999e-01
1.106462220e+00,9.96719e-01,9.99999e-01,9.99999e-01,9.96719e-01,9.99999e-01
1.111994531e+00,9.96783e-01,9.99999e-01,9.99999e-01,9.96783e-01,9.99999e-01
1.117554504e+00,9.96847e-01,9.99999e-01,9.99999e-01,9.96847e-01,9.99999e-01
1.123142276e+00,9.96909e-01,9.99999e-01,9.99999e-01,9.96909e-01,9.99999e-01
1.128757988e+00,9.96970e-01,9.99999e-01,9.99999e-01,9.96970e-01,9.99999e-01
1.134401778e+00,9.97030e-01,9.99999e-01,9.99999e-01,9.97030e-01,9.99999e-01
1.140073787e+00,9.97088e-01,9.99999e-01,9.99999e-01,9.97088e-01,9.99999e-01
1.145774156e+00,9.97146e-01,9.99999e-01,9.99999e-01,9.97146e-01,9.99999e-01
1.151503026e+00,9.97202e-01,9.99999e-01,9.99999e-01,9.97202e-01,9.99999e-01
1.157260541e+00,9.97257e-01,9.99999e-01,9.99999e-01,9.97257e-01,9.99999e-01
1.163046844e+00,9.97311e-01,9.99999e-01,9.99999e-01,9.97311e-01,9.99999e-01
1.168862078e+00,9.97364e-01,9.99999e-01,9.99999e-01,9.97364e-01,9.99999e-01
1.174706389e+00,9.97416e-01,9.99999e-01,9.99999e-01,9.97416e-01,9.99999e-01
1.180579921e+00,9.97467e-01,9.99999e-01,9.99999e-01,9.97467e-01,9.99999e-01
1.186482820e+00,9.97517e-01,9.99999e-01,9.99999e-01,9.97517e-01,9.99999e-01
1.192415234e+00,9.97566e-01,9.99999e-01,9.99999e-01,9.97566e-01,9.99999e-01
1.198377311e+00,9.97614e-01,9.99999e-01,9.99999e-01,9.97614e-01,9.99999e-01
1.204369197e+00,9.97661e-01,9.99999e-01,9.99999e-01,9.97661e-01,9.99999e-01
1.210391043e+00,9.97707e-01,9.99999e-01,9.99999e-01,9.97707e-01,9.99999e-01
1.216442998e+00,9.97752e-01,9.99999e-01,9.99999e-01,9.97752e-01,9.99999e-01
1.222525213e+00,9.97797e-01,9.99999e-01,9.99999e-01,9.97797e-01,9.99999e-01
1.228637839e+00,9.97840e-01,9.99999e-01,9.99999e-01,9.97840e-01,9.99999e-01
1.234781029e+00,9.97883e-01,9.99999e-01,9.99999e-01,9.97883e-01,9.99999e-01
1.240954934e+00,9.97925e-01,9.99999e-01,9.99999e-01,9.97925e-01,9.99999e-01
1.247159708e+00,9.97965e-01,9.99999e-01,9.99999e-01,9.97965e-01,9.99999e-01
1.253395507e+00,9.98006e-01,9.99999e-01,9.99999e-01,9.98006e-01,9.99999e-01
1.259662485e+00,9.98045e-01,9.99999e-01,9.99999e-01,9.98045e-01,9.99999e-01
1.265960797e+00,9.98083e-01,9.99999e-01,9.99999e-01,9.98083e-01,9.99999e-01
1.272290601e+00,9.98121e-01,9.99999e-01,9.99999e-01,9.98121e-01,9.99999e-01
1.278652054e+00,9.98158e-01,9.99999e-01,9.99999e-01,9.98158e-01,9.99999e-01
1.285045314e+00,9.98195e-01,9.99999e-01,9.99999e-01,9.98195e-01,9.99999e-01
1.291470541e+00,9.98230e-01,9.99999e-01,9.99999e-01,9.98230e-01,9.99999e-01
1.297927893e+00,9.98265e-01,9.99999e-01,9.99999e-01,9.98265e-01,9.99999e-01
1.304417533e+00,9.98299e-01,9.99999e-01,9.99999e-01,9.98299e-01,9.99999e-01
1.310939621e+00,9.98333e-01,9.99999e-01,9.99999e-01,9.98333e-01,9.99999e-01
1.317494319e+00,9.98366e-01,9.99999e-01,9.99999e-01,9.98366e-01,9.99999e-01
1.324081790e+00,9.98398e-01,9.99999e-01,9.99999e-01,9.98398e-01,9.99999e-01
1.330702199e+00,9.98430e-01,9.99999e-01,9.99999e-01,9.98430e-01,9.99999e-01
1.337355710e+00,9.98461e-01,9.99999e-01,9.99999e-01,9.98461e-01,9.99999e-01
1.344042489e+00,9.98491e-01,9.99999e-01,9.99999e-01,9.98491e-01,9.99999e-01
1.350762701e+00,9.98521e-01,9.99999e-01,9.99999e-01,9.98521e-01,9.99999e-01
1.357516515e+00,9.98550e-01,9.99999e-01,9.99999e-01,9.98550e-01,9.99999e-01
1.364304097e+00,9.98579e-01,9.99999e-01,9.99999e-01,9.98579e-01,9.99999e-01
1.371125618e+00,9.98607e-01,9.99999e-01,9.99999e-01,9.98607e-01,9.99999e-01
1.377981246e+00,9.98634e-01,9.99999e-01,9.99999e-01,9.98634e-01,9.99999e-01
1.384871152e+00,9.98661e-01,9.99999e-01,9.99999e-01,9.98661e-01,9.99999e-01
1.391795508e+00,9.98687e-01,9.99999e-01,9.99999e-01,9.98687e-01,9.99999e-01
1.398754485e+00,9.98713e-01,9.99999e-01,9.99999e-01,9.98713e-01,9.99999e-01
1.405748258e+00,9.98739e-01,9.99999e-01,9.99999e-01,9.98739e-01,9.99999e-01
1.412776999e+00,9.98763e-01,9.99999e-01,9.99999e-01,9.98764e-01,9.99999e-01
1.419840884e+00,9.98788e-01,9.99999e-01,9.99999e-01,9.98788e-01,9.99999e-01
1.426940089e+00,9.98812e-01,9.99999e-01,9.99999e-01,9.98812e-01,9.99999e-01
1.434074789e+00,9.98835e-01,9.99999e-01,9.99999e-01,9.98835e-01,9.99999e-01
1.441245163e+00,9.98858e-01,9.99999e-01,9.99999e-01,9.98858e-01,9.99999e-01
1.448451389e+00,9.98881e-01,9.99999e-01,9.99999e-01,9.98881e-01,9.99999e-01
1.455693646e+00,9.98903e-01,9.99999e-01,9.99999e-01,9.98903e-01,9.99999e-01
1.462972114e+00,9.98924e-01,9.99999e-01,9.99999e-01,9.98925e-01,9.99999e-01
1.470286975e+00,9.98946e-01,9.99999e-01,9.99999e-01,9.98946e-01,9.99999e-01
1.477638409e+00,9.98966e-01,9.99999e-01,9.99999e-01,9.98967e-01,9.99999e-01
1.485026601e+00,9.98987e-01,9.99999e-01,9.99999e-01,9.98987e-01,9.99999e-01
1.492451734e+00,9.99007e-01,9.99999e-01,9.99999e-01,9.99007e-01,9.99999e-01
1.499913993e+00,9.99026e-01,9.99999e-01,9.99999e-01,9.99026e-01,9.99999e-01
1.507413563e+00,9.99046e-01,9.99999e-01,9.99999e-01,9.99046e-01,9.99999e-01
1.514950631e+00,9.99064e-01,9.99999e-01,9.99999e-01,9.99064e-01,9.99999e-01
1.522525384e+00,9.99083e-01,9.99999e-01,9.99999e-01,9.99083e-01,9.99999e-01
1.530138011e+00,9.99101e-01,9.99999e-01,9.99999e-01,9.99101e-01,9.99999e-01
1.537788701e+00,9.99119e-01,9.99999e-01,9.99999e-01,9.99119e-01,9.99999e-01
1.545477645e+00,9.99136e-01,9.99999e-01,9.99999e-01,9.99136e-01,9.99999e-01
1.553205033e+00,9.99153e-01,9.99999e-01,9.99999e-01,9.99153e-01,9.99999e-01
1.560971058e+00,9.99170e-01,9.99999e-01,9.99999e-01,9.99170e-01,9.99999e-01
1.568775913e+00,9.99186e-01,9.99999e-01,9.99999e-01,9.99186e-01,9.99999e-01
1.576619793e+00,9.99202e-01,9.99999e-01,9.99999e-01,9.99202e-01,9.99999e-01
1.584502892e+00,9.99218e-01,9.99999e-01,9.99999e-01,9.99218e-01,9.99999e-01
1.592425406e+00,9.99233e-01,9.99999e-01,9.99999e-01,9.99233e-01,9.99999e-01
1.600387533e+00,9.99249e-01,9.99999e-01,9.99999e-01,9.99249e-01,9.99999e-01
1.608389471e+00,9.99263e-01,9.99999e-01,9.99999e-01,9.99263e-01,9.99999e-01
1.616431418e+00,9.99278e-01,9.99999e-01,9.99999e-01,9.99278e-01,9.99999e-01
1.624513575e+00,9.99292e-01,9.99999e-01,9.99999e-01,9.99292e-01,9.99999e-01
1.632636143e+00,9.99306e-01,9.99999e-01,9.99999e-01,9.99306e-01,9.99999e-01
1.640799324e+00,9.99320e-01,9.99999e-01,9.99999e-01,9.99320e-01,9.99999e-01
1.649003321e+00,9.99333e-01,9.99999e-01,9.99999e-01,9.99333e-01,9.99999e-01
1.657248337e+00,9.99346e-01,9.99999e-01,9.99999e-01,9.99346e-01,9.99999e-01
1.665534579e+00,9.99359e-01,9.99999e-01,9.99999e-01,9.99359e-01,9.99999e-01
1.673862252e+00,9.99372e-01,9.99999e-01,9.99999e-01,9.99372e-01,9.99999e-01
1.682231563e+00,9.99384e-01,9.99999e-01,9.99999e-01,9.99384e-01,9.99999e-01
1.690642721e+00,9.99396e-01,9.99999e-01,9.99999e-01,9.99396e-01,9.99999e-01
1.699095934e+00,9.99408e-01,9.99999e-01,9.99999e-01,9.99408e-01,9.99999e-01
1.707591414e+00,9.99420e-01,9.99999e-01,9.99999e-01,9.99420e-01,9.99999e-01
1.716129371e+00,9.99431e-01,9.99999e-01,9.99999e-01,9.99431e-01,9.99999e-01
1.724710018e+00,9.99443e-01,9.99999e-01,9.99999e-01,9.99443e-01,9.99999e-01
1.733333568e+00,9.99454e-01,9.99999e-01,9.99999e-01,9.99454e-01,9.99999e-01
1.742000236e+00,9.99464e-01,9.99999e-01,9.99999e-01,9.99464e-01,9.99999e-01
1.750710237e+00,9.99475e-01,9.99999e-01,9.99999e-01,9.99475e-01,9.99999e-01
1.759463788e+00,9.99485e-01,9.99999e-01,9.99999e-01,9.99485e-01,9.99999e-01
1.768261107e+00,9.99495e-01,9.99999e-01,9.99999e-01,9.99495e-01,9.99999e-01
1.777102413e+00,9.99505e-01,9.99999e-01,9.99999e-01,9.99505e-01,9.99999e-01
1.785987925e+00,9.99515e-01,9.99999e-01,9.99999e-01,9.99515e-01,9.99999e-01
1.794917864e+00,9.99525e-01,9.99999e-01,9.99999e-01,9.99525e-01,9.99999e-01
1.803892454e+00,9.99534e-01,9.99999e-01,9.99999e-01,9.99534e-01,9.99999e-01
1.812911916e+00,9.99543e-01,9.99999e-01,9.99999e-01,9.99543e-01,9.99999e-01
1.821976476e+00,9.99552e-01,9.99999e-01,9.99999e-01,9.99552e-01,9.99999e-01
1.831086358e+00,9.99561e-01,9.99999e-01,9.99999e-01,9.99561e-01,9.99999e-01
1.840241790e+00,9.99570e-01,9.99999e-01,9.99999e-01,9.99570e-01,9.99999e-01
1.849442999e+00,9.99578e-01,9.99999e-01,9.99999e-01,9.99578e-01,9.99999e-01
1.858690214e+00,9.99586e-01,9.99999e-01,9.99999e-01,9.99586e-01,9.99999e-01
1.867983665e+00,9.99595e-01,9.99999e-01,9.99999e-01,9.99595e-01,9.99999e-01
1.877323583e+00,9.99603e-01,9.99999e-01,9.99999e-01,9.99603e-01,9.99999e-01
1.886710201e+00,9.99610e-01,9.99999e-01,9.99999e-01,9.99610e-01,9.99999e-01
1.896143752e+00,9.99618e-01,9.99999e-01,9.99999e-01,9.99618e-01,9.99999e-01
1.905624471e+00,9.99626e-01,9.99999e-01,9.99999e-01,9.99626e-01,9.99999e-01
1.915152593e+00,9.99633e-01,9.99999e-01,9.99999e-01,9.99633e-01,9.99999e-01
1.924728356e+00,9.99640e-01,9.99999e-01,9.99999e-01,9.99640e-01,9.99999e-01
1.934351998e+00,9.99647e-01,9.99999e-01,9.99999e-01,9.99647e-01,9.99999e-01
1.944023758e+00,9.99654e-01,9.99999e-01,9.99999e-01,9.99654e-01,9.99999e-01
1.953743877e+00,9.99661e-01,9.99999e-01,9.99999e-01,9.99661e-01,9.99999e-01
1.963512596e+00,9.99668e-01,9.99999e-01,9.99999e-01,9.99668e-01,9.99999e-01
1.973330159e+00,9.99674e-01,9.99999e-01,9.99999e-01,9.99674e-01,9.99999e-01
1.983196810e+00,9.99681e-01,9.99999e-01,9.99999e-01,9.99681e-01,9.99999e-01
1.993112794e+00,9.99687e-01,9.99999e-01,9.99999e-01,9.99687e-01,9.99999e-01
2.003078358e+00,9.99685e-01,9.99999e-01,9.99999e-01,9.99693e-01,9.99990e-01
2.013093750e+00,9.99682e-01,9.99999e-01,9.99999e-01,9.99699e-01,9.99982e-01
2.023159218e+00,9.99679e-01,9.99999e-01,9.99999e-01,9.99705e-01,9.99973e-01
2.033275015e+00,9.99671e-01,9.99999e-01,9.99999e-01,9.99711e-01,9.99959e-01
2.043441390e+00,9.99650e-01,9.99999e-01,9.99999e-01,9.99717e-01,9.99932e-01
2.053658597e+00,9.99607e-01,9.99999e-01,9.99999e-01,9.99722e-01,9.99884e-01
2.063926890e+00,9.99526e-01,9.99998e-01,9.99999e-01,9.99728e-01,9.99799e-01
2.074246524e+00,9.99385e-01,9.99997e-01,9.99999e-01,9.99733e-01,9.99653e-01
2.084617757e+00,9.99160e-01,9.99996e-01,9.99999e-01,9.99738e-01,9.99424e-01
2.095040845e+00,9.98855e-01,9.99994e-01,9.99999e-01,9.99743e-01,9.99116e-01
2.105516050e+00,9.98486e-01,9.99993e-01,9.99999e-01,9.99748e-01,9.98743e-01
2.116043630e+00,9.98183e-01,9.99993e-01,9.99999e-01,9.99753e-01,9.98434e-01
2.126623848e+00,9.97984e-01,9.99994e-01,9.99999e-01,9.99758e-01,9.98229e-01
2.137256967e+00,9.97781e-01,9.99995e-01,9.99999e-01,9.99763e-01,9.98021e-01
2.147943252e+00,9.97377e-01,9.99997e-01,9.99999e-01,9.99768e-01,9.97610e-01
2.158682968e+00,9.97003e-01,9.99985e-01,9.99999e-01,9.99772e-01,9.97244e-01
2.169476383e+00,9.97719e-01,9.99994e-01,9.99999e-01,9.99777e-01,9.97946e-01
2.180323765e+00,9.98287e-01,9.99996e-01,9.99999e-01,9.99781e-01,9.98507e-01
2.191225384e+00,9.98542e-01,9.99996e-01,9.99999e-01,9.99785e-01,9.98758e-01
2.202181511e+00,9.98821e-01,9.99997e-01,9.99999e-01,9.99790e-01,9.99033e-01
2.213192418e+00,9.99121e-01,9.99997e-01,9.99999e-01,9.99794e-01,9.99328e-01
2.224258381e+00,9.99373e-01,9.99998e-01,9.99999e-01,9.99798e-01,9.99576e-01
2.235379672e+00,9.99556e-01,9.99998e-01,9.99999e-01,9.99802e-01,9.99754e-01
2.246556571e+00,9.99667e-01,9.99998e-01,9.99999e-01,9.99806e-01,9.99861e-01
2.257789354e+00,9.99734e-01,9.99999e-01,9.99999e-01,9.99810e-01,9.99924e-01
2.269078300e+00,9.99774e-01,9.99999e-01,9.99999e-01,9.99813e-01,9.99960e-01
2.280423692e+00,9.99794e-01,9.99999e-01,9.99999e-01,9.99817e-01,9.99976e-01
2.291825810e+00,9.99807e-01,9.99999e-01,9.99999e-01,9.99821e-01,9.99986e-01
2.303284939e+00,9.99816e-01,9.99999e-01,9.99999e-01,9.99824e-01,9.99991e-01
2.314801364e+00,9.99822e-01,9.99999e-01,9.99999e-01,9.99827e-01,9.99994e-01
2.326375371e+00,9.99831e-01,9.99999e-01,9.99999e-01,9.99831e-01,9.99999e-01
2.338007248e+00,9.99834e-01,9.99999e-01,9.99999e-01,9.99834e-01,9.99999e-01
2.349697284e+00,9.99837e-01,9.99999e-01,9.99999e-01,9.99837e-01,9.99999e-01
2.361445770e+00,9.99841e-01,9.99999e-01,9.99999e-01,9.99841e-01,9.99999e-01
2.373252999e+00,9.99844e-01,9.99999e-01,9.99999e-01,9.99844e-01,9.99999e-01
2.385119264e+00,9.99847e-01,9.99999e-01,9.99999e-01,9.99847e-01,9.99999e-01
2.397044861e+00,9.99850e-01,9.99999e-01,9.99999e-01,9.99850e-01,9.99999e-01
2.409030085e+00,9.99853e-01,9.99999e-01,9.99999e-01,9.99853e-01,9.99999e-01
2.421075235e+00,9.99856e-01,9.99999e-01,9.99999e-01,9.99856e-01,9.99999e-01
2.433180612e+00,9.99859e-01,9.99999e-01,9.99999e-01,9.99859e-01,9.99999e-01
2.445346515e+00,9.99861e-01,9.99999e-01,9.99999e-01,9.99861e-01,9.99999e-01
2.457573247e+00,9.99864e-01,9.99999e-01,9.99999e-01,9.99864e-01,9.99999e-01
2.469861113e+00,9.99867e-01,9.99999e-01,9.99999e-01,9.99867e-01,9.99999e-01
2.482210419e+00,9.99869e-01,9.99999e-01,9.99999e-01,9.99869e-01,9.99999e-01
2.494621471e+00,9.99872e-01,9.99999e-01,9.99999e-01,9.99872e-01,9.99999e-01
2.507094578e+00,9.99874e-01,9.99999e-01,9.99999e-01,9.99874e-01,9.99999e-01
2.519630051e+00,9.99877e-01,9.99999e-01,9.99999e-01,9.99877e-01,9.99999e-01
2.532228202e+00,9.99879e-01,9.99999e-01,9.99999e-01,9.99879e-01,9.99999e-01
2.544889343e+00,9.99882e-01,9.99999e-01,9.99999e-01,9.99882e-01,9.99999e-01
2.557613789e+00,9.99884e-01,9.99999e-01,9.99999e-01,9.99884e-01,9.99999e-01
2.570401858e+00,9.99886e-01,9.99999e-01,9.99999e-01,9.99886e-01,9.99999e-01
2.583253867e+00,9.99888e-01,9.99999e-01,9.99999e-01,9.99888e-01,9.99999e-01
2.596170137e+00,9.99891e-01,9.99999e-01,9.99999e-01,9.99891e-01,9.99999e-01
2.609150988e+00,9.99893e-01,9.99999e-01,9.99999e-01,9.99893e-01,9.99999e-01
2.622196742e+00,9.99895e-01,9.99999e-01,9.99999e-01,9.99895e-01,9.99999e-01
2.635307726e+00,9.99897e-01,9.99999e-01,9.99999e-01,9.99897e-01,9.99999e-01
2.648484265e+00,9.99899e-01,9.99999e-01,9.99999e-01,9.99899e-01,9.99999e-01
2.661726686e+00,9.99901e-01,9.99999e-01,9.99999e-01,9.99901e-01,9.99999e-01
2.675035320e+00,9.99903e-01,9.99999e-01,9.99999e-01,9.99903e-01,9.99999e-01
2.688410496e+00,9.99905e-01,9.99999e-01,9.99999e-01,9.99905e-01,9.99999e-01
2.701852549e+00,9.99907e-01,9.99999e-01,9.99999e-01,9.99907e-01,9.99999e-01
2.715361811e+00,9.99908e-01,9.99999e-01,9.99999e-01,9.99908e-01,9.99999e-01
2.728938620e+00,9.99910e-01,9.99999e-01,9.99999e-01,9.99910e-01,9.99999e-01
2.742583314e+00,9.99912e-01,9.99999e-01,9.99999e-01,9.99912e-01,9.99999e-01
2.756296230e+00,9.99914e-01,9.99999e-01,9.99999e-01,9.99914e-01,9.99999e-01
2.770077711e+00,9.99915e-01,9.99999e-01,9.99999e-01,9.99915e-01,9.99999e-01
2.783928100e+00,9.99917e-01,9.99999e-01,9.99999e-01,9.99917e-01,9.99999e-01
2.797847740e+00,9.99919e-01,9.99999e-01,9.99999e-01,9.99919e-01,9.99999e-01
2.811836979e+00,9.99920e-01,9.99999e-01,9.99999e-01,9.99920e-01,9.99999e-01
2.825896164e+00,9.99922e-01,9.99999e-01,9.99999e-01,9.99922e-01,9.99999e-01
2.840025645e+00,9.99923e-01,9.99999e-01,9.99999e-01,9.99923e-01,9.99999e-01
2.854225773e+00,9.99925e-01,9.99999e-01,9.99999e-01,9.99925e-01,9.99999e-01
2.868496902e+00,9.99926e-01,9.99999e-01,9.99999e-01,9.99926e-01,9.99999e-01
2.882839386e+00,9.99928e-01,9.99999e-01,9.99999e-01,9.99928e-01,9.99999e-01
2.897253583e+00,9.99929e-01,9.99999e-01,9.99999e-01,9.99929e-01,9.99999e-01
2.911739851e+00,9.99930e-01,9.99999e-01,9.99999e-01,9.99930e-01,9.99999e-01
2.926298550e+00,9.99932e-01,9.99999e-01,9.99999e-01,9.99932e-01,9.99999e-01
2.940930043e+00,9.99933e-01,9.99999e-01,9.99999e-01,9.99933e-01,9.99999e-01
2.955634693e+00,9.99934e-01,9.99999e-01,9.99999e-01,9.99934e-01,9.99999e-01
2.970412867e+00,9.99936e-01,9.99999e-01,9.99999e-01,9.99936e-01,9.99999e-01
2.985264931e+00,9.99937e-01,9.99999e-01,9.99999e-01,9.99937e-01,9.99999e-01
3.000191256e+00,9.99938e-01,9.99999e-01,9.99999e-01,9.99938e-01,9.99999e-01
3.015192212e+00,9.99939e-01,9.99999e-01,9.99999e-01,9.99939e-01,9.99999e-01
3.030268173e+00,9.99941e-01,9.99999e-01,9.99999e-01,9.99941e-01,9.99999e-01
3.045419514e+00,9.99942e-01,9.99999e-01,9.99999e-01,9.99942e-01,9.99999e-01
3.060646612e+00,9.99943e-01,9.99999e-01,9.99999e-01,9.99943e-01,9.99999e-01
3.075949845e+00,9.99944e-01,9.99999e-01,9.99999e-01,9.99944e-01,9.99999e-01
3.091329594e+00,9.99945e-01,9.99999e-01,9.99999e-01,9.99945e-01,9.99999e-01
3.106786242e+00,9.99946e-01,9.99999e-01,9.99999e-01,9.99946e-01,9.99999e-01
3.122320173e+00,9.99947e-01,9.99999e-01,9.99999e-01,9.99947e-01,9.99999e-01
3.137931774e+00,9.99948e-01,9.99999e-01,9.99999e-01,9.99948e-01,9.99999e-01
3.153621433e+00,9.99949e-01,9.99999e-01,9.99999e-01,9.99949e-01,9.99999e-01
3.169389540e+00,9.99950e-01,9.99999e-01,9.99999e-01,9.99950e-01,9.99999e-01
3.185236488e+00,9.99951e-01,9.99999e-01,9.99999e-01,9.99951e-01,9.99999e-01
3.201162670e+00,9.99952e-01,9.99999e-01,9.99999e-01,9.99952e-01,9.99999e-01
3.217168483e+00,9.99953e-01,9.99999e-01,9.99999e-01,9.99953e-01,9.99999e-01
3.233254326e+00,9.99954e-01,9.99999e-01,9.99999e-01,9.99954e-01,9.99999e-01
3.249420598e+00,9.99955e-01,9.99999e-01,9.99999e-01,9.99955e-01,9.99999e-01
3.265667701e+00,9.99956e-01,9.99999e-01,9.99999e-01,9.99956e-01,9.99999e-01
3.281996039e+00,9.99957e-01,9.99999e-01,9.99999e-01,9.99957e-01,9.99999e-01
3.298406019e+00,9.99957e-01,9.99999e-01,9.99999e-01,9.99957e-01,9.99999e-01
3.314898049e+00,9.99958e-01,9.99999e-01,9.99999e-01,9.99958e-01,9.99999e-01
3.331472540e+00,9.99827e-01,9.99999e-01,9.99999e-01,9.99959e-01,9.99867e-01
3.348129902e+00,9.99256e-01,9.99999e-01,9.99999e-01,9.99960e-01,9.99295e-01
3.364870552e+00,9.95228e-01,9.99999e-01,9.99999e-01,9.99961e-01,9.95266e-01
3.381694905e+00,9.96494e-01,9.99999e-01,9.99999e-01,9.99961e-01,9.96531e-01
3.398603379e+00,9.95907e-01,9.99999e-01,9.99999e-01,9.99962e-01,9.95943e-01
3.415596396e+00,9.95832e-01,9.99999e-01,9.99999e-01,9.99963e-01,9.95868e-01
3.432674378e+00,9.97720e-01,9.99999e-01,9.99999e-01,9.99964e-01,9.97755e-01
3.449837750e+00,9.98425e-01,9.99999e-01,9.99999e-01,9.99964e-01,9.98460e-01
3.467086939e+00,9.98134e-01,9.99999e-01,9.99999e-01,9.99965e-01,9.98168e-01
3.484422373e+00,9.97892e-01,9.99999e-01,9.99999e-01,9.99966e-01,9.97926e-01
3.501844485e+00,9.98659e-01,9.99999e-01,9.99999e-01,9.99966e-01,9.98692e-01
3.519353708e+00,9.99603e-01,9.99999e-01,9.99999e-01,9.99967e-01,9.99635e-01
3.536950476e+00,9.99897e-01,9.99999e-01,9.99999e-01,9.99968e-01,9.99929e-01
3.554635228e+00,9.99763e-01,9.99999e-01,9.99999e-01,9.99968e-01,9.99794e-01
3.572408405e+00,9.99692e-01,9.99999e-01,9.99999e-01,9.99969e-01,9.99722e-01
3.590270447e+00,9.99652e-01,9.99999e-01,9.99999e-01,9.99969e-01,9.99681e-01
3.608221799e+00,9.99439e-01,9.99999e-01,9.99999e-01,9.99970e-01,9.99468e-01
3.626262908e+00,9.99239e-01,9.99999e-01,9.99999e-01,9.99971e-01,9.99268e-01
3.644394222e+00,9.98869e-01,9.99999e-01,9.99999e-01,9.99971e-01,9.98896e-01
3.662616193e+00,9.98475e-01,9.99999e-01,9.99999e-01,9.99972e-01,9.98502e-01
3.680929274e+00,9.97934e-01,9.99999e-01,9.99999e-01,9.99972e-01,9.97961e-01
3.699333921e+00,9.97300e-01,9.99999e-01,9.99999e-01,9.99973e-01,9.97326e-01
3.717830590e+00,9.96457e-01,9.99999e-01,9.99999e-01,9.99973e-01,9.96483e-01
3.736419743e+00,9.95287e-01,9.99999e-01,9.99999e-01,9.99974e-01,9.95313e-01
3.755101842e+00,9.94078e-01,9.99998e-01,9.99999e-01,9.99974e-01,9.94103e-01
3.773877351e+00,9.92390e-01,9.99998e-01,9.99999e-01,9.99975e-01,9.92415e-01
3.792746738e+00,9.90041e-01,9.99997e-01,9.99999e-01,9.99975e-01,9.90067e-01
3.811710472e+00,9.87306e-01,9.99995e-01,9.99999e-01,9.99976e-01,9.87333e-01
3.830769024e+00,9.83938e-01,9.99993e-01,9.99999e-01,9.99976e-01,9.83966e-01
3.849922869e+00,9.79640e-01,9.99988e-01,9.99999e-01,9.99977e-01,9.79673e-01
3.869172484e+00,9.74314e-01,9.99983e-01,9.99999e-01,9.99977e-01,9.74351e-01
3.888518346e+00,9.67197e-01,9.99971e-01,9.99999e-01,9.99977e-01,9.67245e-01
3.907960938e+00,9.57833e-01,9.99965e-01,9.99999e-01,9.99978e-01,9.57886e-01
3.927500742e+00,9.45787e-01,9.99940e-01,9.99999e-01,9.99978e-01,9.45862e-01
3.947138246e+00,9.30317e-01,9.99916e-01,9.99999e-01,9.99979e-01,9.30414e-01
3.966873937e+00,9.10572e-01,9.99904e-01,9.99999e-01,9.99979e-01,9.10676e-01
3.986708307e+00,8.86466e-01,9.99846e-01,9.99999e-01,9.99980e-01,8.86619e-01
4.006641849e+00,8.58003e-01,9.99796e-01,9.99999e-01,9.99980e-01,8.58194e-01
4.026675058e+00,8.26269e-01,9.99831e-01,9.99999e-01,9.99980e-01,8.26424e-01
4.046808433e+00,7.93257e-01,9.99823e-01,9.99999e-01,9.99981e-01,7.93411e-01
4.067042475e+00,7.61185e-01,9.99752e-01,9.99999e-01,9.99981e-01,7.61387e-01
4.087377688e+00,7.32511e-01,9.99708e-01,9.99999e-01,9.99981e-01,7.32738e-01
4.107814576e+00,7.09890e-01,9.99658e-01,9.99999e-01,9.99982e-01,7.10145e-01
4.128353649e+00,6.95334e-01,9.99655e-01,9.99999e-01,9.99982e-01,6.95585e-01
4.148995417e+00,6.88782e-01,9.99759e-01,9.99999e-01,9.99982e-01,6.88960e-01
4.169740394e+00,6.90100e-01,9.99779e-01,9.99999e-01,9.99983e-01,6.90263e-01
4.190589096e+00,6.96355e-01,9.99795e-01,9.99999e-01,9.99983e-01,6.96508e-01
4.211542042e+00,6.97915e-01,9.99810e-01,9.99999e-01,9.99983e-01,6.98058e-01
4.232599752e+00,6.87736e-01,9.99883e-01,9.99999e-01,9.99984e-01,6.87826e-01
4.253762751e+00,6.56775e-01,9.99919e-01,9.99999e-01,9.99984e-01,6.56838e-01
4.275031564e+00,6.02894e-01,9.99864e-01,9.99999e-01,9.99984e-01,6.02984e-01
4.296406722e+00,5.86316e-01,9.98709e-01,9.99999e-01,9.99985e-01,5.87082e-01
4.317888756e+00,6.32613e-01,9.99749e-01,9.99999e-01,9.99985e-01,6.32781e-01
4.339478200e+00,6.98759e-01,9.99849e-01,9.99999e-01,9.99985e-01,6.98873e-01
4.361175591e+00,7.40739e-01,9.99877e-01,9.99999e-01,9.99985e-01,7.40839e-01
4.382981469e+00,7.62825e-01,9.99871e-01,9.99999e-01,9.99986e-01,7.62933e-01
4.404896376e+00,7.75559e-01,9.99820e-01,9.99999e-01,9.99986e-01,7.75708e-01
4.426920858e+00,7.86695e-01,9.99817e-01,9.99999e-01,9.99986e-01,7.86848e-01
4.449055462e+00,7.99435e-01,9.99874e-01,9.99999e-01,9.99986e-01,7.99545e-01
4.471300739e+00,8.14929e-01,9.99867e-01,9.99999e-01,9.99987e-01,8.15047e-01
4.493657243e+00,8.33137e-01,9.99884e-01,9.99999e-01,9.99987e-01,8.33243e-01
4.516125529e+00,8.52698e-01,9.99891e-01,9.99999e-01,9.99987e-01,8.52800e-01
4.538706157e+00,8.73116e-01,9.99871e-01,9.99999e-01,9.99987e-01,8.73238e-01
4.561399688e+00,8.93083e-01,9.99909e-01,9.99999e-01,9.99988e-01,8.93174e-01
4.584206686e+00,9.11599e-01,9.99928e-01,9.99999e-01,9.99988e-01,9.11674e-01
4.607127720e+00,9.28270e-01,9.99929e-01,9.99999e-01,9.99988e-01,9.28345e-01
4.630163358e+00,9.42868e-01,9.99955e-01,9.99999e-01,9.99988e-01,9.42920e-01
4.653314175e+00,9.54821e-01,9.99958e-01,9.99999e-01,9.99988e-01,9.54871e-01
4.676580746e+00,9.64544e-01,9.99959e-01,9.99999e-01,9.99989e-01,9.64593e-01
4.699963650e+00,9.72421e-01,9.99978e-01,9.99999e-01,9.99989e-01,9.72452e-01
4.723463468e+00,9.78624e-01,9.99973e-01,9.99999e-01,9.99989e-01,9.78658e-01
4.747080785e+00,9.83376e-01,9.99986e-01,9.99999e-01,9.99989e-01,9.83399e-01
4.770816189e+00,9.87123e-01,9.99987e-01,9.99999e-01,9.99989e-01,9.87144e-01
4.794670270e+00,9.90054e-01,9.99986e-01,9.99999e-01,9.99990e-01,9.90076e-01
4.818643622e+00,9.92393e-01,9.99993e-01,9.99999e-01,9.99990e-01,9.92408e-01
4.842736840e+00,9.94144e-01,9.99993e-01,9.99999e-01,9.99990e-01,9.94158e-01
4.866950524e+00,9.95441e-01,9.99996e-01,9.99999e-01,9.99990e-01,9.95453e-01
4.891285276e+00,9.96507e-01,9.99996e-01,9.99999e-01,9.99990e-01,9.96518e-01
4.915741703e+00,9.97322e-01,9.99997e-01,9.99999e-01,9.99991e-01,9.97332e-01
4.940320411e+00,9.97928e-01,9.99997e-01,9.99999e-01,9.99991e-01,9.97938e-01
4.965022013e+00,9.98411e-01,9.99998e-01,9.99999e-01,9.99991e-01,9.98421e-01
4.989847123e+00,9.98815e-01,9.99998e-01,9.99999e-01,9.99991e-01,9.98823e-01
5.014796359e+00,9.99154e-01,9.99998e-01,9.99999e-01,9.99991e-01,9.99163e-01
5.039870341e+00,9.99406e-01,9.99999e-01,9.99999e-01,9.99991e-01,9.99414e-01
5.065069693e+00,9.99605e-01,9.99999e-01,9.99999e-01,9.99992e-01,9.99613e-01
5.090395041e+00,9.99777e-01,9.99999e-01,9.99999e-01,9.99992e-01,9.99784e-01
5.115847016e+00,9.99865e-01,9.99999e-01,9.99999e-01,9.99992e-01,9.99872e-01
5.141426251e+00,9.99860e-01,9.99999e-01,9.99999e-01,9.99992e-01,9.99867e-01
5.167133383e+00,9.99944e-01,9.99999e-01,9.99999e-01,9.99992e-01,9.99951e-01
5.192969049e+00,9.99951e-01,9.99999e-01,9.99999e-01,9.99992e-01,9.99958e-01
5.218933895e+00,9.99895e-01,9.99999e-01,9.99999e-01,9.99992e-01,9.99902e-01
5.245028564e+00,9.99907e-01,9.99999e-01,9.99999e-01,9.99992e-01,9.99913e-01
5.271253707e+00,9.99928e-01,9.99999e-01,9.99999e-01,9.99993e-01,9.99935e-01
5.297609976e+00,9.99925e-01,9.99999e-01,9.99999e-01,9.99993e-01,9.99931e-01
5.324098025e+00,9.99957e-01,9.99999e-01,9.99999e-01,9.99993e-01,9.99963e-01
5.350718516e+00,9.99557e-01,9.99999e-01,9.99999e-01,9.99993e-01,9.99563e-01
5.377472108e+00,9.99619e-01,9.99999e-01,9.99999e-01,9.99993e-01,9.99625e-01
5.404359469e+00,9.99993e-01,9.99999e-01,9.99999e-01,9.99993e-01,9.99999e-01
5.431381266e+00,9.99993e-01,9.99999e-01,9.99999e-01,9.99993e-01,9.99999e-01
5.458538172e+00,9.99993e-01,9.99999e-01,9.99999e-01,9.99993e-01,9.99999e-01
5.485830863e+00,9.99994e-01,9.99999e-01,9.99999e-01,9.99994e-01,9.99999e-01
5.513260018e+00,9.99994e-01,9.99999e-01,9.99999e-01,9.99994e-01,9.99999e-01
5.540826318e+00,9.99994e-01,9.99999e-01,9.99999e-01,9.99994e-01,9.99999e-01
5.568530449e+00,9.99994e-01,9.99999e-01,9.99999e-01,9.99994e-01,9.99999e-01
5.596373101e+00,9.99994e-01,9.99999e-01,9.99999e-01,9.99994e-01,9.99999e-01
5.624354967e+00,9.99994e-01,9.99999e-01,9.99999e-01,9.99994e-01,9.99999e-01
5.652476742e+00,9.99994e-01,9.99999e-01,9.99999e-01,9.99994e-01,9.99999e-01
5.680739126e+00,9.99994e-01,9.99999e-01,9.99999e-01,9.99994e-01,9.99999e-01
5.709142821e+00,9.99994e-01,9.99999e-01,9.99999e-01,9.99994e-01,9.99999e-01
5.737688535e+00,9.99994e-01,9.99999e-01,9.99999e-01,9.99994e-01,9.99999e-01
5.766376978e+00,9.99995e-01,9.99999e-01,9.99999e-01,9.99995e-01,9.99999e-01
5.795208863e+00,9.99995e-01,9.99999e-01,9.99999e-01,9.99995e-01,9.99999e-01
5.824184907e+00,9.99995e-01,9.99999e-01,9.99999e-01,9.99995e-01,9.99999e-01
5.853305832e+00,9.99995e-01,9.99999e-01,9.99999e-01,9.99995e-01,9.99999e-01
5.882572361e+00,9.99995e-01,9.99999e-01,9.99999e-01,9.99995e-01,9.99999e-01
5.911985223e+00,9.99995e-01,9.99999e-01,9.99999e-01,9.99995e-01,9.99999e-01
5.941545149e+00,9.99995e-01,9.99999e-01,9.99999e-01,9.99995e-01,9.99999e-01
5.971252874e+00,9.99995e-01,9.99999e-01,9.99999e-01,9.99995e-01,9.99999e-01
6.001109139e+00,9.99995e-01,9.99999e-01,9.99999e-01,9.99995e-01,9.99999e-01
6.031114685e+00,9.99995e-01,9.99999e-01,9.99999e-01,9.99995e-01,9.99999e-01
6.061270258e+00,9.99995e-01,9.99999e-01,9.99999e-01,9.99995e-01,9.99999e-01
6.091576609e+00,9.99995e-01,9.99999e-01,9.99999e-01,9.99995e-01,9.99999e-01
6.122034492e+00,9.99995e-01,9.99999e-01,9.99999e-01,9.99995e-01,9.99999e-01
6.152644665e+00,9.99996e-01,9.99999e-01,9.99999e-01,9.99996e-01,9.99999e-01
6.183407888e+00,9.99996e-01,9.99999e-01,9.99999e-01,9.99996e-01,9.99999e-01
6.214324928e+00,9.99996e-01,9.99999e-01,9.99999e-01,9.99996e-01,9.99999e-01
6.245396552e+00,9.99996e-01,9.99999e-01,9.99999e-01,9.99996e-01,9.99999e-01
6.276623535e+00,9.99996e-01,9.99999e-01,9.99999e-01,9.99996e-01,9.99999e-01
6.308006653e+00,9.99996e-01,9.99999e-01,9.99999e-01,9.99996e-01,9.99999e-01
6.339546686e+00,9.99996e-01,9.99999e-01,9.99999e-01,9.99996e-01,9.99999e-01
6.371244419e+00,9.99996e-01,9.99999e-01,9.99999e-01,9.99996e-01,9.99999e-01
6.403100641e+00,9.99996e-01,9.99999e-01,9.99999e-01,9.99996e-01,9.99999e-01
6.435116145e+00,9.99996e-01,9.99999e-01,9.99999e-01,9.99996e-01,9.99999e-01
6.467291725e+00,9.99996e-01,9.99999e-01,9.99999e-01,9.99996e-01,9.99999e-01
6.499628184e+00,9.99996e-01,9.99999e-01,9.99999e-01,9.99996e-01,9.99999e-01
6.532126325e+00,9.99996e-01,9.99999e-01,9.99999e-01,9.99996e-01,9.99999e-01
6.564786956e+00,9.99996e-01,9.99999e-01,9.99999e-01,9.99996e-01,9.99999e-01
6.597610891e+00,9.99996e-01,9.99999e-01,9.99999e-01,9.99996e-01,9.99999e-01
6.630598946e+00,9.99996e-01,9.99999e-01,9.99999e-01,9.99996e-01,9.99999e-01
6.663751940e+00,9.99997e-01,9.99999e-01,9.99999e-01,9.99997e-01,9.99999e-01
6.697070700e+00,9.99997e-01,9.99999e-01,9.99999e-01,9.99997e-01,9.99999e-01
6.730556054e+00,9.99997e-01,9.99999e-01,9.99999e-01,9.99997e-01,9.99999e-01
6.764208834e+00,9.99997e-01,9.99999e-01,9.99999e-01,9.99997e-01,9.99999e-01
6.798029878e+00,9.99997e-01,9.99999e-01,9.99999e-01,9.99997e-01,9.99999e-01
6.832020027e+00,9.99997e-01,9.99999e-01,9.99999e-01,9.99997e-01,9.99999e-01
6.866180128e+00,9.99997e-01,9.99999e-01,9.99999e-01,9.99997e-01,9.99999e-01
6.900511028e+00,9.99997e-01,9.99999e-01,9.99999e-01,9.99997e-01,9.99999e-01
6.935013583e+00,9.99997e-01,9.99999e-01,9.99999e-01,9.99997e-01,9.99999e-01
6.969688651e+00,9.99997e-01,9.99999e-01,9.99999e-01,9.99997e-01,9.99999e-01
7.004537095e+00,9.99997e-01,9.99999e-01,9.99999e-01,9.99997e-01,9.99999e-01
7.039559780e+00,9.99997e-01,9.99999e-01,9.99999e-01,9.99997e-01,9.99999e-01
7.074757579e+00,9.99997e-01,9.99999e-01,9.99999e-01,9.99997e-01,9.99999e-01
7.110131367e+00,9.99997e-01,9.99999e-01,9.99999e-01,9.99997e-01,9.99999e-01
7.145682024e+00,9.99997e-01,9.99999e-01,9.99999e-01,9.99997e-01,9.99999e-01
7.181410434e+00,9.99997e-01,9.99999e-01,9.99999e-01,9.99997e-01,9.99999e-01
7.217317486e+00,9.99997e-01,9.99999e-01,9.99999e-01,9.99997e-01,9.99999e-01
7.253404073e+00,9.99997e-01,9.99999e-01,9.99999e-01,9.99997e-01,9.99999e-01
7.289671094e+00,9.99997e-01,9.99999e-01,9.99999e-01,9.99997e-01,9.99999e-01
7.326119449e+00,9.99997e-01,9.99999e-01,9.99999e-01,9.99997e-01,9.99999e-01
7.362750046e+00,9.99997e-01,9.99999e-01,9.99999e-01,9.99997e-01,9.99999e-01
7.399563797e+00,9.99997e-01,9.99999e-01,9.99999e-01,9.99997e-01,9.99999e-01
7.436561616e+00,9.99997e-01,9.99999e-01,9.99999e-01,9.99997e-01,9.99999e-01
7.473744424e+00,9.99997e-01,9.99999e-01,9.99999e-01,9.99997e-01,9.99999e-01
7.511113146e+00,9.99997e-01,9.99999e-01,9.99999e-01,9.99997e-01,9.99999e-01
7.548668712e+00,9.99997e-01,9.99999e-01,9.99999e-01,9.99997e-01,9.99999e-01
7.586412055e+00,9.99998e-01,9.99999e-01,9.99999e-01,9.99998e-01,9.99999e-01
7.624344115e+00,9.99998e-01,9.99999e-01,9.99999e-01,9.99998e-01,9.99999e-01
7.662465836e+00,9.99998e-01,9.99999e-01,9.99999e-01,9.99998e-01,9.99999e-01
7.700778165e+00,9.99998e-01,9.99999e-01,9.99999e-01,9.99998e-01,9.99999e-01
7.739282056e+00,9.99998e-01,9.99999e-01,9.99999e-01,9.99998e-01,9.99999e-01
7.777978466e+00,9.99998e-01,9.99999e-01,9.99999e-01,9.99998e-01,9.99999e-01
7.816868359e+00,9.99998e-01,9.99999e-01,9.99999e-01,9.99998e-01,9.99999e-01
7.855952700e+00,9.99998e-01,9.99999e-01,9.99999e-01,9.99998e-01,9.99999e-01
7.895232464e+00,9.99998e-01,9.99999e-01,9.99999e-01,9.99998e-01,9.99999e-01
7.934708626e+00,9.99998e-01,9.99999e-01,9.99999e-01,9.99998e-01,9.99999e-01
7.974382169e+00,9.99998e-01,9.99999e-01,9.99999e-01,9.99998e-01,9.99999e-01
8.014254080e+00,9.99998e-01,9.99999e-01,9.99999e-01,9.99998e-01,9.99999e-01
8.054325351e+00,9.99998e-01,9.99999e-01,9.99999e-01,9.99998e-01,9.99999e-01
8.094596977e+00,9.99998e-01,9.99999e-01,9.99999e-01,9.99998e-01,9.99999e-01
8.135069962e+00,9.99998e-01,9.99999e-01,9.99999e-01,9.99998e-01,9.99999e-01
8.175745312e+00,9.99998e-01,9.99999e-01,9.99999e-01,9.99998e-01,9.99999e-01
8.216624039e+00,9.99998e-01,9.99999e-01,9.99999e-01,9.99998e-01,9.99999e-01
8.257707159e+00,9.99998e-01,9.99999e-01,9.99999e-01,9.99998e-01,9.99999e-01
8.298995695e+00,9.99998e-01,9.99999e-01,9.99999e-01,9.99998e-01,9.99999e-01
8.340490673e+00,9.99998e-01,9.99999e-01,9.99999e-01,9.99998e-01,9.99999e-01
8.382193126e+00,9.99998e-01,9.99999e-01,9.99999e-01,9.99998e-01,9.99999e-01
8.424104092e+00,9.99998e-01,9.99999e-01,9.99999e-01,9.99998e-01,9.99999e-01
8.466224613e+00,9.99998e-01,9.99999e-01,9.99999e-01,9.99998e-01,9.99999e-01
8.508555736e+00,9.99998e-01,9.99999e-01,9.99999e-01,9.99998e-01,9.99999e-01
8.551098514e+00,9.99998e-01,9.99999e-01,9.99999e-01,9.99998e-01,9.99999e-01
8.593854007e+00,9.99998e-01,9.99999e-01,9.99999e-01,9.99998e-01,9.99999e-01
8.636823277e+00,9.99998e-01,9.99999e-01,9.99999e-01,9.99998e-01,9.99999e-01
8.680007393e+00,9.99998e-01,9.99999e-01,9.99999e-01,9.99998e-01,9.99999e-01
8.723407430e+00,9.99998e-01,9.99999e-01,9.99999e-01,9.99998e-01,9.99999e-01
8.767024467e+00,9.99998e-01,9.99999e-01,9.99999e-01,9.99998e-01,9.99999e-01
8.810859590e+00,9.99998e-01,9.99999e-01,9.99999e-01,9.99998e-01,9.99999e-01
8.854913888e+00,9.99998e-01,9.99999e-01,9.99999e-01,9.99998e-01,9.99999e-01
8.899188457e+00,9.99998e-01,9.99999e-01,9.99999e-01,9.99998e-01,9.99999e-01
8.943684399e+00,9.99998e-01,9.99999e-01,9.99999e-01,9.99998e-01,9.99999e-01
8.988402821e+00,9.99998e-01,9.99999e-01,9.99999e-01,9.99998e-01,9.99999e-01
9.033344836e+00,9.99998e-01,9.99999e-01,9.99999e-01,9.99998e-01,9.99999e-01
9.078511560e+00,9.99998e-01,9.99999e-01,9.99999e-01,9.99998e-01,9.99999e-01
9.123904118e+00,9.99998e-01,9.99999e-01,9.99999e-01,9.99998e-01,9.99999e-01
9.169523638e+00,9.99998e-01,9.99999e-01,9.99999e-01,9.99998e-01,9.99999e-01
9.215371256e+00,9.99998e-01,9.99999e-01,9.99999e-01,9.99998e-01,9.99999e-01
9.261448113e+00,9.99998e-01,9.99999e-01,9.99999e-01,9.99998e-01,9.99999e-01
9.307755353e+00,9.99998e-01,9.99999e-01,9.99999e-01,9.99998e-01,9.99999e-01
9.354294130e+00,9.99998e-01,9.99999e-01,9.99999e-01,9.99998e-01,9.99999e-01
9.401065601e+00,9.99998e-01,9.99999e-01,9.99999e-01,9.99998e-01,9.99999e-01
9.448070929e+00,9.99998e-01,9.99999e-01,9.99999e-01,9.99998e-01,9.99999e-01
9.495311283e+00,9.99998e-01,9.99999e-01,9.99999e-01,9.99998e-01,9.99999e-01
9.542787840e+00,9.99998e-01,9.99999e-01,9.99999e-01,9.99998e-01,9.99999e-01
9.590501779e+00,9.99998e-01,9.99999e-01,9.99999e-01,9.99998e-01,9.99999e-01
9.638454288e+00,9.99998e-01,9.99999e-01,9.99999e-01,9.99998e-01,9.99999e-01
9.686646559e+00,9.99998e-01,9.99999e-01,9.99999e-01,9.99998e-01,9.99999e-01
9.735079792e+00,9.99998e-01,9.99999e-01,9.99999e-01,9.99998e-01,9.99999e-01
9.783755191e+00,9.99998e-01,9.99999e-01,9.99999e-01,9.99998e-01,9.99999e-01
9.832673967e+00,9.99998e-01,9.99999e-01,9.99999e-01,9.99998e-01,9.99999e-01
9.881837337e+00,9.99998e-01,9.99999e-01,9.99999e-01,9.99998e-01,9.99999e-01
9.931246523e+00,9.99998e-01,9.99999e-01,9.99999e-01,9.99998e-01,9.99999e-01
9.980902756e+00,9.99999e-01,9.99999e-01,9.99999e-01,9.99999e-01,9.99999e-01
1.003080727e+01,9.99999e-01,9.99999e-01,9.99999e-01,9.99999e-01,9.99999e-01
1.008096131e+01,9.99999e-01,9.99999e-01,9.99999e-01,9.99999e-01,9.99999e-01
1.013136611e+01,9.99999e-01,9.99999e-01,9.99999e-01,9.99999e-01,9.99999e-01
1.018202294e+01,9.99999e-01,9.99999e-01,9.99999e-01,9.99999e-01,9.99999e-01
1.023293306e+01,9.99999e-01,9.99999e-01,9.99999e-01,9.99999e-01,9.99999e-01
1.028409772e+01,9.99999e-01,9.99999e-01,9.99999e-01,9.99999e-01,9.99999e-01
1.033551821e+01,9.99999e-01,9.99999e-01,9.99999e-01,9.99999e-01,9.99999e-01
1.038719580e+01,9.99999e-01,9.99999e-01,9.99999e-01,9.99999e-01,9.99999e-01
1.043913178e+01,9.99999e-01,9.99999e-01,9.99999e-01,9.99999e-01,9.99999e-01
1.049132744e+01,9.99999e-01,9.99999e-01,9.99999e-01,9.99999e-01,9.99999e-01
1.054378408e+01,9.99999e-01,9.99999e-01,9.99999e-01,9.99999e-01,9.99999e-01
1.059650300e+01,9.99999e-01,9.99999e-01,9.99999e-01,9.99999e-01,9.99999e-01
1.064948551e+01,9.99999e-01,9.99999e-01,9.99999e-01,9.99999e-01,9.99999e-01
1.070273294e+01,9.99999e-01,9.99999e-01,9.99999e-01,9.99999e-01,9.99999e-01
1.075624661e+01,9.99999e-01,9.99999e-01,9.99999e-01,9.99999e-01,9.99999e-01
1.081002784e+01,9.99999e-01,9.99999e-01,9.99999e-01,9.99999e-01,9.99999e-01
1.086407798e+01,9.99999e-01,9.99999e-01,9.99999e-01,9.99999e-01,9.99999e-01
1.091839837e+01,9.99999e-01,9.99999e-01,9.99999e-01,9.99999e-01,9.99999e-01
1.097299036e+01,9.99999e-01,9.99999e-01,9.99999e-01,9.99999e-01,9.99999e-01
1.102785531e+01,9.99999e-01,9.99999e-01,9.99999e-01,9.99999e-01,9.99999e-01
1.108299459e+01,9.99999e-01,9.99999e-01,9.99999e-01,9.99999e-01,9.99999e-01
1.113840956e+01,9.99999e-01,9.99999e-01,9.99999e-01,9.99999e-01,9.99999e-01
1.119410161e+01,9.99999e-01,9.99999e-01,9.99999e-01,9.99999e-01,9.99999e-01
1.125007212e+01,9.99999e-01,9.99999e-01,9.99999e-01,9.99999e-01,9.99999e-01
1.130632248e+01,9.99999e-01,9.99999e-01,9.99999e-01,9.99999e-01,9.99999e-01
1.136285409e+01,9.99999e-01,9.99999e-01,9.99999e-01,9.99999e-01,9.99999e-01
1.141966836e+01,9.99999e-01,9.99999e-01,9.99999e-01,9.99999e-01,9.99999e-01
1.147676670e+01,9.99999e-01,9.99999e-01,9.99999e-01,9.99999e-01,9.99999e-01
1.153415054e+01,9.99999e-01,9.99999e-01,9.99999e-01,9.99999e-01,9.99999e-01
1.159182129e+01,9.99999e-01,9.99999e-01,9.99999e-01,9.99999e-01,9.99999e-01
1.164978039e+01,9.99999e-01,9.99999e-01,9.99999e-01,9.99999e-01,9.99999e-01
1.170802930e+01,9.99999e-01,9.99999e-01,9.99999e-01,9.99999e-01,9.99999e-01
1.176656944e+01,9.99999e-01,9.99999e-01,9.99999e-01,9.99999e-01,9.99999e-01
1.182540229e+01,9.99999e-01,9.99999e-01,9.99999e-01,9.99999e-01,9.99999e-01
1.188452930e+01,9.99999e-01,9.99999e-01,9.99999e-01,9.99999e-01,9.99999e-01
1.194395195e+01,9.99999e-01,9.99999e-01,9.99999e-01,9.99999e-01,9.99999e-01
1.200367171e+01,9.99999e-01,9.99999e-01,9.99999e-01,9.99999e-01,9.99999e-01
1.206369007e+01,9.99999e-01,9.99999e-01,9.99999e-01,9.99999e-01,9.99999e-01
1.212400852e+01,9.99999e-01,9.99999e-01,9.99999e-01,9.99999e-01,9.99999e-01
1.218462856e+01,9.99999e-01,9.99999e-01,9.99999e-01,9.99999e-01,9.99999e-01
1.224555170e+01,9.99999e-01,9.99999e-01,9.99999e-01,9.99999e-01,9.99999e-01
1.230677946e+01,9.99999e-01,9.99999e-01,9.99999e-01,9.99999e-01,9.99999e-01
1.236831336e+01,9.99999e-01,9.99999e-01,9.99999e-01,9.99999e-01,9.99999e-01
1.243015492e+01,9.99999e-01,9.99999e-01,9.99999e-01,9.99999e-01,9.99999e-01
1.249230570e+01,9.99999e-01,9.99999e-01,9.99999e-01,9.99999e-01,9.99999e-01
1.255476723e+01,9.99999e-01,9.99999e-01,9.99999e-01,9.99999e-01,9.99999e-01
1.261754106e+01,9.99999e-01,9.99999e-01,9.99999e-01,9.99999e-01,9.99999e-01
1.268062877e+01,9.99999e-01,9.99999e-01,9.99999e-01,9.99999e-01,9.99999e-01
1.274403191e+01,9.99999e-01,9.99999e-01,9.99999e-01,9.99999e-01,9.99999e-01
1.280775207e+01,9.99999e-01,9.99999e-01,9.99999e-01,9.99999e-01,9.99999e-01
1.287179083e+01,9.99999e-01,9.99999e-01,9.99999e-01,9.99999e-01,9.99999e-01
1.293614979e+01,9.99999e-01,9.99999e-01,9.99999e-01,9.99999e-01,9.99999e-01
1.300083054e+01,9.99999e-01,9.99999e-01,9.99999e-01,9.99999e-01,9.99999e-01
1.306583469e+01,9.99999e-01,9.99999e-01,9.99999e-01,9.99999e-01,9.99999e-01
1.313116386e+01,9.99999e-01,9.99999e-01,9.99999e-01,9.99999e-01,9.99999e-01
1.319681968e+01,9.99999e-01,9.99999e-01,9.99999e-01,9.99999e-01,9.99999e-01
1.326280378e+01,9.99999e-01,9.99999e-01,9.99999e-01,9.99999e-01,9.99999e-01
1.332911780e+01,9.99999e-01,9.99999e-01,9.99999e-01,9.99999e-01,9.99999e-01
1.339576339e+01,9.99999e-01,9.99999e-01,9.99999e-01,9.99999e-01,9.99999e-01
1.346274221e+01,9.99999e-01,9.99999e-01,9.99999e-01,9.99999e-01,9.99999e-01
1.353005592e+01,9.99999e-01,9.99999e-01,9.99999e-01,9.99999e-01,9.99999e-01
1.359770620e+01,9.99999e-01,9.99999e-01,9.99999e-01,9.99999e-01,9.99999e-01
1.366569473e+01,9.99999e-01,9.99999e-01,9.99999e-01,9.99999e-01,9.99999e-01
1.373402320e+01,9.99999e-01,9.99999e-01,9.99999e-01,9.99999e-01,9.99999e-01
1.380269332e+01,9.99999e-01,9.99999e-01,9.99999e-01,9.99999e-01,9.99999e-01
1.387170678e+01,9.99999e-01,9.99999e-01,9.99999e-01,9.99999e-01,9.99999e-01
1.394106532e+01,9.99999e-01,9.99999e-01,9.99999e-01,9.99999e-01,9.99999e-01
1.401077064e+01,9.99999e-01,9.99999e-01,9.99999e-01,9.99999e-01,9.99999e-01
1.408082450e+01,9.99999e-01,9.99999e-01,9.99999e-01,9.99999e-01,9.99999e-01
1.415122862e+01,9.99999e-01,9.99999e-01,9.99999e-01,9.99999e-01,9.99999e-01
1.422198476e+01,9.99999e-01,9.99999e-01,9.99999e-01,9.99999e-01,9.99999e-01
1.429309469e+01,9.99999e-01,9.99999e-01,9.99999e-01,9.99999e-01,9.99999e-01
1.436456016e+01,9.99999e-01,9.99999e-01,9.99999e-01,9.99999e-01,9.99999e-01
1.443638296e+01,9.99999e-01,9.99999e-01,9.99999e-01,9.99999e-01,9.99999e-01
1.450856487e+01,9.99999e-01,9.99999e-01,9.99999e-01,9.99999e-01,9.99999e-01
1.458110770e+01,9.99999e-01,9.99999e-01,9.99999e-01,9.99999e-01,9.99999e-01
1.465401324e+01,9.99999e-01,9.99999e-01,9.99999e-01,9.99999e-01,9.99999e-01
1.472728330e+01,9.99999e-01,9.99999e-01,9.99999e-01,9.99999e-01,9.99999e-01
1.480091972e+01,9.99999e-01,9.99999e-01,9.99999e-01,9.99999e-01,9.99999e-01
1.487492432e+01,9.99999e-01,9.99999e-01,9.99999e-01,9.99999e-01,9.99999e-01
1.494929894e+01,9.99999e-01,9.99999e-01,9.99999e-01,9.99999e-01,9.99999e-01
1.502404544e+01,9.99999e-01,9.99999e-01,9.99999e-01,9.99999e-01,9.99999e-01
1.509916566e+01,9.99999e-01,9.99999e-01,9.99999e-01,9.99999e-01,9.99999e-01
1.517466149e+01,9.99999e-01,9.99999e-01,9.99999e-01,9.99999e-01,9.99999e-01
1.525053480e+01,9.99999e-01,9.99999e-01,9.99999e-01,9.99999e-01,9.99999e-01
1.532678747e+01,9.99999e-01,9.99999e-01,9.99999e-01,9.99999e-01,9.99999e-01
1.540342141e+01,9.95608e-01,9.99999e-01,9.99999e-01,9.99999e-01,9.95608e-01
1.548043852e+01,9.95305e-01,9.99999e-01,9.99999e-01,9.99999e-01,9.95305e-01
1.555784071e+01,9.95153e-01,9.99999e-01,9.99999e-01,9.99999e-01,9.95154e-01
1.563562991e+01,9.94998e-01,9.99999e-01,9.99999e-01,9.99999e-01,9.94998e-01
1.571380806e+01,9.94836e-01,9.99999e-01,9.99999e-01,9.99999e-01,9.94836e-01
1.579237710e+01,9.94673e-01,9.99999e-01,9.99999e-01,9.99999e-01,9.94673e-01
1.587133899e+01,9.94505e-01,9.99999e-01,9.99999e-01,9.99999e-01,9.94505e-01
1.595069568e+01,9.94332e-01,9.99999e-01,9.99999e-01,9.99999e-01,9.94332e-01
1.603044916e+01,9.94157e-01,9.99999e-01,9.99999e-01,9.99999e-01,9.94157e-01
1.611060141e+01,9.93979e-01,9.99999e-01,9.99999e-01,9.99999e-01,9.93979e-01
1.619115441e+01,9.93794e-01,9.99999e-01,9.99999e-01,9.99999e-01,9.93794e-01
1.627211019e+01,9.93608e-01,9.99999e-01,9.99999e-01,9.99999e-01,9.93608e-01
1.635347074e+01,9.93418e-01,9.99999e-01,9.99999e-01,9.99999e-01,9.93418e-01
1.643523809e+01,9.93222e-01,9.99999e-01,9.99999e-01,9.99999e-01,9.93222e-01
1.651741428e+01,9.93025e-01,9.99999e-01,9.99999e-01,9.99999e-01,9.93025e-01
1.660000135e+01,9.92822e-01,9.99999e-01,9.99999e-01,9.99999e-01,9.92822e-01
1.668300136e+01,9.92613e-01,9.99999e-01,9.99999e-01,9.99999e-01,9.92614e-01
1.676641637e+01,9.92397e-01,9.99999e-01,9.99999e-01,9.99999e-01,9.92397e-01
1.685024845e+01,9.92177e-01,9.99999e-01,9.99999e-01,9.99999e-01,9.92177e-01
1.693449969e+01,9.91954e-01,9.99999e-01,9.99999e-01,9.99999e-01,9.91954e-01
1.701917219e+01,9.91729e-01,9.99999e-01,9.99999e-01,9.99999e-01,9.91729e-01
1.710426805e+01,9.91492e-01,9.99999e-01,9.99999e-01,9.99999e-01,9.91493e-01
1.718978939e+01,9.91251e-01,9.99999e-01,9.99999e-01,9.99999e-01,9.91251e-01
1.727573834e+01,9.91012e-01,9.99999e-01,9.99999e-01,9.99999e-01,9.91012e-01
1.736211703e+01,9.90766e-01,9.99999e-01,9.99999e-01,9.99999e-01,9.90767e-01
1.744892761e+01,9.90511e-01,9.99999e-01,9.99999e-01,9.99999e-01,9.90511e-01
1.753617225e+01,9.90255e-01,9.99999e-01,9.99999e-01,9.99999e-01,9.90255e-01
1.762385311e+01,9.89997e-01,9.99999e-01,9.99999e-01,9.99999e-01,9.89997e-01
1.771197238e+01,9.89727e-01,9.99999e-01,9.99999e-01,9.99999e-01,9.89727e-01
1.780053224e+01,9.89452e-01,9.99999e-01,9.99999e-01,9.99999e-01,9.89452e-01
1.788953490e+01,9.89183e-01,9.99999e-01,9.99999e-01,9.99999e-01,9.89183e-01
1.797898258e+01,9.88906e-01,9.99999e-01,9.99999e-01,9.99999e-01,9.88906e-01
1.806887749e+01,9.88617e-01,9.99999e-01,9.99999e-01,9.99999e-01,9.88617e-01
1.815922188e+01,9.88327e-01,9.99999e-01,9.99999e-01,9.99999e-01,9.88327e-01
1.825001799e+01,9.88032e-01,9.99999e-01,9.99999e-01,9.99999e-01,9.88032e-01
1.834126808e+01,9.87728e-01,9.99999e-01,9.99999e-01,9.99999e-01,9.87728e-01
1.843297442e+01,9.87424e-01,9.99999e-01,9.99999e-01,9.99999e-01,9.87424e-01
1.852513929e+01,9.87115e-01,9.99999e-01,9.99999e-01,9.99999e-01,9.87115e-01
1.861776499e+01,9.86804e-01,9.99999e-01,9.99999e-01,9.99999e-01,9.86804e-01
1.871085381e+01,9.86485e-01,9.99999e-01,9.99999e-01,9.99999e-01,9.86485e-01
1.880440808e+01,9.86155e-01,9.99999e-01,9.99999e-01,9.99999e-01,9.86155e-01
1.889843012e+01,9.85823e-01,9.99999e-01,9.99999e-01,9.99999e-01,9.85823e-01
1.899292227e+01,9.85492e-01,9.99999e-01,9.99999e-01,9.99999e-01,9.85492e-01
1.908788688e+01,9.85153e-01,9.99999e-01,9.99999e-01,9.99999e-01,9.85153e-01
1.918332632e+01,9.84809e-01,9.99999e-01,9.99999e-01,9.99999e-01,9.84809e-01
1.927924295e+01,9.84456e-01,9.99999e-01,9.99999e-01,9.99999e-01,9.84456e-01
1.937563916e+01,9.84095e-01,9.99999e-01,9.99999e-01,9.99999e-01,9.84095e-01
1.947251736e+01,9.83729e-01,9.99999e-01,9.99999e-01,9.99999e-01,9.83729e-01
1.956987994e+01,9.83362e-01,9.99999e-01,9.99999e-01,9.99999e-01,9.83362e-01
1.966772934e+01,9.82994e-01,9.99999e-01,9.99999e-01,9.99999e-01,9.82994e-01
1.976606799e+01,9.82609e-01,9.99999e-01,9.99999e-01,9.99999e-01,9.82609e-01
1.986489833e+01,9.82217e-01,9.99999e-01,9.99999e-01,9.99999e-01,9.82217e-01
1.996422282e+01,9.81827e-01,9.99999e-01,9.99999e-01,9.99999e-01,9.81827e-01
