#,Wave/freq,Total,N2,CO2,Rayleigh,CIA
4.000000000e-01,1.02497e-47,9.99999e-01,9.99999e-01,1.02497e-47,9.99999e-01
4.020000000e-01,8.70576e-47,9.99999e-01,9.99999e-01,8.70576e-47,9.99999e-01
4.040100000e-01,7.07310e-46,9.99999e-01,9.99999e-01,7.07310e-46,9.99999e-01
4.060300500e-01,5.51368e-45,9.99999e-01,9.99999e-01,5.51368e-45,9.99999e-01
4.080602003e-01,4.12722e-44,9.99999e-01,9.99999e-01,4.12722e-44,9.99999e-01
4.101005013e-01,2.96897e-43,9.99999e-01,9.99999e-01,2.96897e-43,9.99999e-01
4.121510038e-01,2.05413e-42,9.99999e-01,9.99999e-01,2.05413e-42,9.99999e-01
4.142117588e-01,1.36791e-41,9.99999e-01,9.99999e-01,1.36791e-41,9.99999e-01
4.162828176e-01,8.77447e-41,9.99999e-01,9.99999e-01,8.77447e-41,9.99999e-01
4.183642317e-01,5.42552e-40,9.99999e-01,9.99999e-01,5.42552e-40,9.99999e-01
4.204560528e-01,3.23619e-39,9.99999e-01,9.99999e-01,3.23619e-39,9.99999e-01
4.225583331e-01,1.86340e-38,9.99999e-01,9.99999e-01,1.86340e-38,9.99999e-01
4.246711247e-01,1.03648e-37,9.99999e-01,9.99999e-01,1.03648e-37,9.99999e-01
4.267944804e-01,5.57308e-37,9.99999e-01,9.99999e-01,5.57308e-37,9.99999e-01
4.289284528e-01,2.89867e-36,9.99999e-01,9.99999e-01,2.89867e-36,9.99999e-01
4.310730950e-01,1.45935e-35,9.99999e-01,9.99999e-01,1.45935e-35,9.99999e-01
4.332284605e-01,7.11628e-35,9.99999e-01,9.99999e-01,7.11628e-35,9.99999e-01
4.353946028e-01,3.36323e-34,9.99999e-01,9.99999e-01,3.36323e-34,9.99999e-01
4.375715758e-01,1.54147e-33,9.99999e-01,9.99999e-01,1.54147e-33,9.99999e-01
4.397594337e-01,6.85575e-33,9.99999e-01,9.99999e-01,6.85575e-33,9.99999e-01
4.419582309e-01,2.96055e-32,9.99999e-01,9.99999e-01,2.96055e-32,9.99999e-01
4.441680220e-01,1.24206e-31,9.99999e-01,9.99999e-01,1.24206e-31,9.99999e-01
4.463888621e-01,5.06534e-31,9.99999e-01,9.99999e-01,5.06534e-31,9.99999e-01
4.486208064e-01,2.00917e-30,9.99999e-01,9.99999e-01,2.00917e-30,9.99999e-01
4.508639105e-01,7.75544e-30,9.99999e-01,9.99999e-01,7.75544e-30,9.99999e-01
4.531182300e-01,2.91480e-29,9.99999e-01,9.99999e-01,2.91480e-29,9.99999e-01
4.553838212e-01,1.06722e-28,9.99999e-01,9.99999e-01,1.06722e-28,9.99999e-01
4.576607403e-01,3.80860e-28,9.99999e-01,9.99999e-01,3.80860e-28,9.99999e-01
4.599490440e-01,1.32545e-27,9.99999e-01,9.99999e-01,1.32545e-27,9.99999e-01
4.622487892e-01,4.50052e-27,9.99999e-01,9.99999e-01,4.50052e-27,9.99999e-01
4.645600332e-01,1.49168e-26,9.99999e-01,9.99999e-01,1.49168e-26,9.99999e-01
4.668828333e-01,4.82847e-26,9.99999e-01,9.99999e-01,4.82847e-26,9.99999e-01
4.692172475e-01,1.52710e-25,9.99999e-01,9.99999e-01,1.52710e-25,9.99999e-01
4.715633337e-01,4.72115e-25,9.99999e-01,9.99999e-01,4.72115e-25,9.99999e-01
4.739211504e-01,1.42740e-24,9.99999e-01,9.99999e-01,1.42740e-24,9.99999e-01
4.762907561e-01,4.22233e-24,9.99999e-01,9.99999e-01,4.22233e-24,9.99999e-01
4.786722099e-01,1.22252e-23,9.99999e-01,9.99999e-01,1.22252e-23,9.99999e-01
4.810655710e-01,3.46608e-23,9.99999e-01,9.99999e-01,3.46608e-23,9.99999e-01
4.834708988e-01,9.62682e-23,9.99999e-01,9.99999e-01,9.62682e-23,9.99999e-01
4.858882533e-01,2.62038e-22,9.99999e-01,9.99999e-01,2.62038e-22,9.99999e-01
4.883176946e-01,6.99285e-22,9.99999e-01,9.99999e-01,6.99285e-22,9.99999e-01
4.907592831e-01,1.83031e-21,9.99999e-01,9.99999e-01,1.83031e-21,9.99999e-01
4.932130795e-01,4.70047e-21,9.99999e-01,9.99999e-01,4.70047e-21,9.99999e-01
4.956791449e-01,1.18486e-20,9.99999e-01,9.99999e-01,1.18486e-20,9.99999e-01
4.981575406e-01,2.93266e-20,9.99999e-01,9.99999e-01,2.93266e-20,9.99999e-01
5.006483283e-01,7.12987e-20,9.99999e-01,9.99999e-01,7.12987e-20,9.99999e-01
5.031515699e-01,1.70326e-19,9.99999e-01,9.99999e-01,1.70326e-19,9.99999e-01
5.056673278e-01,3.99953e-19,9.99999e-01,9.99999e-01,3.99953e-19,9.99999e-01
5.081956644e-01,9.23454e-19,9.99999e-01,9.99999e-01,9.23454e-19,9.99999e-01
5.107366428e-01,2.09721e-18,9.99999e-01,9.99999e-01,2.09721e-18,9.99999e-01
5.132903260e-01,4.68634e-18,9.99999e-01,9.99999e-01,4.68634e-18,9.99999e-01
5.158567776e-01,1.03069e-17,9.99999e-01,9.99999e-01,1.03069e-17,9.99999e-01
5.184360615e-01,2.23183e-17,9.99999e-01,9.99999e-01,2.23183e-17,9.99999e-01
5.210282418e-01,4.75955e-17,9.99999e-01,9.99999e-01,4.75955e-17,9.99999e-01
5.236333830e-01,9.99942e-17,9.99999e-01,9.99999e-01,9.99942e-17,9.99999e-01
5.262515499e-01,2.07021e-16,9.99999e-01,9.99999e-01,2.07021e-16,9.99999e-01
5.288828077e-01,4.22486e-16,9.99999e-01,9.99999e-01,4.22486e-16,9.99999e-01
5.315272217e-01,8.50140e-16,9.99999e-01,9.99999e-01,8.50140e-16,9.99999e-01
5.341848578e-01,1.68722e-15,9.99999e-01,9.99999e-01,1.68722e-15,9.99999e-01
5.368557821e-01,3.30347e-15,9.99999e-01,9.99999e-01,3.30347e-15,9.99999e-01
5.395400610e-01,6.38273e-15,9.99999e-01,9.99999e-01,6.38273e-15,9.99999e-01
5.422377613e-01,1.21729e-14,9.99999e-01,9.99999e-01,1.21729e-14,9.99999e-01
5.449489501e-01,2.29214e-14,9.99999e-01,9.99999e-01,2.29214e-14,9.99999e-01
5.476736949e-01,4.26246e-14,9.99999e-01,9.99999e-01,4.26246e-14,9.99999e-01
5.504120634e-01,7.82992e-14,9.99999e-01,9.99999e-01,7.82992e-14,9.99999e-01
5.531641237e-01,1.42114e-13,9.99999e-01,9.99999e-01,1.42114e-13,9.99999e-01
5.559299443e-01,2.54921e-13,9.99999e-01,9.99999e-01,2.54921e-13,9.99999e-01
5.587095940e-01,4.52023e-13,9.99999e-01,9.99999e-01,4.52023e-13,9.99999e-01
5.615031420e-01,7.92504e-13,9.99999e-01,9.99999e-01,7.92504e-13,9.99999e-01
5.643106577e-01,1.37412e-12,9.99999e-01,9.99999e-01,1.37412e-12,9.99999e-01
5.671322110e-01,2.35684e-12,9.99999e-01,9.99999e-01,2.35684e-12,9.99999e-01
5.699678720e-01,3.99949e-12,9.99999e-01,9.99999e-01,3.99949e-12,9.99999e-01
5.728177114e-01,6.71650e-12,9.99999e-01,9.99999e-01,6.71650e-12,9.99999e-01
5.756818000e-01,1.11644e-11,9.99999e-01,9.99999e-01,1.11644e-11,9.99999e-01
5.785602090e-01,1.83725e-11,9.99999e-01,9.99999e-01,1.83725e-11,9.99999e-01
5.814530100e-01,2.99383e-11,9.99999e-01,9.99999e-01,2.99383e-11,9.99999e-01
5.843602750e-01,4.83167e-11,9.99999e-01,9.99999e-01,4.83167e-11,9.99999e-01
5.872820764e-01,7.72435e-11,9.99999e-01,9.99999e-01,7.72435e-11,9.99999e-01
5.902184868e-01,1.22349e-10,9.99999e-01,9.99999e-01,1.22349e-10,9.99999e-01
5.931695792e-01,1.92042e-10,9.99999e-01,9.99999e-01,1.92042e-10,9.99999e-01
5.961354271e-01,2.98760e-10,9.99999e-01,9.99999e-01,2.98760e-10,9.99999e-01
5.991161043e-01,4.60743e-10,9.99999e-01,9.99999e-01,4.60743e-10,9.99999e-01
6.021116848e-01,7.04496e-10,9.99999e-01,9.99999e-01,7.04496e-10,9.99999e-01
6.051222432e-01,1.06821e-09,9.99999e-01,9.99999e-01,1.06821e-09,9.99999e-01
6.081478544e-01,1.60643e-09,9.99999e-01,9.99999e-01,1.60643e-09,9.99999e-01
6.111885937e-01,2.39645e-09,9.99999e-01,9.99999e-01,2.39645e-09,9.99999e-01
6.142445367e-01,3.54685e-09,9.99999e-01,9.99999e-01,3.54685e-09,9.99999e-01
6.173157594e-01,5.20900e-09,9.99999e-01,9.99999e-01,5.20900e-09,9.99999e-01
6.204023382e-01,7.59223e-09,9.99999e-01,9.99999e-01,7.59223e-09,9.99999e-01
6.235043498e-01,1.09838e-08,9.99999e-01,9.99999e-01,1.09838e-08,9.99999e-01
6.266218716e-01,1.57749e-08,9.99999e-01,9.99999e-01,1.57749e-08,9.99999e-01
6.297549810e-01,2.24945e-08,9.99999e-01,9.99999e-01,2.24945e-08,9.99999e-01
6.329037559e-01,3.18524e-08,9.99999e-01,9.99999e-01,3.18524e-08,9.99999e-01
6.360682746e-01,4.47944e-08,9.99999e-01,9.99999e-01,4.47944e-08,9.99999e-01
6.392486160e-01,6.25720e-08,9.99999e-01,9.99999e-01,6.25720e-08,9.99999e-01
6.424448591e-01,8.68299e-08,9.99999e-01,9.99999e-01,8.68299e-08,9.99999e-01
6.456570834e-01,1.19715e-07,9.99999e-01,9.99999e-01,1.19715e-07,9.99999e-01
6.488853688e-01,1.64011e-07,9.99999e-01,9.99999e-01,1.64011e-07,9.99999e-01
6.521297956e-01,2.23303e-07,9.99999e-01,9.99999e-01,2.23303e-07,9.99999e-01
6.553904446e-01,3.02183e-07,9.99999e-01,9.99999e-01,3.02183e-07,9.99999e-01
6.586673968e-01,4.06491e-07,9.99999e-01,9.99999e-01,4.06491e-07,9.99999e-01
6.619607338e-01,5.43611e-07,9.99999e-01,9.99999e-01,5.43611e-07,9.99999e-01
6.652705375e-01,7.22823e-07,9.99999e-01,9.99999e-01,7.22823e-07,9.99999e-01
6.685968902e-01,9.55722e-07,9.99999e-01,9.99999e-01,9.55722e-07,9.99999e-01
6.719398746e-01,1.25671e-06,9.99999e-01,9.99999e-01,1.25671e-06,9.99999e-01
6.752995740e-01,1.64357e-06,9.99999e-01,9.99999e-01,1.64357e-06,9.99999e-01
6.786760719e-01,2.13817e-06,9.99999e-01,9.99999e-01,2.13817e-06,9.99999e-01
6.820694522e-01,2.76718e-06,9.99999e-01,9.99999e-01,2.76718e-06,9.99999e-01
6.854797995e-01,3.56304e-06,9.99999e-01,9.99999e-01,3.56304e-06,9.99999e-01
6.889071985e-01,4.56495e-06,9.99999e-01,9.99999e-01,4.56495e-06,9.99999e-01
6.923517345e-01,5.82003e-06,9.99999e-01,9.99999e-01,5.82003e-06,9.99999e-01
6.958134932e-01,7.38467e-06,9.99999e-01,9.99999e-01,7.38467e-06,9.99999e-01
6.992925606e-01,9.32598e-06,9.99999e-01,9.99999e-01,9.32598e-06,9.99999e-01
7.027890234e-01,1.17234e-05,9.99999e-01,9.99999e-01,1.17234e-05,9.99999e-01
7.063029686e-01,1.46708e-05,9.99999e-01,9.99999e-01,1.46708e-05,9.99999e-01
7.098344834e-01,1.82780e-05,9.99999e-01,9.99999e-01,1.82780e-05,9.99999e-01
7.133836558e-01,2.26734e-05,9.99999e-01,9.99999e-01,2.26734e-05,9.99999e-01
7.169505741e-01,2.80064e-05,9.99999e-01,9.99999e-01,2.80064e-05,9.99999e-01
7.205353270e-01,3.44497e-05,9.99999e-01,9.99999e-01,3.44497e-05,9.99999e-01
7.241380036e-01,4.22023e-05,9.99999e-01,9.99999e-01,4.22023e-05,9.99999e-01
7.277586936e-01,5.14929e-05,9.99999e-01,9.99999e-01,5.14929e-05,9.99999e-01
7.313974871e-01,6.25822e-05,9.99999e-01,9.99999e-01,6.25822e-05,9.99999e-01
7.350544745e-01,7.57672e-05,9.99999e-01,9.99999e-01,7.57672e-05,9.99999e-01
7.387297469e-01,9.13843e-05,9.99999e-01,9.99999e-01,9.13843e-05,9.99999e-01
7.424233956e-01,1.09813e-04,9.99999e-01,9.99999e-01,1.09813e-04,9.99999e-01
7.461355126e-01,1.31480e-04,9.99999e-01,9.99999e-01,1.31480e-04,9.99999e-01
7.498661902e-01,1.56864e-04,9.99999e-01,9.99999e-01,1.56864e-04,9.99999e-01
7.536155211e-01,1.86497e-04,9.99999e-01,9.99999e-01,1.86497e-04,9.99999e-01
7.573835987e-01,2.20971e-04,9.99999e-01,9.99999e-01,2.20971e-04,9.99999e-01
7.611705167e-01,2.60941e-04,9.99999e-01,9.99999e-01,2.60941e-04,9.99999e-01
7.649763693e-01,3.07132e-04,9.99999e-01,9.99999e-01,3.07132e-04,9.99999e-01
7.688012511e-01,3.60337e-04,9.99999e-01,9.99999e-01,3.60337e-04,9.99999e-01
7.726452574e-01,4.21427e-04,9.99999e-01,9.99999e-01,4.21427e-04,9.99999e-01
7.765084837e-01,4.91352e-04,9.99999e-01,9.99999e-01,4.91352e-04,9.99999e-01
7.803910261e-01,4.61617e-04,9.99999e-01,8.08231e-01,5.71145e-04,9.99999e-01
7.842929812e-01,1.79740e-04,9.99999e-01,2.71541e-01,6.61924e-04,9.99999e-01
7.882144461e-01,2.00736e-04,9.99999e-01,2.62434e-01,7.64901e-04,9.99999e-01
7.921555184e-01,3.55738e-04,9.99999e-01,4.03616e-01,8.81377e-04,9.99999e-01
7.961162960e-01,5.38612e-04,9.99999e-01,5.31831e-01,1.01275e-03,9.99999e-01
8.000968774e-01,8.22557e-04,9.99999e-01,7.08785e-01,1.16052e-03,9.99999e-01
8.040973618e-01,1.10862e-03,9.99999e-01,8.35892e-01,1.32627e-03,9.99999e-01
8.081178486e-01,1.39146e-03,9.99999e-01,9.20460e-01,1.51170e-03,9.99999e-01
8.121584379e-01,1.67542e-03,9.99999e-01,9.74865e-01,1.71862e-03,9.99999e-01
8.162192301e-01,1.93797e-03,9.99999e-01,9.94386e-01,1.94891e-03,9.99999e-01
8.203003262e-01,2.20440e-03,9.99999e-01,9.99920e-01,2.20457e-03,9.99999e-01
8.244018279e-01,2.48771e-03,9.99999e-01,9.99999e-01,2.48771e-03,9.99999e-01
8.285238370e-01,2.80053e-03,9.99999e-01,9.99999e-01,2.80053e-03,9.99999e-01
8.326664562e-01,3.14531e-03,9.99999e-01,9.99999e-01,3.14531e-03,9.99999e-01
8.368297885e-01,3.52444e-03,9.99999e-01,9.99999e-01,3.52444e-03,9.99999e-01
8.410139374e-01,3.94041e-03,9.99999e-01,9.99999e-01,3.94041e-03,9.99999e-01
8.452190071e-01,4.39578e-03,9.99999e-01,9.99999e-01,4.39578e-03,9.99999e-01
8.494451021e-01,4.89318e-03,9.99999e-01,9.99999e-01,4.89318e-03,9.99999e-01
8.536923276e-01,5.43535e-03,9.99999e-01,9.99999e-01,5.43535e-03,9.99999e-01
8.579607893e-01,6.02508e-03,9.99999e-01,9.99999e-01,6.02508e-03,9.99999e-01
8.622505932e-01,6.66521e-03,9.99999e-01,9.99999e-01,6.66521e-03,9.99999e-01
8.665618462e-01,5.82651e-03,9.99999e-01,7.91789e-01,7.35866e-03,9.99999e-01
8.708946554e-01,4.45102e-04,9.99999e-01,5.48939e-02,8.10840e-03,9.99999e-01
8.752491287e-01,5.67638e-04,9.99999e-01,6.36549e-02,8.91741e-03,9.99999e-01
8.796253743e-01,2.05117e-03,9.99999e-01,2.09544e-01,9.78873e-03,9.99999e-01
8.840235012e-01,4.55453e-03,9.99999e-01,4.24647e-01,1.07254e-02,9.99999e-01
8.884436187e-01,8.29372e-03,9.99999e-01,7.07018e-01,1.17306e-02,9.99999e-01
8.928858368e-01,1.11088e-02,9.99999e-01,8.67388e-01,1.28072e-02,9.99999e-01
8.973502660e-01,1.34848e-02,9.99999e-01,9.66067e-01,1.39584e-02,9.99999e-01
9.018370173e-01,1.51297e-02,9.99999e-01,9.96203e-01,1.51873e-02,9.99999e-01
9.063462024e-01,1.50483e-02,9.99999e-01,9.12189e-01,1.64969e-02,9.99999e-01
9.108779334e-01,1.43115e-02,9.99999e-01,7.99969e-01,1.78901e-02,9.99999e-01
9.154323231e-01,1.83843e-02,9.99999e-01,9.49114e-01,1.93699e-02,9.99999e-01
9.200094847e-01,1.30163e-02,9.99999e-01,6.21620e-01,2.09392e-02,9.99999e-01
9.246095321e-01,7.76136e-03,9.99999e-01,3.43409e-01,2.26009e-02,9.99999e-01
9.292325798e-01,1.09875e-02,9.99999e-01,4.51090e-01,2.43577e-02,9.99999e-01
9.338787427e-01,1.18370e-02,9.99999e-01,4.51582e-01,2.62122e-02,9.99999e-01
9.385481364e-01,1.54751e-02,9.99999e-01,5.49403e-01,2.81671e-02,9.99999e-01
9.432408771e-01,2.07891e-02,9.99999e-01,6.87813e-01,3.02248e-02,9.99999e-01
9.479570815e-01,2.66989e-02,9.99999e-01,8.24353e-01,3.23877e-02,9.99999e-01
9.526968669e-01,3.15901e-02,9.99999e-01,9.11478e-01,3.46580e-02,9.99999e-01
9.574603512e-01,3.55927e-02,9.99999e-01,9.60980e-01,3.70379e-02,9.99999e-01
9.622476530e-01,3.90412e-02,9.99999e-01,9.87652e-01,3.95293e-02,9.99999e-01
9.670588912e-01,4.19777e-02,9.99999e-01,9.96288e-01,4.21341e-02,9.99999e-01
9.718941857e-01,4.48423e-02,9.99999e-01,9.99741e-01,4.48539e-02,9.99999e-01
9.767536566e-01,4.76904e-02,9.99999e-01,9.99999e-01,4.76904e-02,9.99999e-01
9.816374249e-01,5.06448e-02,9.99999e-01,9.99999e-01,5.06448e-02,9.99999e-01
9.865456120e-01,5.37185e-02,9.99999e-01,9.99999e-01,5.37185e-02,9.99999e-01
9.914783401e-01,5.69124e-02,9.99999e-01,9.99999e-01,5.69124e-02,9.99999e-01
9.964357318e-01,6.02275e-02,9.99999e-01,9.99999e-01,6.02275e-02,9.99999e-01
1.001417910e+00,6.36644e-02,9.99999e-01,9.99999e-01,6.36644e-02,9.99999e-01
1.006425000e+00,6.72237e-02,9.99999e-01,9.99999e-01,6.72237e-02,9.99999e-01
1.011457125e+00,7.09058e-02,9.99999e-01,9.99999e-01,7.09058e-02,9.99999e-01
1.016514411e+00,7.47109e-02,9.99999e-01,9.99999e-01,7.47109e-02,9.99999e-01
1.021596983e+00,7.85941e-02,9.99999e-01,9.99430e-01,7.86389e-02,9.99999e-01
1.026704968e+00,7.96028e-02,9.99999e-01,9.62669e-01,8.26897e-02,9.99999e-01
1.031838492e+00,6.98280e-02,9.99999e-01,8.03887e-01,8.68629e-02,9.99999e-01
1.036997685e+00,6.70462e-04,9.99999e-01,7.35493e-03,9.11580e-02,9.99999e-01
1.042182673e+00,2.16688e-07,9.99999e-01,2.26721e-06,9.55744e-02,9.99999e-01
1.047393587e+00,3.99826e-07,9.99999e-01,3.99382e-06,1.00111e-01,9.99999e-01
1.052630555e+00,4.17625e-18,9.99999e-01,3.98622e-17,1.04767e-01,9.99999e-01
1.057893707e+00,2.01104e-17,9.99999e-01,1.83587e-16,1.09541e-01,9.99999e-01
1.063183176e+00,2.02399e-12,9.99999e-01,1.76872e-11,1.14432e-01,9.99999e-01
1.068499092e+00,4.19892e-10,9.99999e-01,3.51554e-09,1.19439e-01,9.99999e-01
1.073841587e+00,1.95649e-07,9.99999e-01,1.57074e-06,1.24559e-01,9.99999e-01
1.079210795e+00,3.34644e-05,9.99999e-01,2.57834e-04,1.29790e-01,9.99999e-01
1.084606849e+00,1.00491e-03,9.99999e-01,7.43653e-03,1.35132e-01,9.99999e-01
1.090029883e+00,1.02667e-02,9.99999e-01,7.30304e-02,1.40581e-01,9.99999e-01
1.095480033e+00,3.94420e-02,9.99999e-01,2.69898e-01,1.46136e-01,9.99999e-01
1.100957433e+00,7.97270e-02,9.99999e-01,5.25229e-01,1.51795e-01,9.99999e-01
1.106462220e+00,1.20508e-01,9.99999e-01,7.64867e-01,1.57554e-01,9.99999e-01
1.111994531e+00,1.47873e-01,9.99999e-01,9.04913e-01,1.63411e-01,9.99999e-01
1.117554504e+00,1.65293e-01,9.99999e-01,9.75964e-01,1.69364e-01,9.99999e-01
1.123142276e+00,1.75131e-01,9.99999e-01,9.98409e-01,1.75410e-01,9.99999e-01
1.128757988e+00,1.81545e-01,9.99999e-01,9.99998e-01,1.81545e-01,9.99999e-01
1.134401778e+00,1.87768e-01,9.99999e-01,9.99999e-01,1.87768e-01,9.99999e-01
1.140073787e+00,1.94075e-01,9.99999e-01,9.99999e-01,1.94075e-01,9.99999e-01
1.145774156e+00,2.00463e-01,9.99999e-01,9.99999e-01,2.00463e-01,9.99999e-01
1.151503026e+00,2.06929e-01,9.99999e-01,9.99999e-01,2.06929e-01,9.99999e-01
1.157260541e+00,2.13469e-01,9.99999e-01,9.99999e-01,2.13469e-01,9.99999e-01
1.163046844e+00,2.20081e-01,9.99999e-01,9.99999e-01,2.20081e-01,9.99999e-01
1.168862078e+00,2.26761e-01,9.99999e-01,9.99999e-01,2.26761e-01,9.99999e-01
1.174706389e+00,2.33505e-01,9.99999e-01,9.99999e-01,2.33505e-01,9.99999e-01
1.180579921e+00,2.40312e-01,9.99999e-01,9.99999e-01,2.40312e-01,9.99999e-01
1.186482820e+00,2.47156e-01,9.99999e-01,9.99917e-01,2.47176e-01,9.99999e-01
1.192415234e+00,2.25582e-01,9.99999e-01,8.87788e-01,2.54095e-01,9.99999e-01
1.198377311e+00,1.05672e-01,9.99999e-01,4.04773e-01,2.61065e-01,9.99999e-01
1.204369197e+00,2.42955e-94,9.99999e-01,9.06266e-94,2.68083e-01,9.99999e-01
1.210391043e+00,0.00000e+00,9.99999e-01,0.00000e+00,2.75145e-01,9.99999e-01
1.216442998e+00,0.00000e+00,9.99999e-01,0.00000e+00,2.82249e-01,9.99999e-01
1.222525213e+00,0.00000e+00,9.99999e-01,0.00000e+00,2.89390e-01,9.99999e-01
1.228637839e+00,5.35243e-260,9.99999e-01,1.80480e-259,2.96565e-01,9.99999e-01
1.234781029e+00,9.95863e-160,9.99999e-01,3.27832e-159,3.03772e-01,9.99999e-01
1.240954934e+00,2.06760e-104,9.99999e-01,6.64810e-104,3.11006e-01,9.99999e-01
1.247159708e+00,1.72660e-47,9.99999e-01,5.42506e-47,3.18264e-01,9.99999e-01
1.253395507e+00,3.78108e-32,9.99999e-01,1.16147e-31,3.25543e-01,9.99999e-01
1.259662485e+00,1.64282e-17,9.99999e-01,4.93576e-17,3.32840e-01,9.99999e-01
1.265960797e+00,1.31755e-09,9.99999e-01,3.87341e-09,3.40152e-01,9.99999e-01
1.272290601e+00,1.40451e-05,9.99999e-01,4.04203e-05,3.47475e-01,9.99999e-01
1.278652054e+00,2.31915e-05,9.99999e-01,6.53638e-05,3.54806e-01,9.99999e-01
1.285045314e+00,1.78940e-12,9.99999e-01,4.94114e-12,3.62143e-01,9.99999e-01
1.291470541e+00,2.68545e-43,9.99999e-01,7.26815e-43,3.69482e-01,9.99999e-01
1.297927893e+00,2.72451e-12,9.99999e-01,7.23026e-12,3.76820e-01,9.99999e-01
1.304417533e+00,2.30001e-09,9.99999e-01,5.98718e-09,3.84155e-01,9.99999e-01
1.310939621e+00,7.00059e-10,9.99999e-01,1.78822e-09,3.91484e-01,9.99999e-01
1.317494319e+00,2.04921e-134,9.99999e-01,5.13838e-134,3.98803e-01,9.99999e-01
1.324081790e+00,8.32285e-85,9.99999e-01,2.04940e-84,4.06111e-01,9.99999e-01
1.330702199e+00,3.50068e-50,9.99999e-01,8.46793e-50,4.13404e-01,9.99999e-01
1.337355710e+00,1.37763e-44,9.99999e-01,3.27476e-44,4.20681e-01,9.99999e-01
1.344042489e+00,9.88742e-45,9.99999e-01,2.31048e-44,4.27938e-01,9.99999e-01
1.350762701e+00,1.02292e-50,9.99999e-01,2.35061e-50,4.35173e-01,9.99999e-01
1.357516515e+00,1.40405e-28,9.99999e-01,3.17382e-28,4.42383e-01,9.99999e-01
1.364304097e+00,2.69141e-21,9.99999e-01,5.98666e-21,4.49568e-01,9.99999e-01
1.371125618e+00,2.35272e-11,9.99999e-01,5.15130e-11,4.56723e-01,9.99999e-01
1.377981246e+00,6.46039e-10,9.99999e-01,1.39278e-09,4.63848e-01,9.99999e-01
1.384871152e+00,2.17020e-06,9.99999e-01,4.60823e-06,4.70940e-01,9.99999e-01
1.391795508e+00,9.76555e-06,9.99999e-01,2.04301e-05,4.77997e-01,9.99999e-01
1.398754485e+00,2.93391e-04,9.99999e-01,6.04906e-04,4.85018e-01,9.99999e-01
1.405748258e+00,2.59815e-03,9.99999e-01,5.28078e-03,4.92000e-01,9.99999e-01
1.412776999e+00,1.69121e-02,9.99998e-01,3.38959e-02,4.98941e-01,9.99999e-01
1.419840884e+00,2.26829e-02,9.99998e-01,4.48420e-02,5.05840e-01,9.99999e-01
1.426940089e+00,3.46387e-04,9.99997e-01,6.75617e-04,5.12696e-01,9.99999e-01
1.434074789e+00,0.00000e+00,9.99998e-01,0.00000e+00,5.19506e-01,9.99999e-01
1.441245163e+00,0.00000e+00,9.99998e-01,0.00000e+00,5.26270e-01,9.99999e-01
1.448451389e+00,0.00000e+00,9.99997e-01,0.00000e+00,5.32986e-01,9.99999e-01
1.455693646e+00,0.00000e+00,9.99998e-01,0.00000e+00,5.39652e-01,9.99999e-01
1.462972114e+00,0.00000e+00,9.99998e-01,0.00000e+00,5.46267e-01,9.99999e-01
1.470286975e+00,0.00000e+00,9.99999e-01,0.00000e+00,5.52830e-01,9.99999e-01
1.477638409e+00,0.00000e+00,9.99999e-01,0.00000e+00,5.59341e-01,9.99999e-01
1.485026601e+00,3.25626e-227,9.99999e-01,5.75518e-227,5.65797e-01,9.99999e-01
1.492451734e+00,8.44668e-193,9.99999e-01,1.47618e-192,5.72197e-01,9.99999e-01
1.499913993e+00,2.20606e-79,9.99999e-01,3.81313e-79,5.78542e-01,9.99999e-01
1.507413563e+00,1.10821e-77,9.99999e-01,1.89492e-77,5.84830e-01,9.99999e-01
1.514950631e+00,1.99993e-80,9.99999e-01,3.38362e-80,5.91059e-01,9.99999e-01
1.522525384e+00,4.14991e-292,9.99999e-01,6.94858e-292,5.97231e-01,9.99999e-01
1.530138011e+00,0.00000e+00,9.99999e-01,0.00000e+00,6.03342e-01,9.99999e-01
1.537788701e+00,0.00000e+00,9.99999e-01,0.00000e+00,6.09394e-01,9.99999e-01
1.545477645e+00,3.32313e-104,9.99999e-01,5.40008e-104,6.15385e-01,9.99999e-01
1.553205033e+00,3.49528e-76,9.99999e-01,5.62561e-76,6.21315e-01,9.99999e-01
1.560971058e+00,1.02751e-75,9.99999e-01,1.63829e-75,6.27183e-01,9.99999e-01
1.568775913e+00,0.00000e+00,9.99999e-01,0.00000e+00,6.32989e-01,9.99999e-01
1.576619793e+00,0.00000e+00,9.99999e-01,0.00000e+00,6.38733e-01,9.99999e-01
1.584502892e+00,0.00000e+00,9.99999e-01,0.00000e+00,6.44414e-01,9.99999e-01
1.592425406e+00,0.00000e+00,9.99999e-01,0.00000e+00,6.50031e-01,9.99999e-01
1.600387533e+00,0.00000e+00,9.99999e-01,0.00000e+00,6.55585e-01,9.99999e-01
1.608389471e+00,0.00000e+00,9.99999e-01,0.00000e+00,6.61076e-01,9.99999e-01
1.616431418e+00,0.00000e+00,9.99999e-01,0.00000e+00,6.66502e-01,9.99999e-01
1.624513575e+00,0.00000e+00,9.99999e-01,0.00000e+00,6.71865e-01,9.99999e-01
1.632636143e+00,0.00000e+00,9.99999e-01,0.00000e+00,6.77164e-01,9.99999e-01
1.640799324e+00,0.00000e+00,9.99999e-01,0.00000e+00,6.82398e-01,9.99999e-01
1.649003321e+00,0.00000e+00,9.99999e-01,0.00000e+00,6.87568e-01,9.99999e-01
1.657248337e+00,0.00000e+00,9.99999e-01,0.00000e+00,6.92675e-01,9.99999e-01
1.665534579e+00,0.00000e+00,9.99999e-01,0.00000e+00,6.97717e-01,9.99999e-01
1.673862252e+00,1.27735e-300,9.99999e-01,1.81779e-300,7.02695e-01,9.99999e-01
1.682231563e+00,9.39939e-206,9.99999e-01,1.32833e-205,7.07610e-01,9.99999e-01
1.690642721e+00,7.09090e-111,9.99999e-01,9.95268e-111,7.12460e-01,9.99999e-01
1.699095934e+00,9.85150e-69,9.99999e-01,1.37351e-68,7.17247e-01,9.99999e-01
1.707591414e+00,4.66872e-32,9.99999e-01,6.46662e-32,7.21971e-01,9.99999e-01
1.716129371e+00,3.55936e-19,9.99999e-01,4.89843e-19,7.26632e-01,9.99999e-01
1.724710018e+00,4.26897e-11,9.99999e-01,5.83806e-11,7.31230e-01,9.99999e-01
1.733333568e+00,5.07043e-08,9.99999e-01,6.89136e-08,7.35765e-01,9.99999e-01
1.742000236e+00,3.37735e-05,9.99999e-01,4.56251e-05,7.40238e-01,9.99999e-01
1.750710237e+00,6.95824e-11,9.99999e-01,9.34431e-11,7.44649e-01,9.99999e-01
1.759463788e+00,1.20690e-286,9.99999e-01,1.61134e-286,7.48998e-01,9.99999e-01
1.768261107e+00,2.48461e-300,9.99999e-01,3.29835e-300,7.53286e-01,9.99999e-01
1.777102413e+00,7.38291e-293,9.99999e-01,9.74623e-293,7.57514e-01,9.99999e-01
1.785987925e+00,2.69387e-273,9.99999e-01,3.53674e-273,7.61680e-01,9.99999e-01
1.794917864e+00,1.10550e-260,9.99999e-01,1.44361e-260,7.65787e-01,9.99999e-01
1.803892454e+00,3.62390e-250,9.99999e-01,4.70737e-250,7.69834e-01,9.99999e-01
1.812911916e+00,3.73193e-240,9.99999e-01,4.82272e-240,7.73822e-01,9.99999e-01
1.821976476e+00,2.39287e-240,9.99999e-01,3.07665e-240,7.77751e-01,9.99999e-01
1.831086358e+00,1.93463e-191,9.99999e-01,2.47514e-191,7.81622e-01,9.99999e-01
1.840241790e+00,3.43436e-162,9.99999e-01,4.37256e-162,7.85435e-01,9.99999e-01
1.849442999e+00,1.42970e-111,9.99999e-01,1.81160e-111,7.89191e-01,9.99999e-01
1.858690214e+00,2.37414e-105,9.99999e-01,2.99428e-105,7.92890e-01,9.99999e-01
1.867983665e+00,5.91201e-106,9.99999e-01,7.42217e-106,7.96533e-01,9.99999e-01
1.877323583e+00,0.00000e+00,9.99999e-01,0.00000e+00,8.00121e-01,9.99999e-01
1.886710201e+00,0.00000e+00,9.99999e-01,0.00000e+00,8.03653e-01,9.99999e-01
1.896143752e+00,0.00000e+00,9.99999e-01,0.00000e+00,8.07130e-01,9.99999e-01
1.905624471e+00,0.00000e+00,9.99999e-01,0.00000e+00,8.10553e-01,9.99999e-01
1.915152593e+00,0.00000e+00,9.99999e-01,0.00000e+00,8.13923e-01,9.99999e-01
1.924728356e+00,0.00000e+00,9.99999e-01,0.00000e+00,8.17240e-01,9.99999e-01
1.934351998e+00,0.00000e+00,9.99999e-01,0.00000e+00,8.20504e-01,9.99999e-01
1.944023758e+00,0.00000e+00,9.99999e-01,0.00000e+00,8.23717e-01,9.99999e-01
1.953743877e+00,0.00000e+00,9.99999e-01,0.00000e+00,8.26878e-01,9.99999e-01
1.963512596e+00,0.00000e+00,9.99999e-01,0.00000e+00,8.29989e-01,9.99999e-01
1.973330159e+00,0.00000e+00,9.99999e-01,0.00000e+00,8.33049e-01,9.99999e-01
1.983196810e+00,0.00000e+00,9.99999e-01,0.00000e+00,8.36060e-01,9.99999e-01
1.993112794e+00,0.00000e+00,9.99999e-01,0.00000e+00,8.39023e-01,9.99999e-01
2.003078358e+00,0.00000e+00,9.99999e-01,0.00000e+00,8.41936e-01,9.99916e-01
2.013093750e+00,0.00000e+00,9.99999e-01,0.00000e+00,8.44803e-01,9.99838e-01
2.023159218e+00,0.00000e+00,9.99999e-01,0.00000e+00,8.47622e-01,9.99746e-01
2.033275015e+00,0.00000e+00,9.99999e-01,0.00000e+00,8.50394e-01,9.99615e-01
2.043441390e+00,0.00000e+00,9.99998e-01,0.00000e+00,8.53120e-01,9.99362e-01
2.053658597e+00,0.00000e+00,9.99995e-01,0.00000e+00,8.55802e-01,9.98910e-01
2.063926890e+00,0.00000e+00,9.99989e-01,0.00000e+00,8.58438e-01,9.98104e-01
2.074246524e+00,0.00000e+00,9.99978e-01,0.00000e+00,8.61030e-01,9.96693e-01
2.084617757e+00,0.00000e+00,9.99966e-01,0.00000e+00,8.63578e-01,9.94506e-01
2.095040845e+00,0.00000e+00,9.99949e-01,0.00000e+00,8.66084e-01,9.91578e-01
2.105516050e+00,0.00000e+00,9.99939e-01,0.00000e+00,8.68547e-01,9.88042e-01
2.116043630e+00,0.00000e+00,9.99943e-01,0.00000e+00,8.70968e-01,9.85124e-01
2.126623848e+00,0.00000e+00,9.99952e-01,0.00000e+00,8.73348e-01,9.83193e-01
2.137256967e+00,0.00000e+00,9.99958e-01,0.00000e+00,8.75687e-01,9.81227e-01
2.147943252e+00,0.00000e+00,9.99980e-01,0.00000e+00,8.77986e-01,9.77372e-01
2.158682968e+00,0.00000e+00,9.99864e-01,0.00000e+00,8.80246e-01,9.73942e-01
2.169476383e+00,0.00000e+00,9.99953e-01,0.00000e+00,8.82467e-01,9.80524e-01
2.180323765e+00,0.00000e+00,9.99972e-01,0.00000e+00,8.84649e-01,9.85756e-01
2.191225384e+00,1.47806e-182,9.99971e-01,1.68677e-182,8.86793e-01,9.88138e-01
2.202181511e+00,3.06780e-115,9.99977e-01,3.48333e-115,8.88900e-01,9.90792e-01
2.213192418e+00,2.22953e-56,9.99982e-01,2.51864e-56,8.90970e-01,9.93541e-01
2.224258381e+00,5.60267e-36,9.99985e-01,6.29976e-36,8.93004e-01,9.95908e-01
2.235379672e+00,7.54891e-24,9.99988e-01,8.45433e-24,8.95002e-01,9.97657e-01
2.246556571e+00,3.68608e-16,9.99992e-01,4.11492e-16,8.96966e-01,9.98682e-01
2.257789354e+00,9.09811e-12,9.99995e-01,1.01288e-11,8.98894e-01,9.99270e-01
2.269078300e+00,4.42594e-11,9.99996e-01,4.91530e-11,9.00789e-01,9.99615e-01
2.280423692e+00,7.22388e-09,9.99997e-01,8.00475e-09,9.02650e-01,9.99777e-01
2.291825810e+00,3.53497e-07,9.99998e-01,3.90880e-07,9.04478e-01,9.99870e-01
2.303284939e+00,6.32010e-06,9.99999e-01,6.97423e-06,9.06273e-01,9.99926e-01
2.314801364e+00,3.01922e-05,9.99999e-01,3.32516e-05,9.08037e-01,9.99951e-01
2.326375371e+00,8.58136e-04,9.99999e-01,9.43245e-04,9.09768e-01,9.99999e-01
2.338007248e+00,4.15384e-04,9.99999e-01,4.55730e-04,9.11469e-01,9.99999e-01
2.349697284e+00,1.42292e-03,9.99999e-01,1.55827e-03,9.13140e-01,9.99999e-01
2.361445770e+00,4.27542e-03,9.99999e-01,4.67371e-03,9.14780e-01,9.99999e-01
2.373252999e+00,9.52237e-03,9.99999e-01,1.03912e-02,9.16391e-01,9.99999e-01
2.385119264e+00,1.28994e-01,9.99999e-01,1.40521e-01,9.17973e-01,9.99999e-01
2.397044861e+00,3.83469e-01,9.99999e-01,4.17028e-01,9.19526e-01,9.99999e-01
2.409030085e+00,2.05664e-01,9.99999e-01,2.23292e-01,9.21051e-01,9.99999e-01
2.421075235e+00,1.02776e-01,9.99999e-01,1.11404e-01,9.22548e-01,9.99999e-01
2.433180612e+00,4.07278e-05,9.99999e-01,4.40768e-05,9.24019e-01,9.99999e-01
2.445346515e+00,4.58686e-03,9.99999e-01,4.95629e-03,9.25462e-01,9.99999e-01
2.457573247e+00,6.24780e-09,9.99999e-01,6.74068e-09,9.26879e-01,9.99999e-01
2.469861113e+00,1.00112e-69,9.99999e-01,1.07847e-69,9.28270e-01,9.99999e-01
2.482210419e+00,0.00000e+00,9.99999e-01,0.00000e+00,9.29636e-01,9.99999e-01
2.494621471e+00,0.00000e+00,9.99999e-01,0.00000e+00,9.30977e-01,9.99999e-01
2.507094578e+00,0.00000e+00,9.99999e-01,0.00000e+00,9.32293e-01,9.99999e-01
2.519630051e+00,0.00000e+00,9.99999e-01,0.00000e+00,9.33585e-01,9.99999e-01
2.532228202e+00,0.00000e+00,9.99999e-01,0.00000e+00,9.34853e-01,9.99999e-01
2.544889343e+00,0.00000e+00,9.99999e-01,0.00000e+00,9.36098e-01,9.99999e-01
2.557613789e+00,0.00000e+00,9.99999e-01,0.00000e+00,9.37320e-01,9.99999e-01
2.570401858e+00,0.00000e+00,9.99999e-01,0.00000e+00,9.38519e-01,9.99999e-01
2.583253867e+00,0.00000e+00,9.99999e-01,0.00000e+00,9.39696e-01,9.99999e-01
2.596170137e+00,0.00000e+00,9.99999e-01,0.00000e+00,9.40851e-01,9.99999e-01
2.609150988e+00,0.00000e+00,9.99999e-01,0.00000e+00,9.41985e-01,9.99999e-01
2.622196742e+00,0.00000e+00,9.99999e-01,0.00000e+00,9.43097e-01,9.99999e-01
2.635307726e+00,0.00000e+00,9.99999e-01,0.00000e+00,9.44189e-01,9.99999e-01
2.648484265e+00,0.00000e+00,9.99999e-01,0.00000e+00,9.45261e-01,9.99999e-01
2.661726686e+00,0.00000e+00,9.99999e-01,0.00000e+00,9.46313e-01,9.99999e-01
2.675035320e+00,0.00000e+00,9.99999e-01,0.00000e+00,9.47345e-01,9.99999e-01
2.688410496e+00,0.00000e+00,9.99999e-01,0.00000e+00,9.48357e-01,9.99999e-01
2.701852549e+00,0.00000e+00,9.99999e-01,0.00000e+00,9.49351e-01,9.99999e-01
2.715361811e+00,0.00000e+00,9.99999e-01,0.00000e+00,9.50326e-01,9.99999e-01
2.728938620e+00,0.00000e+00,9.99999e-01,0.00000e+00,9.51283e-01,9.99999e-01
2.742583314e+00,0.00000e+00,9.99999e-01,0.00000e+00,9.52222e-01,9.99999e-01
2.756296230e+00,0.00000e+00,9.99999e-01,0.00000e+00,9.53143e-01,9.99999e-01
2.770077711e+00,0.00000e+00,9.99999e-01,0.00000e+00,9.54047e-01,9.99999e-01
2.783928100e+00,0.00000e+00,9.99999e-01,0.00000e+00,9.54934e-01,9.99999e-01
2.797847740e+00,0.00000e+00,9.99999e-01,0.00000e+00,9.55804e-01,9.99999e-01
2.811836979e+00,0.00000e+00,9.99999e-01,0.00000e+00,9.56658e-01,9.99999e-01
2.825896164e+00,0.00000e+00,9.99999e-01,0.00000e+00,9.57496e-01,9.99999e-01
2.840025645e+00,0.00000e+00,9.99999e-01,0.00000e+00,9.58317e-01,9.99999e-01
2.854225773e+00,0.00000e+00,9.99999e-01,0.00000e+00,9.59124e-01,9.99999e-01
2.868496902e+00,0.00000e+00,9.99999e-01,0.00000e+00,9.59915e-01,9.99999e-01
2.882839386e+00,0.00000e+00,9.99999e-01,0.00000e+00,9.60691e-01,9.99999e-01
2.897253583e+00,0.00000e+00,9.99999e-01,0.00000e+00,9.61452e-01,9.99999e-01
2.911739851e+00,0.00000e+00,9.99999e-01,0.00000e+00,9.62199e-01,9.99999e-01
2.926298550e+00,0.00000e+00,9.99999e-01,0.00000e+00,9.62931e-01,9.99999e-01
2.940930043e+00,0.00000e+00,9.99999e-01,0.00000e+00,9.63650e-01,9.99999e-01
2.955634693e+00,0.00000e+00,9.99999e-01,0.00000e+00,9.64355e-01,9.99999e-01
2.970412867e+00,0.00000e+00,9.99999e-01,0.00000e+00,9.65047e-01,9.99999e-01
2.985264931e+00,0.00000e+00,9.99999e-01,0.00000e+00,9.65725e-01,9.99999e-01
3.000191256e+00,0.00000e+00,9.99999e-01,0.00000e+00,9.66391e-01,9.99999e-01
3.015192212e+00,0.00000e+00,9.99999e-01,0.00000e+00,9.67043e-01,9.99999e-01
3.030268173e+00,0.00000e+00,9.99999e-01,0.00000e+00,9.67684e-01,9.99999e-01
3.045419514e+00,0.00000e+00,9.99999e-01,0.00000e+00,9.68312e-01,9.99999e-01
3.060646612e+00,0.00000e+00,9.99999e-01,0.00000e+00,9.68928e-01,9.99999e-01
3.075949845e+00,0.00000e+00,9.99999e-01,0.00000e+00,9.69532e-01,2.62499e-06
3.091329594e+00,0.00000e+00,9.99999e-01,0.00000e+00,9.70125e-01,3.47392e-14
3.106786242e+00,0.00000e+00,9.99999e-01,0.00000e+00,9.70706e-01,3.41219e-37
3.122320173e+00,0.00000e+00,9.99999e-01,0.00000e+00,9.71276e-01,2.03938e-101
3.137931774e+00,0.00000e+00,9.99999e-01,0.00000e+00,9.71836e-01,4.75519e-48
3.153621433e+00,0.00000e+00,9.99999e-01,0.00000e+00,9.72384e-01,4.47609e-13
3.169389540e+00,0.00000e+00,9.99999e-01,0.00000e+00,9.72922e-01,7.46425e-51
3.185236488e+00,0.00000e+00,9.99999e-01,0.00000e+00,9.73450e-01,1.04254e-82
3.201162670e+00,0.00000e+00,9.99999e-01,4.18174e-286,9.73967e-01,3.21743e-144
3.217168483e+00,0.00000e+00,9.99999e-01,2.23406e-277,9.74475e-01,1.06162e-207
3.233254326e+00,0.00000e+00,9.99999e-01,2.59148e-230,9.74973e-01,8.20043e-315
3.249420598e+00,0.00000e+00,9.99999e-01,1.10778e-127,9.75461e-01,0.00000e+00
3.265667701e+00,0.00000e+00,9.99999e-01,4.28720e-111,9.75940e-01,0.00000e+00
3.281996039e+00,0.00000e+00,9.99999e-01,6.98301e-80,9.76409e-01,0.00000e+00
3.298406019e+00,0.00000e+00,9.99999e-01,4.74624e-71,9.76870e-01,0.00000e+00
3.314898049e+00,0.00000e+00,9.99999e-01,1.10843e-69,9.77322e-01,0.00000e+00
3.331472540e+00,0.00000e+00,9.99999e-01,6.40955e-65,9.77765e-01,0.00000e+00
3.348129902e+00,0.00000e+00,9.99999e-01,2.60150e-50,9.78199e-01,0.00000e+00
3.364870552e+00,0.00000e+00,9.99999e-01,7.10804e-50,9.78625e-01,0.00000e+00
3.381694905e+00,0.00000e+00,9.99999e-01,2.11016e-38,9.79043e-01,0.00000e+00
3.398603379e+00,0.00000e+00,9.99999e-01,3.00336e-31,9.79452e-01,0.00000e+00
3.415596396e+00,4.17449e-256,9.99999e-01,1.43059e-30,9.79854e-01,2.97801e-226
3.432674378e+00,6.81206e-170,9.99999e-01,4.23514e-34,9.80248e-01,1.64087e-136
3.449837750e+00,1.79781e-104,9.99999e-01,1.62618e-43,9.80634e-01,1.12737e-61
3.467086939e+00,5.40261e-96,9.99999e-01,3.06215e-85,9.81013e-01,1.79846e-11
3.484422373e+00,5.81630e-118,9.99999e-01,3.23514e-116,9.81385e-01,1.83195e-02
3.501844485e+00,7.30877e-177,9.99999e-01,2.85616e-172,9.81749e-01,2.60652e-05
3.519353708e+00,1.39144e-208,9.99999e-01,1.43080e-208,9.82106e-01,9.90207e-01
3.536950476e+00,8.85604e-266,9.99999e-01,9.18670e-266,9.82456e-01,9.81219e-01
3.554635228e+00,5.63999e-256,9.99999e-01,5.99231e-256,9.82800e-01,9.57674e-01
3.572408405e+00,4.19566e-210,9.99999e-01,4.58821e-210,9.83137e-01,9.30127e-01
3.590270447e+00,1.21973e-195,9.99999e-01,1.29428e-195,9.83467e-01,9.58242e-01
3.608221799e+00,3.76397e-136,9.99999e-01,3.92244e-136,9.83791e-01,9.75410e-01
3.626262908e+00,6.63386e-74,9.99999e-01,6.81590e-74,9.84109e-01,9.89007e-01
3.644394222e+00,7.98358e-58,9.99999e-01,8.20871e-58,9.84420e-01,9.87966e-01
3.662616193e+00,3.17482e-24,9.99999e-01,3.30115e-24,9.84725e-01,9.76648e-01
3.680929274e+00,8.22059e-12,9.99999e-01,8.90991e-12,9.85025e-01,9.36659e-01
3.699333921e+00,2.09104e-07,9.99998e-01,2.41268e-07,9.85318e-01,8.79601e-01
3.717830590e+00,4.61381e-08,9.99998e-01,5.94385e-08,9.85606e-01,7.87567e-01
3.736419743e+00,3.72036e-14,9.99996e-01,5.41852e-14,9.85889e-01,6.96428e-01
3.755101842e+00,1.03429e-62,9.99993e-01,1.46786e-62,9.86165e-01,7.14515e-01
3.773877351e+00,4.15114e-155,9.99988e-01,5.31362e-155,9.86437e-01,7.91969e-01
3.792746738e+00,0.00000e+00,9.99980e-01,0.00000e+00,9.86703e-01,8.53270e-01
3.811710472e+00,4.32991e-262,9.99961e-01,5.09913e-262,9.86964e-01,8.60373e-01
3.830769024e+00,4.27056e-262,9.99941e-01,5.10398e-262,9.87220e-01,8.47562e-01
3.849922869e+00,0.00000e+00,9.99892e-01,0.00000e+00,9.87470e-01,8.19650e-01
3.869172484e+00,3.77458e-222,9.99847e-01,5.01917e-222,9.87716e-01,7.61433e-01
3.888518346e+00,1.24559e-89,9.99730e-01,1.83869e-89,9.87957e-01,6.85755e-01
3.907960938e+00,7.79379e-72,9.99671e-01,1.31658e-71,9.88194e-01,5.99138e-01
3.927500742e+00,2.59759e-72,9.99432e-01,5.05002e-72,9.88426e-01,5.20509e-01
3.947138246e+00,9.96418e-107,9.99204e-01,2.14593e-106,9.88653e-01,4.69798e-01
3.966873937e+00,2.38630e-166,9.99091e-01,5.97863e-166,9.88876e-01,4.03777e-01
3.986708307e+00,4.30011e-264,9.98528e-01,1.37404e-263,9.89094e-01,3.16570e-01
4.006641849e+00,0.00000e+00,9.98061e-01,0.00000e+00,9.89309e-01,2.31859e-01
4.026675058e+00,0.00000e+00,9.98399e-01,0.00000e+00,9.89519e-01,1.61612e-01
4.046808433e+00,0.00000e+00,9.98323e-01,0.00000e+00,9.89725e-01,1.09215e-01
4.067042475e+00,0.00000e+00,9.97623e-01,0.00000e+00,9.89927e-01,7.37785e-02
4.087377688e+00,0.00000e+00,9.97208e-01,0.00000e+00,9.90125e-01,5.10948e-02
4.107814576e+00,0.00000e+00,9.96737e-01,0.00000e+00,9.90319e-01,3.78421e-02
4.128353649e+00,0.00000e+00,9.96709e-01,0.00000e+00,9.90509e-01,3.10323e-02
4.148995417e+00,0.00000e+00,9.97713e-01,0.00000e+00,9.90696e-01,2.82913e-02
4.169740394e+00,0.00000e+00,9.97892e-01,0.00000e+00,9.90878e-01,2.87922e-02
4.190589096e+00,0.00000e+00,9.98047e-01,0.00000e+00,9.91058e-01,3.13690e-02
4.211542042e+00,0.00000e+00,9.98190e-01,0.00000e+00,9.91234e-01,3.20954e-02
4.232599752e+00,0.00000e+00,9.98893e-01,0.00000e+00,9.91406e-01,2.79191e-02
4.253762751e+00,0.00000e+00,9.99228e-01,0.00000e+00,9.91575e-01,1.80477e-02
4.275031564e+00,0.00000e+00,9.98720e-01,0.00000e+00,9.91741e-01,7.93393e-03
4.296406722e+00,0.00000e+00,9.87702e-01,0.00000e+00,9.91903e-01,6.10125e-03
4.317888756e+00,0.00000e+00,9.97590e-01,0.00000e+00,9.92062e-01,1.24077e-02
4.339478200e+00,0.00000e+00,9.98567e-01,0.00000e+00,9.92219e-01,3.22938e-02
4.361175591e+00,0.00000e+00,9.98835e-01,0.00000e+00,9.92372e-01,5.65683e-02
4.382981469e+00,0.00000e+00,9.98772e-01,0.00000e+00,9.92522e-01,7.49163e-02
4.404896376e+00,0.00000e+00,9.98280e-01,0.00000e+00,9.92669e-01,8.79374e-02
4.426920858e+00,0.00000e+00,9.98259e-01,0.00000e+00,9.92813e-01,1.00785e-01
4.449055462e+00,0.00000e+00,9.98796e-01,0.00000e+00,9.92955e-01,1.17473e-01
4.471300739e+00,0.00000e+00,9.98737e-01,0.00000e+00,9.93093e-01,1.41283e-01
4.493657243e+00,0.00000e+00,9.98903e-01,0.00000e+00,9.93229e-01,1.74313e-01
4.516125529e+00,0.00000e+00,9.98965e-01,0.00000e+00,9.93363e-01,2.17639e-01
4.538706157e+00,0.00000e+00,9.98771e-01,0.00000e+00,9.93493e-01,2.72982e-01
4.561399688e+00,0.00000e+00,9.99135e-01,0.00000e+00,9.93621e-01,3.38859e-01
4.584206686e+00,0.00000e+00,9.99320e-01,0.00000e+00,9.93747e-01,4.12760e-01
4.607127720e+00,0.00000e+00,9.99330e-01,0.00000e+00,9.93870e-01,4.90512e-01
4.630163358e+00,0.00000e+00,9.99578e-01,0.00000e+00,9.93991e-01,5.68934e-01
4.653314175e+00,0.00000e+00,9.99603e-01,0.00000e+00,9.94109e-01,6.42417e-01
4.676580746e+00,0.00000e+00,9.99618e-01,0.00000e+00,9.94225e-01,7.08252e-01
4.699963650e+00,0.00000e+00,9.99793e-01,0.00000e+00,9.94339e-01,7.65165e-01
4.723463468e+00,0.00000e+00,9.99752e-01,0.00000e+00,9.94450e-01,8.13212e-01
4.747080785e+00,0.00000e+00,9.99871e-01,0.00000e+00,9.94560e-01,8.51777e-01
4.770816189e+00,0.00000e+00,9.99881e-01,0.00000e+00,9.94667e-01,8.83395e-01
4.794670270e+00,0.00000e+00,9.99875e-01,0.00000e+00,9.94772e-01,9.08983e-01
4.818643622e+00,0.00000e+00,9.99940e-01,0.00000e+00,9.94875e-01,9.29578e-01
4.842736840e+00,0.00000e+00,9.99945e-01,0.00000e+00,9.94976e-01,9.45330e-01
4.866950524e+00,0.00000e+00,9.99968e-01,0.00000e+00,9.95075e-01,9.57262e-01
4.891285276e+00,0.00000e+00,9.99973e-01,0.00000e+00,9.95172e-01,9.67130e-01
4.915741703e+00,0.00000e+00,9.99981e-01,0.00000e+00,9.95267e-01,9.74728e-01
4.940320411e+00,0.00000e+00,9.99984e-01,0.00000e+00,9.95360e-01,9.80439e-01
4.965022013e+00,0.00000e+00,9.99987e-01,0.00000e+00,9.95452e-01,9.84930e-01
4.989847123e+00,0.00000e+00,9.99992e-01,0.00000e+00,9.95541e-01,9.88785e-01
5.014796359e+00,0.00000e+00,9.99992e-01,0.00000e+00,9.95629e-01,9.91985e-01
5.039870341e+00,0.00000e+00,9.99996e-01,0.00000e+00,9.95715e-01,9.94424e-01
5.065069693e+00,0.00000e+00,9.99996e-01,0.00000e+00,9.95800e-01,9.96300e-01
5.090395041e+00,0.00000e+00,9.99999e-01,0.00000e+00,9.95882e-01,9.97921e-01
5.115847016e+00,0.00000e+00,9.99999e-01,0.00000e+00,9.95964e-01,9.98784e-01
5.141426251e+00,0.00000e+00,9.99997e-01,0.00000e+00,9.96043e-01,9.98741e-01
5.167133383e+00,0.00000e+00,9.99999e-01,0.00000e+00,9.96121e-01,9.99537e-01
5.192969049e+00,0.00000e+00,9.99999e-01,0.00000e+00,9.96197e-01,9.99605e-01
5.218933895e+00,0.00000e+00,9.99999e-01,0.00000e+00,9.96272e-01,9.99072e-01
5.245028564e+00,0.00000e+00,9.99999e-01,0.00000e+00,9.96346e-01,9.99170e-01
5.271253707e+00,0.00000e+00,9.99999e-01,0.00000e+00,9.96418e-01,9.99391e-01
5.297609976e+00,0.00000e+00,9.99999e-01,0.00000e+00,9.96489e-01,9.99338e-01
5.324098025e+00,0.00000e+00,9.99999e-01,0.00000e+00,9.96558e-01,9.99658e-01
5.350718516e+00,0.00000e+00,9.99999e-01,0.00000e+00,9.96626e-01,9.95836e-01
5.377472108e+00,0.00000e+00,9.99999e-01,0.00000e+00,9.96692e-01,9.96419e-01
5.404359469e+00,0.00000e+00,9.99999e-01,0.00000e+00,9.96757e-01,9.99999e-01
5.431381266e+00,0.00000e+00,9.99999e-01,0.00000e+00,9.96821e-01,9.99999e-01
5.458538172e+00,0.00000e+00,9.99999e-01,0.00000e+00,9.96884e-01,9.99999e-01
5.485830863e+00,0.00000e+00,9.99999e-01,0.00000e+00,9.96945e-01,9.99999e-01
5.513260018e+00,0.00000e+00,9.99999e-01,0.00000e+00,9.97006e-01,9.99999e-01
5.540826318e+00,0.00000e+00,9.99999e-01,0.00000e+00,9.97065e-01,9.99999e-01
5.568530449e+00,0.00000e+00,9.99999e-01,0.00000e+00,9.97123e-01,8.23750e-01
5.596373101e+00,0.00000e+00,9.99999e-01,0.00000e+00,9.97179e-01,7.49395e-01
5.624354967e+00,0.00000e+00,9.99999e-01,0.00000e+00,9.97235e-01,6.78700e-01
5.652476742e+00,0.00000e+00,9.99999e-01,0.00000e+00,9.97289e-01,5.94130e-01
5.680739126e+00,0.00000e+00,9.99999e-01,0.00000e+00,9.97343e-01,5.02807e-01
5.709142821e+00,1.81238e-313,9.99999e-01,4.51132e-313,9.97395e-01,4.02790e-01
5.737688535e+00,2.56914e-322,9.99999e-01,8.64615e-322,9.97447e-01,2.94765e-01
5.766376978e+00,1.62066e-279,9.99999e-01,8.15191e-279,9.97497e-01,1.99305e-01
5.795208863e+00,7.14799e-202,9.99999e-01,6.05086e-201,9.97546e-01,1.18422e-01
5.824184907e+00,2.81970e-147,9.99999e-01,4.96446e-146,9.97595e-01,5.69347e-02
5.853305832e+00,9.11237e-149,9.99999e-01,4.02097e-147,9.97642e-01,2.27156e-02
5.882572361e+00,4.72211e-173,9.99999e-01,7.06300e-171,9.97689e-01,6.70117e-03
5.911985223e+00,1.25503e-150,9.99999e-01,9.33744e-148,9.97734e-01,1.34713e-03
5.941545149e+00,3.44432e-77,9.99999e-01,1.86242e-73,9.97779e-01,1.85349e-04
5.971252874e+00,1.20951e-49,9.99999e-01,1.04522e-44,9.97823e-01,1.15970e-05
6.001109139e+00,7.32071e-45,9.99999e-01,2.41597e-38,9.97866e-01,3.03660e-07
6.031114685e+00,1.31513e-48,9.99999e-01,3.91347e-40,9.97908e-01,3.36755e-09
6.061270258e+00,2.72621e-63,9.99999e-01,4.39338e-52,9.97949e-01,6.21801e-12
6.091576609e+00,2.64666e-92,9.99999e-01,1.67060e-77,9.97989e-01,1.58744e-15
6.122034492e+00,2.89867e-120,9.99999e-01,5.01239e-101,9.98029e-01,5.79442e-20
6.152644665e+00,5.36107e-167,9.99999e-01,5.44191e-142,9.98068e-01,9.87050e-26
6.183407888e+00,4.56712e-197,9.99999e-01,1.44672e-164,9.98106e-01,3.16286e-33
6.214324928e+00,3.88656e-220,9.99999e-01,6.53917e-178,9.98143e-01,5.95454e-43
6.245396552e+00,1.27553e-186,9.99999e-01,8.60457e-132,9.98180e-01,1.48508e-55
6.276623535e+00,3.58784e-195,9.99999e-01,4.67956e-124,9.98216e-01,7.68073e-72
6.308006653e+00,1.71340e-217,9.99999e-01,2.05018e-125,9.98251e-01,8.37193e-93
6.339546686e+00,5.72627e-290,9.99999e-01,4.21948e-171,9.98286e-01,1.35943e-119
6.371244419e+00,0.00000e+00,9.99999e-01,3.50007e-195,9.98319e-01,1.72246e-153
6.403100641e+00,0.00000e+00,9.99999e-01,2.43612e-140,9.98353e-01,9.22794e-193
6.435116145e+00,2.02289e-300,9.99999e-01,2.42640e-60,9.98385e-01,8.35045e-241
6.467291725e+00,0.00000e+00,9.99999e-01,9.51546e-30,9.98417e-01,0.00000e+00
6.499628184e+00,0.00000e+00,9.99999e-01,7.60395e-13,9.98448e-01,0.00000e+00
6.532126325e+00,0.00000e+00,9.99999e-01,4.08405e-09,9.98479e-01,0.00000e+00
6.564786956e+00,0.00000e+00,9.99999e-01,4.60037e-07,9.98509e-01,0.00000e+00
6.597610891e+00,0.00000e+00,9.99999e-01,4.79486e-06,9.98538e-01,0.00000e+00
6.630598946e+00,0.00000e+00,9.99999e-01,2.07125e-05,9.98567e-01,0.00000e+00
6.663751940e+00,0.00000e+00,9.99999e-01,2.12665e-05,9.98595e-01,0.00000e+00
6.697070700e+00,0.00000e+00,9.99999e-01,2.19987e-06,9.98623e-01,0.00000e+00
6.730556054e+00,0.00000e+00,9.99999e-01,1.97348e-08,9.98650e-01,0.00000e+00
6.764208834e+00,0.00000e+00,9.99999e-01,2.73871e-11,9.98677e-01,0.00000e+00
6.798029878e+00,0.00000e+00,9.99999e-01,1.77959e-17,9.98703e-01,0.00000e+00
6.832020027e+00,0.00000e+00,9.99999e-01,1.48837e-24,9.98729e-01,0.00000e+00
6.866180128e+00,0.00000e+00,9.99999e-01,8.77736e-41,9.98754e-01,0.00000e+00
6.900511028e+00,0.00000e+00,9.99999e-01,1.88364e-58,9.98778e-01,0.00000e+00
6.935013583e+00,0.00000e+00,9.99999e-01,1.09279e-102,9.98802e-01,0.00000e+00
6.969688651e+00,0.00000e+00,9.99999e-01,7.41258e-148,9.98826e-01,0.00000e+00
7.004537095e+00,0.00000e+00,9.99999e-01,8.16194e-239,9.98849e-01,0.00000e+00
7.039559780e+00,0.00000e+00,9.99999e-01,2.45942e-310,9.98872e-01,0.00000e+00
7.074757579e+00,0.00000e+00,9.99999e-01,0.00000e+00,9.98894e-01,0.00000e+00
7.110131367e+00,0.00000e+00,9.99999e-01,0.00000e+00,9.98916e-01,0.00000e+00
7.145682024e+00,0.00000e+00,9.99999e-01,0.00000e+00,9.98937e-01,0.00000e+00
7.181410434e+00,0.00000e+00,9.99999e-01,0.00000e+00,9.98958e-01,0.00000e+00
7.217317486e+00,0.00000e+00,9.99999e-01,0.00000e+00,9.98979e-01,0.00000e+00
7.253404073e+00,0.00000e+00,9.99999e-01,0.00000e+00,9.98999e-01,0.00000e+00
7.289671094e+00,0.00000e+00,9.99999e-01,0.00000e+00,9.99019e-01,0.00000e+00
7.326119449e+00,0.00000e+00,9.99999e-01,0.00000e+00,9.99038e-01,0.00000e+00
7.362750046e+00,0.00000e+00,9.99999e-01,0.00000e+00,9.99057e-01,0.00000e+00
7.399563797e+00,0.00000e+00,9.99999e-01,0.00000e+00,9.99076e-01,0.00000e+00
7.436561616e+00,0.00000e+00,9.99999e-01,0.00000e+00,9.99094e-01,0.00000e+00
7.473744424e+00,0.00000e+00,9.99999e-01,1.71211e-297,9.99112e-01,0.00000e+00
7.511113146e+00,0.00000e+00,9.99999e-01,1.58005e-206,9.99129e-01,0.00000e+00
7.548668712e+00,0.00000e+00,9.99999e-01,9.51623e-123,9.99146e-01,0.00000e+00
7.586412055e+00,0.00000e+00,9.99999e-01,3.35763e-104,9.99163e-01,0.00000e+00
7.624344115e+00,0.00000e+00,9.99999e-01,2.27982e-103,9.99180e-01,0.00000e+00
7.662465836e+00,0.00000e+00,9.99999e-01,7.56185e-116,9.99196e-01,0.00000e+00
7.700778165e+00,0.00000e+00,9.99999e-01,1.62945e-156,9.99212e-01,0.00000e+00
7.739282056e+00,0.00000e+00,9.99999e-01,3.53239e-264,9.99227e-01,0.00000e+00
7.777978466e+00,0.00000e+00,9.99999e-01,0.00000e+00,9.99242e-01,0.00000e+00
7.816868359e+00,0.00000e+00,9.99999e-01,0.00000e+00,9.99257e-01,0.00000e+00
7.855952700e+00,0.00000e+00,9.99999e-01,0.00000e+00,9.99272e-01,0.00000e+00
7.895232464e+00,0.00000e+00,9.99999e-01,0.00000e+00,9.99286e-01,0.00000e+00
7.934708626e+00,0.00000e+00,9.99999e-01,0.00000e+00,9.99300e-01,0.00000e+00
7.974382169e+00,0.00000e+00,9.99999e-01,0.00000e+00,9.99314e-01,0.00000e+00
8.014254080e+00,0.00000e+00,9.99999e-01,0.00000e+00,9.99328e-01,0.00000e+00
8.054325351e+00,0.00000e+00,9.99999e-01,0.00000e+00,9.99341e-01,0.00000e+00
8.094596977e+00,0.00000e+00,9.99999e-01,0.00000e+00,9.99354e-01,0.00000e+00
8.135069962e+00,0.00000e+00,9.99999e-01,0.00000e+00,9.99367e-01,0.00000e+00
8.175745312e+00,0.00000e+00,9.99999e-01,0.00000e+00,9.99379e-01,0.00000e+00
8.216624039e+00,0.00000e+00,9.99999e-01,1.32014e-320,9.99392e-01,0.00000e+00
8.257707159e+00,0.00000e+00,9.99999e-01,7.09078e-252,9.99404e-01,0.00000e+00
8.298995695e+00,0.00000e+00,9.99999e-01,7.02957e-229,9.99415e-01,0.00000e+00
8.340490673e+00,0.00000e+00,9.99999e-01,6.34793e-211,9.99427e-01,0.00000e+00
8.382193126e+00,0.00000e+00,9.99999e-01,2.00991e-195,9.99438e-01,0.00000e+00
8.424104092e+00,0.00000e+00,9.99999e-01,1.09626e-154,9.99449e-01,0.00000e+00
8.466224613e+00,0.00000e+00,9.99999e-01,1.19832e-119,9.99460e-01,0.00000e+00
8.508555736e+00,4.31981e-311,9.99999e-01,8.00588e-67,9.99471e-01,5.39865e-245
8.551098514e+00,2.05114e-230,9.99999e-01,4.73396e-49,9.99481e-01,4.33507e-182
8.593854007e+00,6.04829e-191,9.99999e-01,1.13567e-48,9.99491e-01,5.32845e-143
8.636823277e+00,4.73271e-165,9.99999e-01,1.40783e-56,9.99501e-01,3.36338e-109
8.680007393e+00,2.06762e-146,9.99999e-01,4.51251e-64,9.99511e-01,4.58421e-83
8.723407430e+00,2.02257e-133,9.99999e-01,3.59397e-71,9.99521e-01,5.63036e-63
8.767024467e+00,8.18269e-126,9.99999e-01,8.57595e-78,9.99530e-01,9.54589e-49
8.810859590e+00,8.62711e-310,9.99999e-01,9.63039e-273,9.99540e-01,8.96232e-38
8.854913888e+00,0.00000e+00,9.99999e-01,0.00000e+00,9.99549e-01,3.26142e-29
8.899188457e+00,0.00000e+00,9.99999e-01,0.00000e+00,9.99557e-01,1.17576e-22
8.943684399e+00,0.00000e+00,9.99999e-01,0.00000e+00,9.99566e-01,3.50906e-17
8.988402821e+00,0.00000e+00,9.99999e-01,0.00000e+00,9.99575e-01,2.37263e-13
9.033344836e+00,0.00000e+00,9.99999e-01,0.00000e+00,9.99583e-01,1.96990e-10
9.078511560e+00,0.00000e+00,9.99999e-01,0.00000e+00,9.99591e-01,3.59378e-08
9.123904118e+00,0.00000e+00,9.99999e-01,0.00000e+00,9.99599e-01,1.90337e-06
9.169523638e+00,0.00000e+00,9.99999e-01,0.00000e+00,9.99607e-01,4.10720e-05
9.215371256e+00,0.00000e+00,9.99999e-01,0.00000e+00,9.99615e-01,4.26059e-04
9.261448113e+00,0.00000e+00,9.99999e-01,0.00000e+00,9.99623e-01,2.60412e-03
9.307755353e+00,0.00000e+00,9.99999e-01,0.00000e+00,9.99630e-01,9.29197e-03
9.354294130e+00,0.00000e+00,9.99999e-01,0.00000e+00,9.99637e-01,2.74614e-02
9.401065601e+00,0.00000e+00,9.99999e-01,0.00000e+00,9.99644e-01,6.35124e-02
9.448070929e+00,0.00000e+00,9.99999e-01,0.00000e+00,9.99651e-01,1.14456e-01
9.495311283e+00,0.00000e+00,9.99999e-01,0.00000e+00,9.99658e-01,1.81896e-01
9.542787840e+00,0.00000e+00,9.99999e-01,0.00000e+00,9.99665e-01,2.70004e-01
9.590501779e+00,0.00000e+00,9.99999e-01,0.00000e+00,9.99672e-01,3.66465e-01
9.638454288e+00,0.00000e+00,9.99999e-01,0.00000e+00,9.99678e-01,4.54176e-01
9.686646559e+00,0.00000e+00,9.99999e-01,0.00000e+00,9.99684e-01,5.37671e-01
9.735079792e+00,0.00000e+00,9.99999e-01,0.00000e+00,9.99691e-01,6.13926e-01
9.783755191e+00,0.00000e+00,9.99999e-01,0.00000e+00,9.99697e-01,6.81395e-01
9.832673967e+00,0.00000e+00,9.99999e-01,0.00000e+00,9.99703e-01,7.39634e-01
9.881837337e+00,0.00000e+00,9.99999e-01,0.00000e+00,9.99709e-01,7.93127e-01
9.931246523e+00,0.00000e+00,9.99999e-01,0.00000e+00,9.99714e-01,8.37217e-01
9.980902756e+00,0.00000e+00,9.99999e-01,0.00000e+00,9.99720e-01,9.99999e-01
1.003080727e+01,0.00000e+00,9.99999e-01,0.00000e+00,9.99725e-01,9.99999e-01
1.008096131e+01,0.00000e+00,9.99999e-01,0.00000e+00,9.99731e-01,9.99999e-01
1.013136611e+01,0.00000e+00,9.99999e-01,0.00000e+00,9.99736e-01,9.99999e-01
1.018202294e+01,0.00000e+00,9.99999e-01,0.00000e+00,9.99741e-01,9.99999e-01
1.023293306e+01,0.00000e+00,9.99999e-01,0.00000e+00,9.99746e-01,9.99999e-01
1.028409772e+01,0.00000e+00,9.99999e-01,0.00000e+00,9.99751e-01,9.99999e-01
1.033551821e+01,0.00000e+00,9.99999e-01,0.00000e+00,9.99756e-01,9.99999e-01
1.038719580e+01,0.00000e+00,9.99999e-01,0.00000e+00,9.99761e-01,9.99999e-01
1.043913178e+01,0.00000e+00,9.99999e-01,0.00000e+00,9.99766e-01,9.99999e-01
1.049132744e+01,0.00000e+00,9.99999e-01,0.00000e+00,9.99770e-01,9.99999e-01
1.054378408e+01,0.00000e+00,9.99999e-01,0.00000e+00,9.99775e-01,9.99999e-01
1.059650300e+01,0.00000e+00,9.99999e-01,0.00000e+00,9.99779e-01,9.99999e-01
1.064948551e+01,0.00000e+00,9.99999e-01,0.00000e+00,9.99784e-01,9.99999e-01
1.070273294e+01,0.00000e+00,9.99999e-01,0.00000e+00,9.99788e-01,9.99999e-01
1.075624661e+01,0.00000e+00,9.99999e-01,0.00000e+00,9.99792e-01,9.99999e-01
1.081002784e+01,0.00000e+00,9.99999e-01,0.00000e+00,9.99796e-01,9.99999e-01
1.086407798e+01,0.00000e+00,9.99999e-01,0.00000e+00,9.99800e-01,9.99999e-01
1.091839837e+01,0.00000e+00,9.99999e-01,0.00000e+00,9.99804e-01,9.99999e-01
1.097299036e+01,0.00000e+00,9.99999e-01,0.00000e+00,9.99808e-01,9.99999e-01
1.102785531e+01,0.00000e+00,9.99999e-01,0.00000e+00,9.99812e-01,9.99999e-01
1.108299459e+01,0.00000e+00,9.99999e-01,0.00000e+00,9.99815e-01,9.99999e-01
1.113840956e+01,0.00000e+00,9.99999e-01,0.00000e+00,9.99819e-01,9.99999e-01
1.119410161e+01,0.00000e+00,9.99999e-01,0.00000e+00,9.99823e-01,9.99999e-01
1.125007212e+01,0.00000e+00,9.99999e-01,0.00000e+00,9.99826e-01,9.99999e-01
1.130632248e+01,0.00000e+00,9.99999e-01,0.00000e+00,9.99830e-01,9.99999e-01
1.136285409e+01,0.00000e+00,9.99999e-01,0.00000e+00,9.99833e-01,9.99999e-01
1.141966836e+01,0.00000e+00,9.99999e-01,0.00000e+00,9.99836e-01,9.99999e-01
1.147676670e+01,0.00000e+00,9.99999e-01,0.00000e+00,9.99839e-01,9.99999e-01
1.153415054e+01,0.00000e+00,9.99999e-01,0.00000e+00,9.99843e-01,9.99999e-01
1.159182129e+01,0.00000e+00,9.99999e-01,0.00000e+00,9.99846e-01,9.99999e-01
1.164978039e+01,0.00000e+00,9.99999e-01,0.00000e+00,9.99849e-01,9.99999e-01
1.170802930e+01,0.00000e+00,9.99999e-01,0.00000e+00,9.99852e-01,9.99999e-01
1.176656944e+01,0.00000e+00,9.99999e-01,0.00000e+00,9.99855e-01,9.99999e-01
1.182540229e+01,0.00000e+00,9.99999e-01,0.00000e+00,9.99857e-01,9.99999e-01
1.188452930e+01,0.00000e+00,9.99999e-01,0.00000e+00,9.99860e-01,9.99999e-01
1.194395195e+01,0.00000e+00,9.99999e-01,0.00000e+00,9.99863e-01,9.99999e-01
1.200367171e+01,0.00000e+00,9.99999e-01,0.00000e+00,9.99866e-01,9.99999e-01
1.206369007e+01,0.00000e+00,9.99999e-01,0.00000e+00,9.99868e-01,9.99999e-01
1.212400852e+01,0.00000e+00,9.99999e-01,0.00000e+00,9.99871e-01,9.99999e-01
1.218462856e+01,0.00000e+00,9.99999e-01,0.00000e+00,9.99873e-01,9.99999e-01
1.224555170e+01,0.00000e+00,9.99999e-01,0.00000e+00,9.99876e-01,9.99999e-01
1.230677946e+01,0.00000e+00,9.99999e-01,0.00000e+00,9.99878e-01,9.99999e-01
1.236831336e+01,0.00000e+00,9.99999e-01,0.00000e+00,9.99881e-01,9.99999e-01
1.243015492e+01,0.00000e+00,9.99999e-01,0.00000e+00,9.99883e-01,9.99999e-01
1.249230570e+01,0.00000e+00,9.99999e-01,0.00000e+00,9.99885e-01,9.99999e-01
1.255476723e+01,0.00000e+00,9.99999e-01,0.00000e+00,9.99888e-01,9.99999e-01
1.261754106e+01,0.00000e+00,9.99999e-01,0.00000e+00,9.99890e-01,9.99999e-01
1.268062877e+01,0.00000e+00,9.99999e-01,0.00000e+00,9.99892e-01,9.99999e-01
1.274403191e+01,0.00000e+00,9.99999e-01,0.00000e+00,9.99894e-01,9.99999e-01
1.280775207e+01,0.00000e+00,9.99999e-01,0.00000e+00,9.99896e-01,9.99999e-01
1.287179083e+01,0.00000e+00,9.99999e-01,0.00000e+00,9.99898e-01,9.99999e-01
1.293614979e+01,0.00000e+00,9.99999e-01,0.00000e+00,9.99900e-01,9.99999e-01
1.300083054e+01,0.00000e+00,9.99999e-01,0.00000e+00,9.99902e-01,9.99999e-01
1.306583469e+01,0.00000e+00,9.99999e-01,0.00000e+00,9.99904e-01,9.99999e-01
1.313116386e+01,0.00000e+00,9.99999e-01,0.00000e+00,9.99906e-01,9.99999e-01
1.319681968e+01,0.00000e+00,9.99999e-01,0.00000e+00,9.99908e-01,9.99999e-01
1.326280378e+01,0.00000e+00,9.99999e-01,0.00000e+00,9.99909e-01,9.99999e-01
1.332911780e+01,0.00000e+00,9.99999e-01,0.00000e+00,9.99911e-01,9.99999e-01
1.339576339e+01,0.00000e+00,9.99999e-01,0.00000e+00,9.99913e-01,9.53034e-01
1.346274221e+01,0.00000e+00,9.99999e-01,0.00000e+00,9.99915e-01,9.48328e-01
1.353005592e+01,0.00000e+00,9.99999e-01,0.00000e+00,9.99916e-01,9.43165e-01
1.359770620e+01,0.00000e+00,9.99999e-01,0.00000e+00,9.99918e-01,9.38251e-01
1.366569473e+01,0.00000e+00,9.99999e-01,0.00000e+00,9.99920e-01,9.32906e-01
1.373402320e+01,0.00000e+00,9.99999e-01,0.00000e+00,9.99921e-01,9.26261e-01
1.380269332e+01,0.00000e+00,9.99999e-01,0.00000e+00,9.99923e-01,9.19951e-01
1.387170678e+01,0.00000e+00,9.99999e-01,0.00000e+00,9.99924e-01,9.13100e-01
1.394106532e+01,0.00000e+00,9.99999e-01,0.00000e+00,9.99926e-01,9.05723e-01
1.401077064e+01,0.00000e+00,9.99999e-01,0.00000e+00,9.99927e-01,8.97723e-01
1.408082450e+01,0.00000e+00,9.99999e-01,0.00000e+00,9.99929e-01,8.89123e-01
1.415122862e+01,0.00000e+00,9.99999e-01,0.00000e+00,9.99930e-01,8.79813e-01
1.422198476e+01,0.00000e+00,9.99999e-01,0.00000e+00,9.99931e-01,8.69841e-01
1.429309469e+01,0.00000e+00,9.99999e-01,0.00000e+00,9.99933e-01,8.59038e-01
1.436456016e+01,0.00000e+00,9.99999e-01,0.00000e+00,9.99934e-01,8.47480e-01
1.443638296e+01,0.00000e+00,9.99999e-01,0.00000e+00,9.99935e-01,8.35027e-01
1.450856487e+01,0.00000e+00,9.99999e-01,0.00000e+00,9.99936e-01,8.21695e-01
1.458110770e+01,0.00000e+00,9.99999e-01,0.00000e+00,9.99938e-01,8.07389e-01
1.465401324e+01,0.00000e+00,9.99999e-01,0.00000e+00,9.99939e-01,7.92142e-01
1.472728330e+01,0.00000e+00,9.99999e-01,0.00000e+00,9.99940e-01,7.78217e-01
1.480091972e+01,0.00000e+00,9.99999e-01,0.00000e+00,9.99941e-01,7.60967e-01
1.487492432e+01,0.00000e+00,9.99999e-01,0.00000e+00,9.99942e-01,7.42673e-01
1.494929894e+01,0.00000e+00,9.99999e-01,0.00000e+00,9.99944e-01,7.23192e-01
1.502404544e+01,0.00000e+00,9.99999e-01,0.00000e+00,9.99945e-01,7.02645e-01
1.509916566e+01,0.00000e+00,9.99999e-01,0.00000e+00,9.99946e-01,6.84034e-01
1.517466149e+01,0.00000e+00,9.99999e-01,0.00000e+00,9.99947e-01,6.64599e-01
1.525053480e+01,0.00000e+00,9.99999e-01,0.00000e+00,9.99948e-01,6.40754e-01
1.532678747e+01,0.00000e+00,9.99999e-01,0.00000e+00,9.99949e-01,6.15895e-01
1.540342141e+01,0.00000e+00,9.99999e-01,0.00000e+00,9.99950e-01,5.69161e-01
1.548043852e+01,0.00000e+00,9.99999e-01,0.00000e+00,9.99951e-01,5.45475e-01
1.555784071e+01,0.00000e+00,9.99999e-01,0.00000e+00,9.99952e-01,5.18076e-01
1.563562991e+01,0.00000e+00,9.99999e-01,0.00000e+00,9.99953e-01,4.89949e-01
1.571380806e+01,0.00000e+00,9.99999e-01,0.00000e+00,9.99954e-01,4.65128e-01
1.579237710e+01,0.00000e+00,9.99999e-01,0.00000e+00,9.99954e-01,4.39833e-01
1.587133899e+01,0.00000e+00,9.99999e-01,0.00000e+00,9.99955e-01,4.14209e-01
1.595069568e+01,0.00000e+00,9.99999e-01,0.00000e+00,9.99956e-01,3.88353e-01
1.603044916e+01,0.00000e+00,9.99999e-01,0.00000e+00,9.99957e-01,3.58085e-01
1.611060141e+01,0.00000e+00,9.99999e-01,0.00000e+00,9.99958e-01,3.27953e-01
1.619115441e+01,0.00000e+00,9.99999e-01,0.00000e+00,9.99959e-01,3.02168e-01
1.627211019e+01,0.00000e+00,9.99999e-01,0.00000e+00,9.99959e-01,2.76744e-01
1.635347074e+01,0.00000e+00,9.99999e-01,0.00000e+00,9.99960e-01,2.51804e-01
1.643523809e+01,0.00000e+00,9.99999e-01,0.00000e+00,9.99961e-01,2.27496e-01
1.651741428e+01,0.00000e+00,9.99999e-01,0.00000e+00,9.99962e-01,2.03978e-01
1.660000135e+01,0.00000e+00,9.99999e-01,0.00000e+00,9.99963e-01,1.81503e-01
1.668300136e+01,0.00000e+00,9.99999e-01,0.00000e+00,9.99963e-01,1.60010e-01
1.676641637e+01,0.00000e+00,9.99999e-01,0.00000e+00,9.99964e-01,1.39760e-01
1.685024845e+01,0.00000e+00,9.99999e-01,0.00000e+00,9.99965e-01,1.20841e-01
1.693449969e+01,0.00000e+00,9.99999e-01,0.00000e+00,9.99965e-01,1.03370e-01
1.701917219e+01,0.00000e+00,9.99999e-01,0.00000e+00,9.99966e-01,8.73987e-02
1.710426805e+01,0.00000e+00,9.99999e-01,0.00000e+00,9.99967e-01,7.29806e-02
1.718978939e+01,0.00000e+00,9.99999e-01,0.00000e+00,9.99967e-01,6.21469e-02
1.727573834e+01,0.00000e+00,9.99999e-01,0.00000e+00,9.99968e-01,5.23833e-02
1.736211703e+01,0.00000e+00,9.99999e-01,0.00000e+00,9.99969e-01,4.21131e-02
1.744892761e+01,0.00000e+00,9.99999e-01,0.00000e+00,9.99969e-01,3.32911e-02
1.753617225e+01,0.00000e+00,9.99999e-01,0.00000e+00,9.99970e-01,2.58707e-02
1.762385311e+01,0.00000e+00,9.99999e-01,0.00000e+00,9.99970e-01,1.97324e-02
1.771197238e+01,0.00000e+00,9.99999e-01,0.00000e+00,9.99971e-01,1.47470e-02
1.780053224e+01,0.00000e+00,9.99999e-01,0.00000e+00,9.99971e-01,1.13795e-02
1.788953490e+01,0.00000e+00,9.99999e-01,0.00000e+00,9.99972e-01,8.63827e-03
1.797898258e+01,0.00000e+00,9.99999e-01,0.00000e+00,9.99972e-01,6.06933e-03
1.806887749e+01,0.00000e+00,9.99999e-01,0.00000e+00,9.99973e-01,4.15429e-03
1.815922188e+01,0.00000e+00,9.99999e-01,0.00000e+00,9.99974e-01,2.96467e-03
1.825001799e+01,0.00000e+00,9.99999e-01,0.00000e+00,9.99974e-01,2.07087e-03
1.834126808e+01,0.00000e+00,9.99999e-01,0.00000e+00,9.99975e-01,1.30862e-03
1.843297442e+01,0.00000e+00,9.99999e-01,0.00000e+00,9.99975e-01,7.99365e-04
1.852513929e+01,0.00000e+00,9.99999e-01,0.00000e+00,9.99975e-01,5.15670e-04
1.861776499e+01,0.00000e+00,9.99999e-01,0.00000e+00,9.99976e-01,3.23222e-04
1.871085381e+01,0.00000e+00,9.99999e-01,0.00000e+00,9.99976e-01,1.77881e-04
1.880440808e+01,0.00000e+00,9.99999e-01,0.00000e+00,9.99977e-01,1.04616e-04
1.889843012e+01,0.00000e+00,9.99999e-01,0.00000e+00,9.99977e-01,5.94263e-05
1.899292227e+01,0.00000e+00,9.99999e-01,0.00000e+00,9.99978e-01,2.88553e-05
1.908788688e+01,0.00000e+00,9.99999e-01,0.00000e+00,9.99978e-01,1.51812e-05
1.918332632e+01,0.00000e+00,9.99999e-01,0.00000e+00,9.99979e-01,7.65539e-06
1.927924295e+01,0.00000e+00,9.99999e-01,0.00000e+00,9.99979e-01,3.71350e-06
1.937563916e+01,0.00000e+00,9.99999e-01,0.00000e+00,9.99979e-01,1.71643e-06
1.947251736e+01,0.00000e+00,9.99999e-01,0.00000e+00,9.99980e-01,7.59665e-07
1.956987994e+01,0.00000e+00,9.99999e-01,0.00000e+00,9.99980e-01,3.18934e-07
1.966772934e+01,0.00000e+00,9.99999e-01,0.00000e+00,9.99980e-01,1.04945e-07
1.976606799e+01,0.00000e+00,9.99999e-01,0.00000e+00,9.99981e-01,3.91519e-08
1.986489833e+01,0.00000e+00,9.99999e-01,0.00000e+00,9.99981e-01,1.37016e-08
1.996422282e+01,0.00000e+00,9.99999e-01,0.00000e+00,9.99982e-01,4.52695e-09
