#,Wave/freq,Total,N2,CO2,Rayleigh,CIA
4.000000000e-01,7.30555e-04,9.99999e-01,9.99999e-01,7.30555e-04,9.99999e-01
4.020000000e-01,8.42685e-04,9.99999e-01,9.99999e-01,8.42685e-04,9.99999e-01
4.040100000e-01,9.69150e-04,9.99999e-01,9.99999e-01,9.69150e-04,9.99999e-01
4.060300500e-01,1.11152e-03,9.99999e-01,9.99999e-01,1.11152e-03,9.99999e-01
4.080602003e-01,1.27136e-03,9.99999e-01,9.99999e-01,1.27136e-03,9.99999e-01
4.101005013e-01,1.45033e-03,9.99999e-01,9.99999e-01,1.45033e-03,9.99999e-01
4.121510038e-01,1.65019e-03,9.99999e-01,9.99999e-01,1.65019e-03,9.99999e-01
4.142117588e-01,1.87281e-03,9.99999e-01,9.99999e-01,1.87281e-03,9.99999e-01
4.162828176e-01,2.12016e-03,9.99999e-01,9.99999e-01,2.12016e-03,9.99999e-01
4.183642317e-01,2.39431e-03,9.99999e-01,9.99999e-01,2.39431e-03,9.99999e-01
4.204560528e-01,2.69741e-03,9.99999e-01,9.99999e-01,2.69741e-03,9.99999e-01
4.225583331e-01,3.03175e-03,9.99999e-01,9.99999e-01,3.03175e-03,9.99999e-01
4.246711247e-01,3.39966e-03,9.99999e-01,9.99999e-01,3.39966e-03,9.99999e-01
4.267944804e-01,3.80361e-03,9.99999e-01,9.99999e-01,3.80361e-03,9.99999e-01
4.289284528e-01,4.24613e-03,9.99999e-01,9.99999e-01,4.24613e-03,9.99999e-01
4.310730950e-01,4.72984e-03,9.99999e-01,9.99999e-01,4.72984e-03,9.99999e-01
4.332284605e-01,5.25743e-03,9.99999e-01,9.99999e-01,5.25743e-03,9.99999e-01
4.353946028e-01,5.83168e-03,9.99999e-01,9.99999e-01,5.83168e-03,9.99999e-01
4.375715758e-01,6.45543e-03,9.99999e-01,9.99999e-01,6.45543e-03,9.99999e-01
4.397594337e-01,7.13156e-03,9.99999e-01,9.99999e-01,7.13156e-03,9.99999e-01
4.419582309e-01,7.86302e-03,9.99999e-01,9.99999e-01,7.86302e-03,9.99999e-01
4.441680220e-01,8.65280e-03,9.99999e-01,9.99999e-01,8.65280e-03,9.99999e-01
4.463888621e-01,9.50392e-03,9.99999e-01,9.99999e-01,9.50392e-03,9.99999e-01
4.486208064e-01,1.04194e-02,9.99999e-01,9.99999e-01,1.04194e-02,9.99999e-01
4.508639105e-01,1.14024e-02,9.99999e-01,9.99999e-01,1.14024e-02,9.99999e-01
4.531182300e-01,1.24559e-02,9.99999e-01,9.99999e-01,1.24559e-02,9.99999e-01
4.553838212e-01,1.35830e-02,9.99999e-01,9.99999e-01,1.35830e-02,9.99999e-01
4.576607403e-01,1.47868e-02,9.99999e-01,9.99999e-01,1.47868e-02,9.99999e-01
4.599490440e-01,1.60703e-02,9.99999e-01,9.99999e-01,1.60703e-02,9.99999e-01
4.622487892e-01,1.74365e-02,9.99999e-01,9.99999e-01,1.74365e-02,9.99999e-01
4.645600332e-01,1.88884e-02,9.99999e-01,9.99999e-01,1.88884e-02,9.99999e-01
4.668828333e-01,2.04289e-02,9.99999e-01,9.99999e-01,2.04289e-02,9.99999e-01
4.692172475e-01,2.20608e-02,9.99999e-01,9.99999e-01,2.20608e-02,9.99999e-01
4.715633337e-01,2.37870e-02,9.99999e-01,9.99999e-01,2.37870e-02,9.99999e-01
4.739211504e-01,2.56101e-02,9.99999e-01,9.99999e-01,2.56101e-02,9.99999e-01
4.762907561e-01,2.75327e-02,9.99999e-01,9.99999e-01,2.75327e-02,9.99999e-01
4.786722099e-01,2.95573e-02,9.99999e-01,9.99999e-01,2.95573e-02,9.99999e-01
4.810655710e-01,3.16864e-02,9.99999e-01,9.99999e-01,3.16864e-02,9.99999e-01
4.834708988e-01,3.39223e-02,9.99999e-01,9.99999e-01,3.39223e-02,9.99999e-01
4.858882533e-01,3.62670e-02,9.99999e-01,9.99999e-01,3.62670e-02,9.99999e-01
4.883176946e-01,3.87226e-02,9.99999e-01,9.99999e-01,3.87226e-02,9.99999e-01
4.907592831e-01,4.12910e-02,9.99999e-01,9.99999e-01,4.12910e-02,9.99999e-01
4.932130795e-01,4.39740e-02,9.99999e-01,9.99999e-01,4.39740e-02,9.99999e-01
4.956791449e-01,4.67731e-02,9.99999e-01,9.99999e-01,4.67731e-02,9.99999e-01
4.981575406e-01,4.96898e-02,9.99999e-01,9.99999e-01,4.96898e-02,9.99999e-01
5.006483283e-01,5.27253e-02,9.99999e-01,9.99999e-01,5.27253e-02,9.99999e-01
5.031515699e-01,5.58808e-02,9.99999e-01,9.99999e-01,5.58808e-02,9.99999e-01
5.056673278e-01,5.91571e-02,9.99999e-01,9.99999e-01,5.91571e-02,9.99999e-01
5.081956644e-01,6.25551e-02,9.99999e-01,9.99999e-01,6.25551e-02,9.99999e-01
5.107366428e-01,6.60754e-02,9.99999e-01,9.99999e-01,6.60754e-02,9.99999e-01
5.132903260e-01,6.97183e-02,9.99999e-01,9.99999e-01,6.97183e-02,9.99999e-01
5.158567776e-01,7.34841e-02,9.99999e-01,9.99999e-01,7.34841e-02,9.99999e-01
5.184360615e-01,7.73729e-02,9.99999e-01,9.99999e-01,7.73729e-02,9.99999e-01
5.210282418e-01,8.13846e-02,9.99999e-01,9.99999e-01,8.13846e-02,9.99999e-01
5.236333830e-01,8.55188e-02,9.99999e-01,9.99999e-01,8.55188e-02,9.99999e-01
5.262515499e-01,8.97751e-02,9.99999e-01,9.99999e-01,8.97751e-02,9.99999e-01
5.288828077e-01,9.41529e-02,9.99999e-01,9.99999e-01,9.41529e-02,9.99999e-01
5.315272217e-01,9.86514e-02,9.99999e-01,9.99999e-01,9.86514e-02,9.99999e-01
5.341848578e-01,1.03270e-01,9.99999e-01,9.99999e-01,1.03270e-01,9.99999e-01
5.368557821e-01,1.08006e-01,9.99999e-01,9.99999e-01,1.08006e-01,9.99999e-01
5.395400610e-01,1.12860e-01,9.99999e-01,9.99999e-01,1.12860e-01,9.99999e-01
5.422377613e-01,1.17830e-01,9.99999e-01,9.99999e-01,1.17830e-01,9.99999e-01
5.449489501e-01,1.22914e-01,9.99999e-01,9.99999e-01,1.22914e-01,9.99999e-01
5.476736949e-01,1.28110e-01,9.99999e-01,9.99999e-01,1.28110e-01,9.99999e-01
5.504120634e-01,1.33417e-01,9.99999e-01,9.99999e-01,1.33417e-01,9.99999e-01
5.531641237e-01,1.38832e-01,9.99999e-01,9.99999e-01,1.38832e-01,9.99999e-01
5.559299443e-01,1.44354e-01,9.99999e-01,9.99999e-01,1.44354e-01,9.99999e-01
5.587095940e-01,1.49979e-01,9.99999e-01,9.99999e-01,1.49979e-01,9.99999e-01
5.615031420e-01,1.55706e-01,9.99999e-01,9.99999e-01,1.55706e-01,9.99999e-01
5.643106577e-01,1.61533e-01,9.99999e-01,9.99999e-01,1.61533e-01,9.99999e-01
5.671322110e-01,1.67455e-01,9.99999e-01,9.99999e-01,1.67455e-01,9.99999e-01
5.699678720e-01,1.73472e-01,9.99999e-01,9.99999e-01,1.73472e-01,9.99999e-01
5.728177114e-01,1.79579e-01,9.99999e-01,9.99999e-01,1.79579e-01,9.99999e-01
5.756818000e-01,1.85775e-01,9.99999e-01,9.99999e-01,1.85775e-01,9.99999e-01
5.785602090e-01,1.92055e-01,9.99999e-01,9.99999e-01,1.92055e-01,9.99999e-01
5.814530100e-01,1.98417e-01,9.99999e-01,9.99999e-01,1.98417e-01,9.99999e-01
5.843602750e-01,2.04859e-01,9.99999e-01,9.99999e-01,2.04859e-01,9.99999e-01
5.872820764e-01,2.11376e-01,9.99999e-01,9.99999e-01,2.11376e-01,9.99999e-01
5.902184868e-01,2.17965e-01,9.99999e-01,9.99999e-01,2.17965e-01,9.99999e-01
5.931695792e-01,2.24623e-01,9.99999e-01,9.99999e-01,2.24623e-01,9.99999e-01
5.961354271e-01,2.31348e-01,9.99999e-01,9.99999e-01,2.31348e-01,9.99999e-01
5.991161043e-01,2.38135e-01,9.99999e-01,9.99999e-01,2.38135e-01,9.99999e-01
6.021116848e-01,2.44981e-01,9.99999e-01,9.99999e-01,2.44981e-01,9.99999e-01
6.051222432e-01,2.51883e-01,9.99999e-01,9.99999e-01,2.51883e-01,9.99999e-01
6.081478544e-01,2.58837e-01,9.99999e-01,9.99999e-01,2.58837e-01,9.99999e-01
6.111885937e-01,2.65840e-01,9.99999e-01,9.99999e-01,2.65840e-01,9.99999e-01
6.142445367e-01,2.72889e-01,9.99999e-01,9.99999e-01,2.72889e-01,9.99999e-01
6.173157594e-01,2.79979e-01,9.99999e-01,9.99999e-01,2.79979e-01,9.99999e-01
6.204023382e-01,2.87109e-01,9.99999e-01,9.99999e-01,2.87109e-01,9.99999e-01
6.235043498e-01,2.94274e-01,9.99999e-01,9.99999e-01,2.94274e-01,9.99999e-01
6.266218716e-01,3.01471e-01,9.99999e-01,9.99999e-01,3.01471e-01,9.99999e-01
6.297549810e-01,3.08696e-01,9.99999e-01,9.99999e-01,3.08696e-01,9.99999e-01
6.329037559e-01,3.15947e-01,9.99999e-01,9.99999e-01,3.15947e-01,9.99999e-01
6.360682746e-01,3.23220e-01,9.99999e-01,9.99999e-01,3.23220e-01,9.99999e-01
6.392486160e-01,3.30512e-01,9.99999e-01,9.99999e-01,3.30512e-01,9.99999e-01
6.424448591e-01,3.37819e-01,9.99999e-01,9.99999e-01,3.37819e-01,9.99999e-01
6.456570834e-01,3.45139e-01,9.99999e-01,9.99999e-01,3.45139e-01,9.99999e-01
6.488853688e-01,3.52468e-01,9.99999e-01,9.99999e-01,3.52468e-01,9.99999e-01
6.521297956e-01,3.59803e-01,9.99999e-01,9.99999e-01,3.59803e-01,9.99999e-01
6.553904446e-01,3.67142e-01,9.99999e-01,9.99999e-01,3.67142e-01,9.99999e-01
6.586673968e-01,3.74481e-01,9.99999e-01,9.99999e-01,3.74481e-01,9.99999e-01
6.619607338e-01,3.81817e-01,9.99999e-01,9.99999e-01,3.81817e-01,9.99999e-01
6.652705375e-01,3.89148e-01,9.99999e-01,9.99999e-01,3.89148e-01,9.99999e-01
6.685968902e-01,3.96470e-01,9.99999e-01,9.99999e-01,3.96470e-01,9.99999e-01
6.719398746e-01,4.03782e-01,9.99999e-01,9.99999e-01,4.03782e-01,9.99999e-01
6.752995740e-01,4.11080e-01,9.99999e-01,9.99999e-01,4.11080e-01,9.99999e-01
6.786760719e-01,4.18362e-01,9.99999e-01,9.99999e-01,4.18362e-01,9.99999e-01
6.820694522e-01,4.25626e-01,9.99999e-01,9.99999e-01,4.25626e-01,9.99999e-01
6.854797995e-01,4.32868e-01,9.99999e-01,9.99999e-01,4.32868e-01,9.99999e-01
6.889071985e-01,4.40087e-01,9.99999e-01,9.99999e-01,4.40087e-01,9.99999e-01
6.923517345e-01,4.47280e-01,9.99999e-01,9.99999e-01,4.47280e-01,9.99999e-01
6.958134932e-01,4.54445e-01,9.99999e-01,9.99999e-01,4.54445e-01,9.99999e-01
6.992925606e-01,4.61580e-01,9.99999e-01,9.99999e-01,4.61580e-01,9.99999e-01
7.027890234e-01,4.68682e-01,9.99999e-01,9.99999e-01,4.68682e-01,9.99999e-01
7.063029686e-01,4.75751e-01,9.99999e-01,9.99999e-01,4.75751e-01,9.99999e-01
7.098344834e-01,4.82783e-01,9.99999e-01,9.99999e-01,4.82783e-01,9.99999e-01
7.133836558e-01,4.89778e-01,9.99999e-01,9.99999e-01,4.89778e-01,9.99999e-01
7.169505741e-01,4.96732e-01,9.99999e-01,9.99999e-01,4.96732e-01,9.99999e-01
7.205353270e-01,5.03645e-01,9.99999e-01,9.99999e-01,5.03645e-01,9.99999e-01
7.241380036e-01,5.10515e-01,9.99999e-01,9.99999e-01,5.10515e-01,9.99999e-01
7.277586936e-01,5.17340e-01,9.99999e-01,9.99999e-01,5.17340e-01,9.99999e-01
7.313974871e-01,5.24118e-01,9.99999e-01,9.99999e-01,5.24118e-01,9.99999e-01
7.350544745e-01,5.30849e-01,9.99999e-01,9.99999e-01,5.30849e-01,9.99999e-01
7.387297469e-01,5.37531e-01,9.99999e-01,9.99999e-01,5.37531e-01,9.99999e-01
7.424233956e-01,5.44163e-01,9.99999e-01,9.99999e-01,5.44163e-01,9.99999e-01
7.461355126e-01,5.50743e-01,9.99999e-01,9.99999e-01,5.50743e-01,9.99999e-01
7.498661902e-01,5.57270e-01,9.99999e-01,9.99999e-01,5.57270e-01,9.99999e-01
7.536155211e-01,5.63744e-01,9.99999e-01,9.99999e-01,5.63744e-01,9.99999e-01
7.573835987e-01,5.70162e-01,9.99999e-01,9.99999e-01,5.70162e-01,9.99999e-01
7.611705167e-01,5.76525e-01,9.99999e-01,9.99999e-01,5.76525e-01,9.99999e-01
7.649763693e-01,5.82831e-01,9.99999e-01,9.99999e-01,5.82831e-01,9.99999e-01
7.688012511e-01,5.89079e-01,9.99999e-01,9.99999e-01,5.89079e-01,9.99999e-01
7.726452574e-01,5.95269e-01,9.99999e-01,9.99999e-01,5.95269e-01,9.99999e-01
7.765084837e-01,6.01400e-01,9.99999e-01,9.99999e-01,6.01400e-01,9.99999e-01
7.803910261e-01,5.92178e-01,9.99999e-01,9.74825e-01,6.07471e-01,9.99999e-01
7.842929812e-01,5.52966e-01,9.99999e-01,9.01356e-01,6.13481e-01,9.99999e-01
7.882144461e-01,5.53551e-01,9.99999e-01,8.93644e-01,6.19431e-01,9.99999e-01
7.921555184e-01,5.85966e-01,9.99999e-01,9.37068e-01,6.25319e-01,9.99999e-01
7.961162960e-01,6.04584e-01,9.99999e-01,9.57917e-01,6.31145e-01,9.99999e-01
8.000968774e-01,6.22203e-01,9.99999e-01,9.76911e-01,6.36908e-01,9.99999e-01
8.040973618e-01,6.34922e-01,9.99999e-01,9.88037e-01,6.42609e-01,9.99999e-01
8.081178486e-01,6.44659e-01,9.99999e-01,9.94465e-01,6.48247e-01,9.99999e-01
8.121584379e-01,6.52716e-01,9.99999e-01,9.98310e-01,6.53821e-01,9.99999e-01
8.162192301e-01,6.59085e-01,9.99999e-01,9.99626e-01,6.59332e-01,9.99999e-01
8.203003262e-01,6.64775e-01,9.99999e-01,9.99994e-01,6.64779e-01,9.99999e-01
8.244018279e-01,6.70162e-01,9.99999e-01,9.99999e-01,6.70162e-01,9.99999e-01
8.285238370e-01,6.75481e-01,9.99999e-01,9.99999e-01,6.75481e-01,9.99999e-01
8.326664562e-01,6.80736e-01,9.99999e-01,9.99999e-01,6.80736e-01,9.99999e-01
8.368297885e-01,6.85927e-01,9.99999e-01,9.99999e-01,6.85927e-01,9.99999e-01
8.410139374e-01,6.91053e-01,9.99999e-01,9.99999e-01,6.91053e-01,9.99999e-01
8.452190071e-01,6.96116e-01,9.99999e-01,9.99999e-01,6.96116e-01,9.99999e-01
8.494451021e-01,7.01115e-01,9.99999e-01,9.99999e-01,7.01115e-01,9.99999e-01
8.536923276e-01,7.06049e-01,9.99999e-01,9.99999e-01,7.06049e-01,9.99999e-01
8.579607893e-01,7.10920e-01,9.99999e-01,9.99999e-01,7.10920e-01,9.99999e-01
8.622505932e-01,7.15728e-01,9.99999e-01,9.99999e-01,7.15728e-01,9.99999e-01
8.665618462e-01,6.76367e-01,9.99999e-01,9.38783e-01,7.20472e-01,9.99999e-01
8.708946554e-01,5.54726e-01,9.99999e-01,7.64978e-01,7.25152e-01,9.99999e-01
8.752491287e-01,5.89692e-01,9.99999e-01,8.08051e-01,7.29770e-01,9.99999e-01
8.796253743e-01,6.53784e-01,9.99999e-01,8.90318e-01,7.34325e-01,9.99999e-01
8.840235012e-01,6.95757e-01,9.99999e-01,9.41715e-01,7.38818e-01,9.99999e-01
8.884436187e-01,7.25969e-01,9.99999e-01,9.76749e-01,7.43249e-01,9.99999e-01
8.928858368e-01,7.40520e-01,9.99999e-01,9.90505e-01,7.47618e-01,9.99999e-01
8.973502660e-01,7.50198e-01,9.99999e-01,9.97701e-01,7.51926e-01,9.99999e-01
9.018370173e-01,7.55982e-01,9.99999e-01,9.99747e-01,7.56172e-01,9.99999e-01
9.063462024e-01,7.55206e-01,9.99999e-01,9.93223e-01,7.60358e-01,9.99999e-01
9.108779334e-01,7.53016e-01,9.99999e-01,9.84999e-01,7.64484e-01,9.99999e-01
9.154323231e-01,7.65868e-01,9.99999e-01,9.96509e-01,7.68550e-01,9.99999e-01
9.200094847e-01,7.32049e-01,9.99999e-01,9.47566e-01,7.72557e-01,9.99999e-01
9.246095321e-01,7.21001e-01,9.99999e-01,9.28520e-01,7.76505e-01,9.99999e-01
9.292325798e-01,7.35615e-01,9.99999e-01,9.42618e-01,7.80394e-01,9.99999e-01
9.338787427e-01,7.41323e-01,9.99999e-01,9.45292e-01,7.84226e-01,9.99999e-01
9.385481364e-01,7.56109e-01,9.99999e-01,9.59529e-01,7.88000e-01,9.99999e-01
9.432408771e-01,7.72025e-01,9.99999e-01,9.75126e-01,7.91717e-01,9.99999e-01
9.479570815e-01,7.85145e-01,9.99999e-01,9.87133e-01,7.95378e-01,9.99999e-01
9.526968669e-01,7.94023e-01,9.99999e-01,9.93792e-01,7.98983e-01,9.99999e-01
9.574603512e-01,8.00402e-01,9.99999e-01,9.97344e-01,8.02532e-01,9.99999e-01
9.622476530e-01,8.05360e-01,9.99999e-01,9.99172e-01,8.06027e-01,9.99999e-01
9.670588912e-01,8.09267e-01,9.99999e-01,9.99752e-01,8.09467e-01,9.99999e-01
9.718941857e-01,8.12840e-01,9.99999e-01,9.99982e-01,8.12854e-01,9.99999e-01
9.767536566e-01,8.16188e-01,9.99999e-01,9.99999e-01,8.16188e-01,9.99999e-01
9.816374249e-01,8.19469e-01,9.99999e-01,9.99999e-01,8.19469e-01,9.99999e-01
9.865456120e-01,8.22698e-01,9.99999e-01,9.99999e-01,8.22698e-01,9.99999e-01
9.914783401e-01,8.25876e-01,9.99999e-01,9.99999e-01,8.25876e-01,9.99999e-01
9.964357318e-01,8.29002e-01,9.99999e-01,9.99999e-01,8.29002e-01,9.99999e-01
1.001417910e+00,8.32079e-01,9.99999e-01,9.99999e-01,8.32079e-01,9.99999e-01
1.006425000e+00,8.35106e-01,9.99999e-01,9.99999e-01,8.35106e-01,9.99999e-01
1.011457125e+00,8.38083e-01,9.99999e-01,9.99999e-01,8.38083e-01,9.99999e-01
1.016514411e+00,8.41013e-01,9.99999e-01,9.99999e-01,8.41013e-01,9.99999e-01
1.021596983e+00,8.43859e-01,9.99999e-01,9.99958e-01,8.43894e-01,9.99999e-01
1.026704968e+00,8.44480e-01,9.99999e-01,9.97344e-01,8.46728e-01,9.99999e-01
1.031838492e+00,8.17511e-01,9.99999e-01,9.62326e-01,8.49515e-01,9.99999e-01
1.036997685e+00,1.80724e-01,9.99999e-01,2.12054e-01,8.52256e-01,9.99999e-01
1.042182673e+00,1.93096e-01,9.99999e-01,2.25855e-01,8.54951e-01,9.99999e-01
1.047393587e+00,1.92928e-01,9.99999e-01,2.24962e-01,8.57602e-01,9.99999e-01
1.052630555e+00,1.46992e-02,9.99999e-01,1.70880e-02,8.60208e-01,9.99999e-01
1.057893707e+00,3.21709e-02,9.99999e-01,3.72879e-02,8.62770e-01,9.99999e-01
1.063183176e+00,7.80441e-02,9.99999e-01,9.01941e-02,8.65290e-01,9.99999e-01
1.068499092e+00,1.68128e-01,9.99999e-01,1.93748e-01,8.67766e-01,9.99999e-01
1.073841587e+00,3.10372e-01,9.99999e-01,3.56667e-01,8.70201e-01,9.99999e-01
1.079210795e+00,4.54580e-01,9.99999e-01,5.20953e-01,8.72594e-01,9.99999e-01
1.084606849e+00,6.12670e-01,9.99999e-01,7.00237e-01,8.74946e-01,9.99999e-01
1.090029883e+00,7.29121e-01,9.99999e-01,8.31136e-01,8.77258e-01,9.99999e-01
1.095480033e+00,8.03114e-01,9.99999e-01,9.13116e-01,8.79530e-01,9.99999e-01
1.100957433e+00,8.43990e-01,9.99999e-01,9.57162e-01,8.81763e-01,9.99999e-01
1.106462220e+00,8.68136e-01,9.99999e-01,9.82101e-01,8.83957e-01,9.99999e-01
1.111994531e+00,8.80202e-01,9.99999e-01,9.93328e-01,8.86113e-01,9.99999e-01
1.117554504e+00,8.86792e-01,9.99999e-01,9.98378e-01,8.88232e-01,9.99999e-01
1.123142276e+00,8.90220e-01,9.99999e-01,9.99894e-01,8.90314e-01,9.99999e-01
1.128757988e+00,8.92359e-01,9.99999e-01,9.99999e-01,8.92359e-01,9.99999e-01
1.134401778e+00,8.94369e-01,9.99999e-01,9.99999e-01,8.94369e-01,9.99999e-01
1.140073787e+00,8.96343e-01,9.99999e-01,9.99999e-01,8.96343e-01,9.99999e-01
1.145774156e+00,8.98283e-01,9.99999e-01,9.99999e-01,8.98283e-01,9.99999e-01
1.151503026e+00,9.00188e-01,9.99999e-01,9.99999e-01,9.00188e-01,9.99999e-01
1.157260541e+00,9.02060e-01,9.99999e-01,9.99999e-01,9.02060e-01,9.99999e-01
1.163046844e+00,9.03898e-01,9.99999e-01,9.99999e-01,9.03898e-01,9.99999e-01
1.168862078e+00,9.05704e-01,9.99999e-01,9.99999e-01,9.05704e-01,9.99999e-01
1.174706389e+00,9.07478e-01,9.99999e-01,9.99999e-01,9.07478e-01,9.99999e-01
1.180579921e+00,9.09220e-01,9.99999e-01,9.99999e-01,9.09220e-01,9.99999e-01
1.186482820e+00,9.10924e-01,9.99999e-01,9.99993e-01,9.10930e-01,9.99999e-01
1.192415234e+00,9.03890e-01,9.99999e-01,9.90443e-01,9.12610e-01,9.99999e-01
1.198377311e+00,5.21702e-01,9.99999e-01,5.70627e-01,9.14260e-01,9.99999e-01
1.204369197e+00,2.09160e-08,9.99999e-01,2.28370e-08,9.15881e-01,9.99999e-01
1.210391043e+00,1.06611e-28,9.99999e-01,1.16201e-28,9.17472e-01,9.99999e-01
1.216442998e+00,4.53793e-25,9.99999e-01,4.93772e-25,9.19034e-01,9.99999e-01
1.222525213e+00,1.02388e-24,9.99999e-01,1.11223e-24,9.20568e-01,9.99999e-01
1.228637839e+00,4.18425e-19,9.99999e-01,4.53786e-19,9.22074e-01,9.99999e-01
1.234781029e+00,9.02610e-13,9.99999e-01,9.77323e-13,9.23553e-01,9.99999e-01
1.240954934e+00,1.23158e-08,9.99999e-01,1.33143e-08,9.25005e-01,9.99999e-01
1.247159708e+00,4.17502e-05,9.99999e-01,4.50656e-05,9.26430e-01,9.99999e-01
1.253395507e+00,3.14903e-03,9.99999e-01,3.39397e-03,9.27829e-01,9.99999e-01
1.259662485e+00,3.61723e-02,9.99999e-01,3.89283e-02,9.29203e-01,9.99999e-01
1.265960797e+00,1.42368e-01,9.99999e-01,1.52993e-01,9.30552e-01,9.99999e-01
1.272290601e+00,4.26791e-01,9.99999e-01,4.57991e-01,9.31876e-01,9.99999e-01
1.278652054e+00,3.65915e-01,9.99999e-01,3.92117e-01,9.33175e-01,9.99999e-01
1.285045314e+00,1.29106e-02,9.99999e-01,1.38162e-02,9.34451e-01,9.99999e-01
1.291470541e+00,4.56297e-04,9.99999e-01,4.87651e-04,9.35703e-01,9.99999e-01
1.297927893e+00,2.84595e-02,9.99999e-01,3.03751e-02,9.36932e-01,9.99999e-01
1.304417533e+00,2.26435e-01,9.99999e-01,2.41366e-01,9.38139e-01,9.99999e-01
1.310939621e+00,3.89873e-02,9.99999e-01,4.15057e-02,9.39323e-01,9.99999e-01
1.317494319e+00,2.23932e-10,9.99999e-01,2.38103e-10,9.40485e-01,9.99999e-01
1.324081790e+00,5.25519e-06,9.99999e-01,5.58097e-06,9.41625e-01,9.99999e-01
1.330702199e+00,2.27866e-04,9.99999e-01,2.41704e-04,9.42745e-01,9.99999e-01
1.337355710e+00,3.08342e-04,9.99999e-01,3.26687e-04,9.43843e-01,9.99999e-01
1.344042489e+00,2.74301e-05,9.99999e-01,2.90290e-05,9.44921e-01,9.99999e-01
1.350762701e+00,1.61924e-04,9.99999e-01,1.71171e-04,9.45979e-01,9.99999e-01
1.357516515e+00,3.39354e-03,9.99999e-01,3.58339e-03,9.47018e-01,9.99999e-01
1.364304097e+00,2.63540e-02,9.99999e-01,2.77985e-02,9.48036e-01,9.99999e-01
1.371125618e+00,1.45135e-01,9.99999e-01,1.52929e-01,9.49036e-01,9.99999e-01
1.377981246e+00,2.07213e-01,9.99999e-01,2.18115e-01,9.50017e-01,9.99999e-01
1.384871152e+00,3.92378e-01,9.99999e-01,4.12603e-01,9.50980e-01,9.99999e-01
1.391795508e+00,4.20372e-01,9.99999e-01,4.41602e-01,9.51925e-01,9.99999e-01
1.398754485e+00,5.75958e-01,9.99999e-01,6.04457e-01,9.52851e-01,9.99999e-01
1.405748258e+00,6.58395e-01,9.99999e-01,6.90314e-01,9.53761e-01,9.99999e-01
1.412776999e+00,7.55733e-01,9.99999e-01,7.91630e-01,9.54653e-01,9.99999e-01
1.419840884e+00,6.84496e-01,9.99999e-01,7.16353e-01,9.55529e-01,9.99999e-01
1.426940089e+00,7.79508e-02,9.99999e-01,8.15054e-02,9.56388e-01,9.99999e-01
1.434074789e+00,0.00000e+00,9.99999e-01,0.00000e+00,9.57230e-01,9.99999e-01
1.441245163e+00,0.00000e+00,9.99999e-01,0.00000e+00,9.58057e-01,9.99999e-01
1.448451389e+00,0.00000e+00,9.99999e-01,0.00000e+00,9.58868e-01,9.99999e-01
1.455693646e+00,1.89429e-225,9.99999e-01,1.97391e-225,9.59664e-01,9.99999e-01
1.462972114e+00,1.34313e-109,9.99999e-01,1.39845e-109,9.60445e-01,9.99999e-01
1.470286975e+00,2.02235e-46,9.99999e-01,2.10396e-46,9.61211e-01,9.99999e-01
1.477638409e+00,9.20647e-30,9.99999e-01,9.57050e-30,9.61962e-01,9.99999e-01
1.485026601e+00,3.76915e-17,9.99999e-01,3.91519e-17,9.62699e-01,9.99999e-01
1.492451734e+00,1.26168e-14,9.99999e-01,1.30958e-14,9.63422e-01,9.99999e-01
1.499913993e+00,3.39403e-07,9.99999e-01,3.52030e-07,9.64132e-01,9.99999e-01
1.507413563e+00,4.42282e-06,9.99999e-01,4.58405e-06,9.64828e-01,9.99999e-01
1.514950631e+00,1.81280e-07,9.99999e-01,1.87756e-07,9.65510e-01,9.99999e-01
1.522525384e+00,1.27099e-21,9.99999e-01,1.31548e-21,9.66180e-01,9.99999e-01
1.530138011e+00,2.22689e-49,9.99999e-01,2.30327e-49,9.66837e-01,9.99999e-01
1.537788701e+00,6.17776e-37,9.99999e-01,6.38540e-37,9.67481e-01,9.99999e-01
1.545477645e+00,4.62656e-09,9.99999e-01,4.77894e-09,9.68113e-01,9.99999e-01
1.553205033e+00,3.58434e-06,9.99999e-01,3.70002e-06,9.68733e-01,9.99999e-01
1.560971058e+00,8.89613e-07,9.99999e-01,9.17750e-07,9.69341e-01,9.99999e-01
1.568775913e+00,7.50825e-123,9.99999e-01,7.74095e-123,9.69937e-01,9.99999e-01
1.576619793e+00,9.19979e-287,9.99999e-01,9.47921e-287,9.70522e-01,9.99999e-01
1.584502892e+00,8.96581e-157,9.99999e-01,9.23267e-157,9.71096e-01,9.99999e-01
1.592425406e+00,1.44213e-109,9.99999e-01,1.48419e-109,9.71659e-01,9.99999e-01
1.600387533e+00,6.19803e-176,9.99999e-01,6.37519e-176,9.72211e-01,9.99999e-01
1.608389471e+00,4.38156e-295,9.99999e-01,4.50429e-295,9.72752e-01,9.99999e-01
1.616431418e+00,6.16441e-297,9.99999e-01,6.33362e-297,9.73283e-01,9.99999e-01
1.624513575e+00,6.24752e-139,9.99999e-01,6.41558e-139,9.73804e-01,9.99999e-01
1.632636143e+00,1.64460e-103,9.99999e-01,1.68796e-103,9.74314e-01,9.99999e-01
1.640799324e+00,4.00272e-43,9.99999e-01,4.10613e-43,9.74815e-01,9.99999e-01
1.649003321e+00,4.24212e-43,9.99999e-01,4.34952e-43,9.75306e-01,9.99999e-01
1.657248337e+00,1.32333e-33,9.99999e-01,1.35616e-33,9.75788e-01,9.99999e-01
1.665534579e+00,7.70771e-34,9.99999e-01,7.89512e-34,9.76261e-01,9.99999e-01
1.673862252e+00,5.06178e-22,9.99999e-01,5.18239e-22,9.76724e-01,9.99999e-01
1.682231563e+00,1.06027e-15,9.99999e-01,1.08503e-15,9.77179e-01,9.99999e-01
1.690642721e+00,2.19880e-09,9.99999e-01,2.24913e-09,9.77624e-01,9.99999e-01
1.699095934e+00,3.96425e-06,9.99999e-01,4.05317e-06,9.78061e-01,9.99999e-01
1.707591414e+00,1.30921e-03,9.99999e-01,1.33799e-03,9.78490e-01,9.99999e-01
1.716129371e+00,2.54868e-02,9.99999e-01,2.60359e-02,9.78910e-01,9.99999e-01
1.724710018e+00,1.36728e-01,9.99999e-01,1.39614e-01,9.79322e-01,9.99999e-01
1.733333568e+00,2.74080e-01,9.99999e-01,2.79751e-01,9.79727e-01,9.99999e-01
1.742000236e+00,4.46726e-01,9.99999e-01,4.55785e-01,9.80123e-01,9.99999e-01
1.750710237e+00,2.05877e-02,9.99999e-01,2.09969e-02,9.80512e-01,9.99999e-01
1.759463788e+00,5.03197e-21,9.99999e-01,5.12999e-21,9.80893e-01,9.99999e-01
1.768261107e+00,3.56072e-22,9.99999e-01,3.62869e-22,9.81267e-01,9.99999e-01
1.777102413e+00,4.44199e-21,9.99999e-01,4.52509e-21,9.81634e-01,9.99999e-01
1.785987925e+00,3.03122e-20,9.99999e-01,3.08680e-20,9.81993e-01,9.99999e-01
1.794917864e+00,3.41756e-19,9.99999e-01,3.47898e-19,9.82346e-01,9.99999e-01
1.803892454e+00,8.10055e-19,9.99999e-01,8.24322e-19,9.82691e-01,9.99999e-01
1.812911916e+00,6.42748e-18,9.99999e-01,6.53842e-18,9.83030e-01,9.99999e-01
1.821976476e+00,4.18094e-18,9.99999e-01,4.25168e-18,9.83363e-01,9.99999e-01
1.831086358e+00,7.78549e-15,9.99999e-01,7.91458e-15,9.83688e-01,9.99999e-01
1.840241790e+00,1.43837e-12,9.99999e-01,1.46174e-12,9.84008e-01,9.99999e-01
1.849442999e+00,7.37624e-09,9.99999e-01,7.49373e-09,9.84321e-01,9.99999e-01
1.858690214e+00,4.27593e-08,9.99999e-01,4.34268e-08,9.84629e-01,9.99999e-01
1.867983665e+00,5.99393e-09,9.99999e-01,6.08564e-09,9.84930e-01,9.99999e-01
1.877323583e+00,3.83357e-39,9.99999e-01,3.89106e-39,9.85225e-01,9.99999e-01
1.886710201e+00,5.09590e-51,9.99999e-01,5.17079e-51,9.85515e-01,9.99999e-01
1.896143752e+00,6.70479e-58,9.99999e-01,6.80137e-58,9.85799e-01,9.99999e-01
1.905624471e+00,4.35053e-67,9.99999e-01,4.41195e-67,9.86078e-01,9.99999e-01
1.915152593e+00,4.48966e-52,9.99999e-01,4.55178e-52,9.86351e-01,9.99999e-01
1.924728356e+00,2.49267e-62,9.99999e-01,2.52648e-62,9.86619e-01,9.99999e-01
1.934351998e+00,0.00000e+00,9.99999e-01,0.00000e+00,9.86881e-01,9.99999e-01
1.944023758e+00,0.00000e+00,9.99999e-01,0.00000e+00,9.87139e-01,9.99999e-01
1.953743877e+00,0.00000e+00,9.99999e-01,0.00000e+00,9.87391e-01,9.99999e-01
1.963512596e+00,0.00000e+00,9.99999e-01,0.00000e+00,9.87638e-01,9.99999e-01
1.973330159e+00,0.00000e+00,9.99999e-01,0.00000e+00,9.87881e-01,9.99999e-01
1.983196810e+00,0.00000e+00,9.99999e-01,0.00000e+00,9.88119e-01,9.99999e-01
1.993112794e+00,0.00000e+00,9.99999e-01,0.00000e+00,9.88352e-01,9.99999e-01
2.003078358e+00,0.00000e+00,9.99999e-01,0.00000e+00,9.88581e-01,9.99993e-01
2.013093750e+00,0.00000e+00,9.99999e-01,0.00000e+00,9.88805e-01,9.99988e-01
2.023159218e+00,0.00000e+00,9.99999e-01,0.00000e+00,9.89025e-01,9.99982e-01
2.033275015e+00,0.00000e+00,9.99999e-01,0.00000e+00,9.89241e-01,9.99973e-01
2.043441390e+00,0.00000e+00,9.99999e-01,0.00000e+00,9.89452e-01,9.99956e-01
2.053658597e+00,0.00000e+00,9.99999e-01,0.00000e+00,9.89659e-01,9.99925e-01
2.063926890e+00,0.00000e+00,9.99998e-01,0.00000e+00,9.89863e-01,9.99871e-01
2.074246524e+00,0.00000e+00,9.99998e-01,0.00000e+00,9.90062e-01,9.99778e-01
2.084617757e+00,0.00000e+00,9.99997e-01,0.00000e+00,9.90257e-01,9.99631e-01
2.095040845e+00,0.00000e+00,9.99996e-01,0.00000e+00,9.90449e-01,9.99434e-01
2.105516050e+00,0.00000e+00,9.99995e-01,0.00000e+00,9.90636e-01,9.99195e-01
2.116043630e+00,0.00000e+00,9.99995e-01,0.00000e+00,9.90821e-01,9.98997e-01
2.126623848e+00,0.00000e+00,9.99996e-01,0.00000e+00,9.91001e-01,9.98866e-01
2.137256967e+00,2.85694e-300,9.99996e-01,2.88603e-300,9.91178e-01,9.98733e-01
2.147943252e+00,6.73733e-141,9.99998e-01,6.80651e-141,9.91351e-01,9.98470e-01
2.158682968e+00,3.55451e-85,9.99990e-01,3.59124e-85,9.91522e-01,9.98235e-01
2.169476383e+00,4.52970e-42,9.99996e-01,4.57368e-42,9.91688e-01,9.98685e-01
2.180323765e+00,9.16547e-27,9.99997e-01,9.24959e-27,9.91852e-01,9.99044e-01
2.191225384e+00,2.65187e-14,9.99997e-01,2.67535e-14,9.92012e-01,9.99205e-01
2.202181511e+00,1.42743e-09,9.99998e-01,1.43958e-09,9.92169e-01,9.99381e-01
2.213192418e+00,1.21231e-05,9.99998e-01,1.22222e-05,9.92323e-01,9.99570e-01
2.224258381e+00,1.13223e-03,9.99998e-01,1.14112e-03,9.92474e-01,9.99728e-01
2.235379672e+00,1.24179e-02,9.99998e-01,1.25121e-02,9.92622e-01,9.99842e-01
2.246556571e+00,4.91092e-02,9.99999e-01,4.94712e-02,9.92768e-01,9.99911e-01
2.257789354e+00,1.59143e-01,9.99999e-01,1.60287e-01,9.92910e-01,9.99951e-01
2.269078300e+00,1.96044e-01,9.99999e-01,1.97421e-01,9.93049e-01,9.99974e-01
2.280423692e+00,2.06838e-01,9.99999e-01,2.08260e-01,9.93186e-01,9.99984e-01
2.291825810e+00,3.56063e-01,9.99999e-01,3.58460e-01,9.93320e-01,9.99990e-01
2.303284939e+00,4.42657e-01,9.99999e-01,4.45576e-01,9.93452e-01,9.99994e-01
2.314801364e+00,4.83557e-01,9.99999e-01,4.86682e-01,9.93581e-01,9.99996e-01
2.326375371e+00,6.15296e-01,9.99999e-01,6.19192e-01,9.93707e-01,9.99999e-01
2.338007248e+00,5.89691e-01,9.99999e-01,5.93351e-01,9.93831e-01,9.99999e-01
2.349697284e+00,6.32065e-01,9.99999e-01,6.35911e-01,9.93952e-01,9.99999e-01
2.361445770e+00,6.91524e-01,9.99999e-01,6.95648e-01,9.94072e-01,9.99999e-01
2.373252999e+00,7.15999e-01,9.99999e-01,7.20184e-01,9.94188e-01,9.99999e-01
2.385119264e+00,8.60956e-01,9.99999e-01,8.65888e-01,9.94303e-01,9.99999e-01
2.397044861e+00,9.37011e-01,9.99999e-01,9.42273e-01,9.94415e-01,9.99999e-01
2.409030085e+00,8.97197e-01,9.99999e-01,9.02136e-01,9.94525e-01,9.99999e-01
2.421075235e+00,8.24150e-01,9.99999e-01,8.28597e-01,9.94633e-01,9.99999e-01
2.433180612e+00,3.70808e-01,9.99999e-01,3.72769e-01,9.94738e-01,9.99999e-01
2.445346515e+00,6.21254e-01,9.99999e-01,6.24474e-01,9.94842e-01,9.99999e-01
2.457573247e+00,5.64371e-02,9.99999e-01,5.67238e-02,9.94944e-01,9.99999e-01
2.469861113e+00,9.20196e-07,9.99999e-01,9.24779e-07,9.95043e-01,9.99999e-01
2.482210419e+00,2.48779e-25,9.99999e-01,2.49994e-25,9.95141e-01,9.99999e-01
2.494621471e+00,1.30448e-38,9.99999e-01,1.31073e-38,9.95237e-01,9.99999e-01
2.507094578e+00,2.12515e-37,9.99999e-01,2.13512e-37,9.95331e-01,9.99999e-01
2.519630051e+00,1.38308e-49,9.99999e-01,1.38944e-49,9.95423e-01,9.99999e-01
2.532228202e+00,1.94576e-66,9.99999e-01,1.95453e-66,9.95513e-01,9.99999e-01
2.544889343e+00,2.56875e-65,9.99999e-01,2.58010e-65,9.95601e-01,9.99999e-01
2.557613789e+00,1.26341e-97,9.99999e-01,1.26888e-97,9.95688e-01,9.99999e-01
2.570401858e+00,5.31866e-155,9.99999e-01,5.34123e-155,9.95773e-01,9.99999e-01
2.583253867e+00,0.00000e+00,9.99999e-01,0.00000e+00,9.95856e-01,9.99999e-01
2.596170137e+00,0.00000e+00,9.99999e-01,0.00000e+00,9.95938e-01,9.99999e-01
2.609150988e+00,0.00000e+00,9.99999e-01,0.00000e+00,9.96018e-01,9.99999e-01
2.622196742e+00,0.00000e+00,9.99999e-01,0.00000e+00,9.96096e-01,9.99999e-01
2.635307726e+00,0.00000e+00,9.99999e-01,0.00000e+00,9.96173e-01,9.99999e-01
2.648484265e+00,0.00000e+00,9.99999e-01,0.00000e+00,9.96249e-01,9.99999e-01
2.661726686e+00,0.00000e+00,9.99999e-01,0.00000e+00,9.96323e-01,9.99999e-01
2.675035320e+00,0.00000e+00,9.99999e-01,0.00000e+00,9.96395e-01,9.99999e-01
2.688410496e+00,0.00000e+00,9.99999e-01,0.00000e+00,9.96466e-01,9.99999e-01
2.701852549e+00,0.00000e+00,9.99999e-01,0.00000e+00,9.96536e-01,9.99999e-01
2.715361811e+00,0.00000e+00,9.99999e-01,0.00000e+00,9.96604e-01,9.99999e-01
2.728938620e+00,0.00000e+00,9.99999e-01,0.00000e+00,9.96671e-01,9.99999e-01
2.742583314e+00,0.00000e+00,9.99999e-01,0.00000e+00,9.96737e-01,9.99999e-01
2.756296230e+00,0.00000e+00,9.99999e-01,0.00000e+00,9.96801e-01,9.99999e-01
2.770077711e+00,0.00000e+00,9.99999e-01,0.00000e+00,9.96864e-01,9.99999e-01
2.783928100e+00,0.00000e+00,9.99999e-01,0.00000e+00,9.96926e-01,9.99999e-01
2.797847740e+00,0.00000e+00,9.99999e-01,0.00000e+00,9.96987e-01,9.99999e-01
2.811836979e+00,0.00000e+00,9.99999e-01,0.00000e+00,9.97046e-01,9.99999e-01
2.825896164e+00,0.00000e+00,9.99999e-01,0.00000e+00,9.97104e-01,9.99999e-01
2.840025645e+00,0.00000e+00,9.99999e-01,0.00000e+00,9.97161e-01,9.99999e-01
2.854225773e+00,0.00000e+00,9.99999e-01,0.00000e+00,9.97217e-01,9.99999e-01
2.868496902e+00,0.00000e+00,9.99999e-01,0.00000e+00,9.97272e-01,9.99999e-01
2.882839386e+00,0.00000e+00,9.99999e-01,0.00000e+00,9.97326e-01,9.99999e-01
2.897253583e+00,0.00000e+00,9.99999e-01,0.00000e+00,9.97379e-01,9.99999e-01
2.911739851e+00,0.00000e+00,9.99999e-01,0.00000e+00,9.97430e-01,9.99999e-01
2.926298550e+00,0.00000e+00,9.99999e-01,0.00000e+00,9.97481e-01,9.99999e-01
2.940930043e+00,0.00000e+00,9.99999e-01,0.00000e+00,9.97531e-01,9.99999e-01
2.955634693e+00,0.00000e+00,9.99999e-01,0.00000e+00,9.97579e-01,9.99999e-01
2.970412867e+00,0.00000e+00,9.99999e-01,0.00000e+00,9.97627e-01,9.99999e-01
2.985264931e+00,5.59221e-234,9.99999e-01,5.60524e-234,9.97674e-01,9.99999e-01
3.000191256e+00,4.17106e-183,9.99999e-01,4.18058e-183,9.97720e-01,9.99999e-01
3.015192212e+00,3.25352e-195,9.99999e-01,3.26080e-195,9.97765e-01,9.99999e-01
3.030268173e+00,7.13640e-158,9.99999e-01,7.15206e-158,9.97809e-01,9.99999e-01
3.045419514e+00,1.29404e-96,9.99999e-01,1.29682e-96,9.97852e-01,9.99999e-01
3.060646612e+00,5.37687e-45,9.99999e-01,5.38821e-45,9.97894e-01,9.99999e-01
3.075949845e+00,4.43009e-36,9.99999e-01,1.05094e-35,9.97936e-01,4.22409e-01
3.091329594e+00,6.67278e-35,9.99999e-01,5.53032e-34,9.97977e-01,1.20902e-01
3.106786242e+00,2.41697e-36,9.99999e-01,7.14278e-34,9.98017e-01,3.39051e-03
3.122320173e+00,9.31707e-31,9.99999e-01,4.96031e-24,9.98056e-01,1.88198e-07
3.137931774e+00,3.62968e-26,9.99999e-01,4.81278e-23,9.98094e-01,7.55613e-04
3.153621433e+00,3.79190e-25,9.99999e-01,2.55789e-24,9.98132e-01,1.48520e-01
3.169389540e+00,1.47956e-35,9.99999e-01,3.45885e-32,9.98168e-01,4.28545e-04
3.185236488e+00,1.46714e-31,9.99999e-01,4.81090e-26,9.98205e-01,3.05509e-06
3.201162670e+00,1.94814e-30,9.99999e-01,8.40663e-21,9.98240e-01,2.32146e-10
3.217168483e+00,1.93441e-33,9.99999e-01,1.44336e-19,9.98275e-01,1.34252e-14
3.233254326e+00,2.98420e-38,9.99999e-01,3.51585e-17,9.98309e-01,8.50220e-22
3.249420598e+00,4.98303e-45,9.99999e-01,2.05644e-10,9.98342e-01,2.42715e-35
3.265667701e+00,2.99390e-64,9.99999e-01,1.27368e-08,9.98375e-01,2.35442e-56
3.281996039e+00,3.10283e-94,9.99999e-01,7.52551e-07,9.98407e-01,4.12966e-88
3.298406019e+00,7.36390e-132,9.99999e-01,1.16494e-05,9.98438e-01,6.33114e-127
3.314898049e+00,2.01751e-182,9.99999e-01,1.87315e-05,9.98469e-01,1.07872e-177
3.331472540e+00,3.31293e-149,9.99999e-01,2.70554e-05,9.98499e-01,1.22634e-144
3.348129902e+00,2.12390e-108,9.99999e-01,2.32653e-04,9.98529e-01,9.14249e-105
3.364870552e+00,1.16350e-74,9.99999e-01,4.08787e-04,9.98558e-01,2.85033e-71
3.381694905e+00,3.13944e-47,9.99999e-01,8.88707e-04,9.98586e-01,3.53758e-44
3.398603379e+00,6.08332e-29,9.99999e-01,6.00399e-03,9.98614e-01,1.01462e-26
3.415596396e+00,7.49218e-18,9.99999e-01,9.02444e-03,9.98642e-01,8.31338e-16
3.432674378e+00,2.62279e-12,9.99999e-01,3.00269e-03,9.98668e-01,8.74644e-10
3.449837750e+00,8.68154e-09,9.99999e-01,9.55298e-05,9.98695e-01,9.09963e-05
3.467086939e+00,6.26175e-08,9.99999e-01,3.16688e-07,9.98720e-01,1.97979e-01
3.484422373e+00,7.91754e-10,9.99999e-01,1.03583e-09,9.98746e-01,7.65325e-01
3.501844485e+00,1.88720e-13,9.99999e-01,3.82705e-13,9.98770e-01,4.93728e-01
3.519353708e+00,6.43557e-16,9.99999e-01,6.44756e-16,9.98795e-01,9.99342e-01
3.536950476e+00,1.06108e-18,9.99999e-01,1.06366e-18,9.98818e-01,9.98747e-01
3.554635228e+00,3.80599e-19,9.99999e-01,3.82132e-19,9.98842e-01,9.97141e-01
3.572408405e+00,1.39877e-15,9.99999e-01,1.40707e-15,9.98865e-01,9.95231e-01
3.590270447e+00,6.37186e-15,9.99999e-01,6.39691e-15,9.98887e-01,9.97192e-01
3.608221799e+00,5.22773e-11,9.99999e-01,5.24200e-11,9.98909e-01,9.98365e-01
3.626262908e+00,1.68352e-06,9.99999e-01,1.68656e-06,9.98930e-01,9.99264e-01
3.644394222e+00,3.48295e-05,9.99999e-01,3.48943e-05,9.98952e-01,9.99189e-01
3.662616193e+00,3.63841e-03,9.99999e-01,3.64791e-03,9.98972e-01,9.98420e-01
3.680929274e+00,7.82730e-02,9.99999e-01,7.86933e-02,9.98992e-01,9.95660e-01
3.699333921e+00,3.27865e-01,9.99999e-01,3.30994e-01,9.99012e-01,9.91523e-01
3.717830590e+00,2.30001e-01,9.99999e-01,2.33887e-01,9.99032e-01,9.84334e-01
3.736419743e+00,1.39980e-02,9.99999e-01,1.43498e-02,9.99051e-01,9.76404e-01
3.755101842e+00,5.36284e-06,9.99999e-01,5.48784e-06,9.99070e-01,9.78132e-01
3.773877351e+00,1.84624e-12,9.99998e-01,1.87653e-12,9.99088e-01,9.84754e-01
3.792746738e+00,2.88742e-29,9.99998e-01,2.92059e-29,9.99106e-01,9.89524e-01
3.811710472e+00,1.63307e-19,9.99996e-01,1.65096e-19,9.99124e-01,9.90029e-01
3.830769024e+00,3.57086e-19,9.99995e-01,3.61364e-19,9.99141e-01,9.89009e-01
3.849922869e+00,2.09166e-26,9.99992e-01,2.12152e-26,9.99158e-01,9.86760e-01
3.869172484e+00,7.35088e-17,9.99989e-01,7.49232e-17,9.99174e-01,9.81936e-01
3.888518346e+00,4.55108e-08,9.99981e-01,4.67091e-08,9.99191e-01,9.75138e-01
3.907960938e+00,7.45708e-06,9.99977e-01,7.72275e-06,9.99207e-01,9.66377e-01
3.927500742e+00,4.40418e-06,9.99961e-01,4.60415e-06,9.99222e-01,9.57330e-01
3.947138246e+00,7.34709e-09,9.99946e-01,7.73411e-09,9.99238e-01,9.50702e-01
3.966873937e+00,3.56811e-13,9.99938e-01,3.79459e-13,9.99253e-01,9.41038e-01
3.986708307e+00,1.17873e-19,9.99901e-01,1.27404e-19,9.99267e-01,9.25894e-01
4.006641849e+00,8.55511e-35,9.99869e-01,9.44163e-35,9.99282e-01,9.06791e-01
4.026675058e+00,2.38741e-169,9.99891e-01,2.69916e-169,9.99296e-01,8.85167e-01
4.046808433e+00,0.00000e+00,9.99887e-01,0.00000e+00,9.99310e-01,8.62378e-01
4.067042475e+00,0.00000e+00,9.99841e-01,0.00000e+00,9.99324e-01,8.40055e-01
4.087377688e+00,0.00000e+00,9.99812e-01,0.00000e+00,9.99337e-01,8.19672e-01
4.107814576e+00,0.00000e+00,9.99781e-01,0.00000e+00,9.99350e-01,8.03323e-01
4.128353649e+00,0.00000e+00,9.99779e-01,0.00000e+00,9.99363e-01,7.92746e-01
4.148995417e+00,0.00000e+00,9.99845e-01,0.00000e+00,9.99375e-01,7.87906e-01
4.169740394e+00,0.00000e+00,9.99858e-01,0.00000e+00,9.99388e-01,7.88843e-01
4.190589096e+00,0.00000e+00,9.99869e-01,0.00000e+00,9.99400e-01,7.93389e-01
4.211542042e+00,0.00000e+00,9.99878e-01,0.00000e+00,9.99412e-01,7.94548e-01
4.232599752e+00,0.00000e+00,9.99925e-01,0.00000e+00,9.99423e-01,7.87077e-01
4.253762751e+00,0.00000e+00,9.99948e-01,0.00000e+00,9.99435e-01,7.64201e-01
4.275031564e+00,0.00000e+00,9.99913e-01,0.00000e+00,9.99446e-01,7.23498e-01
4.296406722e+00,0.00000e+00,9.99173e-01,0.00000e+00,9.99457e-01,7.11232e-01
4.317888756e+00,0.00000e+00,9.99839e-01,0.00000e+00,9.99467e-01,7.45892e-01
4.339478200e+00,0.00000e+00,9.99903e-01,0.00000e+00,9.99478e-01,7.94909e-01
4.361175591e+00,0.00000e+00,9.99921e-01,0.00000e+00,9.99488e-01,8.25369e-01
4.382981469e+00,0.00000e+00,9.99917e-01,0.00000e+00,9.99498e-01,8.41034e-01
4.404896376e+00,0.00000e+00,9.99884e-01,0.00000e+00,9.99508e-01,8.50017e-01
4.426920858e+00,0.00000e+00,9.99883e-01,0.00000e+00,9.99518e-01,8.57807e-01
4.449055462e+00,0.00000e+00,9.99919e-01,0.00000e+00,9.99527e-01,8.66638e-01
4.471300739e+00,0.00000e+00,9.99915e-01,0.00000e+00,9.99537e-01,8.77351e-01
4.493657243e+00,0.00000e+00,9.99925e-01,0.00000e+00,9.99546e-01,8.89834e-01
4.516125529e+00,0.00000e+00,9.99930e-01,0.00000e+00,9.99555e-01,9.03140e-01
4.538706157e+00,0.00000e+00,9.99917e-01,0.00000e+00,9.99563e-01,9.16930e-01
4.561399688e+00,0.00000e+00,9.99941e-01,0.00000e+00,9.99572e-01,9.30268e-01
4.584206686e+00,0.00000e+00,9.99954e-01,0.00000e+00,9.99580e-01,9.42551e-01
4.607127720e+00,0.00000e+00,9.99954e-01,0.00000e+00,9.99589e-01,9.53543e-01
4.630163358e+00,0.00000e+00,9.99971e-01,0.00000e+00,9.99597e-01,9.63094e-01
4.653314175e+00,0.00000e+00,9.99973e-01,0.00000e+00,9.99605e-01,9.70886e-01
4.676580746e+00,0.00000e+00,9.99974e-01,0.00000e+00,9.99613e-01,9.77199e-01
4.699963650e+00,0.00000e+00,9.99985e-01,0.00000e+00,9.99620e-01,9.82285e-01
4.723463468e+00,0.00000e+00,9.99983e-01,0.00000e+00,9.99628e-01,9.86292e-01
4.747080785e+00,0.00000e+00,9.99990e-01,0.00000e+00,9.99635e-01,9.89346e-01
4.770816189e+00,0.00000e+00,9.99991e-01,0.00000e+00,9.99642e-01,9.91755e-01
4.794670270e+00,0.00000e+00,9.99991e-01,0.00000e+00,9.99649e-01,9.93639e-01
4.818643622e+00,0.00000e+00,9.99995e-01,0.00000e+00,9.99656e-01,9.95136e-01
4.842736840e+00,0.00000e+00,9.99995e-01,0.00000e+00,9.99663e-01,9.96258e-01
4.866950524e+00,0.00000e+00,9.99997e-01,0.00000e+00,9.99670e-01,9.97088e-01
4.891285276e+00,0.00000e+00,9.99997e-01,0.00000e+00,9.99676e-01,9.97770e-01
4.915741703e+00,0.00000e+00,9.99998e-01,0.00000e+00,9.99682e-01,9.98292e-01
4.940320411e+00,0.00000e+00,9.99998e-01,0.00000e+00,9.99689e-01,9.98680e-01
4.965022013e+00,0.00000e+00,9.99998e-01,0.00000e+00,9.99695e-01,9.98989e-01
4.989847123e+00,0.00000e+00,9.99999e-01,0.00000e+00,9.99701e-01,9.99247e-01
5.014796359e+00,0.00000e+00,9.99999e-01,0.00000e+00,9.99707e-01,9.99464e-01
5.039870341e+00,0.00000e+00,9.99999e-01,0.00000e+00,9.99712e-01,9.99624e-01
5.065069693e+00,0.00000e+00,9.99999e-01,0.00000e+00,9.99718e-01,9.99752e-01
5.090395041e+00,0.00000e+00,9.99999e-01,0.00000e+00,9.99724e-01,9.99861e-01
5.115847016e+00,0.00000e+00,9.99999e-01,0.00000e+00,9.99729e-01,9.99918e-01
5.141426251e+00,0.00000e+00,9.99999e-01,0.00000e+00,9.99734e-01,9.99915e-01
5.167133383e+00,0.00000e+00,9.99999e-01,0.00000e+00,9.99740e-01,9.99968e-01
5.192969049e+00,0.00000e+00,9.99999e-01,0.00000e+00,9.99745e-01,9.99972e-01
5.218933895e+00,0.00000e+00,9.99999e-01,0.00000e+00,9.99750e-01,9.99937e-01
5.245028564e+00,0.00000e+00,9.99999e-01,0.00000e+00,9.99755e-01,9.99944e-01
5.271253707e+00,0.00000e+00,9.99999e-01,0.00000e+00,9.99760e-01,9.99958e-01
5.297609976e+00,0.00000e+00,9.99999e-01,0.00000e+00,9.99764e-01,9.99955e-01
5.324098025e+00,0.00000e+00,9.99999e-01,0.00000e+00,9.99769e-01,9.99976e-01
5.350718516e+00,0.00000e+00,9.99999e-01,0.00000e+00,9.99773e-01,9.99720e-01
5.377472108e+00,0.00000e+00,9.99999e-01,0.00000e+00,9.99778e-01,9.99760e-01
5.404359469e+00,0.00000e+00,9.99999e-01,0.00000e+00,9.99782e-01,9.99999e-01
5.431381266e+00,4.59619e-264,9.99999e-01,4.59717e-264,9.99787e-01,9.99999e-01
5.458538172e+00,9.09095e-193,9.99999e-01,9.09284e-193,9.99791e-01,9.99999e-01
5.485830863e+00,7.53531e-124,9.99999e-01,7.53685e-124,9.99795e-01,9.99999e-01
5.513260018e+00,1.65376e-91,9.99999e-01,1.65409e-91,9.99799e-01,9.99999e-01
5.540826318e+00,3.41651e-61,9.99999e-01,3.41718e-61,9.99803e-01,9.99999e-01
5.568530449e+00,1.53258e-46,9.99999e-01,1.55287e-46,9.99807e-01,9.87118e-01
5.596373101e+00,9.04899e-35,9.99999e-01,9.22698e-35,9.99811e-01,9.80894e-01
5.624354967e+00,1.39654e-30,9.99999e-01,1.43347e-30,9.99814e-01,9.74416e-01
5.652476742e+00,2.99116e-26,9.99999e-01,3.09769e-26,9.99818e-01,9.65783e-01
5.680739126e+00,1.69899e-23,9.99999e-01,1.77923e-23,9.99821e-01,9.55066e-01
5.709142821e+00,5.46375e-22,9.99999e-01,5.80729e-22,9.99825e-01,9.41006e-01
5.737688535e+00,1.33127e-22,9.99999e-01,1.44483e-22,9.99828e-01,9.21563e-01
5.766376978e+00,1.07772e-20,9.99999e-01,1.20066e-20,9.99832e-01,8.97761e-01
5.795208863e+00,2.74490e-15,9.99999e-01,3.16632e-15,9.99835e-01,8.67048e-01
5.824184907e+00,5.07310e-11,9.99999e-01,6.14564e-11,9.99838e-01,8.25611e-01
5.853305832e+00,2.36466e-11,9.99999e-01,3.04610e-11,9.99842e-01,7.76412e-01
5.882572361e+00,2.49490e-13,9.99999e-01,3.48722e-13,9.99845e-01,7.15552e-01
5.911985223e+00,1.14818e-11,9.99999e-01,1.78658e-11,9.99848e-01,6.42765e-01
5.941545149e+00,4.83198e-07,9.99999e-01,8.58494e-07,9.99851e-01,5.62927e-01
5.971252874e+00,1.26934e-04,9.99999e-01,2.71440e-04,9.99854e-01,4.67701e-01
6.001109139e+00,9.71628e-04,9.99999e-01,2.65078e-03,9.99856e-01,3.66596e-01
6.031114685e+00,2.59960e-04,9.99999e-01,9.58314e-04,9.99859e-01,2.71305e-01
6.061270258e+00,9.84061e-06,9.99999e-01,5.52604e-05,9.99862e-01,1.78101e-01
6.091576609e+00,1.31608e-07,9.99999e-01,1.28505e-06,9.99865e-01,1.02428e-01
6.122034492e+00,6.22331e-10,9.99999e-01,1.20336e-08,9.99867e-01,5.17230e-02
6.152644665e+00,1.23472e-12,9.99999e-01,5.80329e-11,9.99870e-01,2.12790e-02
6.183407888e+00,1.12035e-14,9.99999e-01,1.66945e-12,9.99873e-01,6.71172e-03
6.214324928e+00,7.62487e-16,9.99999e-01,5.07864e-13,9.99875e-01,1.50155e-03
6.245396552e+00,2.48657e-14,9.99999e-01,1.15304e-10,9.99877e-01,2.15680e-04
6.276623535e+00,6.20941e-14,9.99999e-01,3.53434e-09,9.99880e-01,1.75709e-05
6.308006653e+00,3.14256e-16,9.99999e-01,4.51067e-10,9.99882e-01,6.96775e-07
6.339546686e+00,3.39908e-21,9.99999e-01,3.01748e-13,9.99885e-01,1.12659e-08
6.371244419e+00,4.10008e-25,9.99999e-01,6.72470e-15,9.99887e-01,6.09773e-11
6.403100641e+00,6.01464e-24,9.99999e-01,4.16887e-11,9.99889e-01,1.44291e-13
6.435116145e+00,5.03162e-22,9.99999e-01,5.68884e-06,9.99891e-01,8.84566e-17
6.467291725e+00,2.90197e-25,9.99999e-01,2.33965e-03,9.99893e-01,1.24047e-22
6.499628184e+00,4.41870e-30,9.99999e-01,7.27417e-02,9.99895e-01,6.07513e-29
6.532126325e+00,2.33278e-36,9.99999e-01,2.32170e-01,9.99897e-01,1.00487e-35
6.564786956e+00,2.09658e-45,9.99999e-01,3.62857e-01,9.99899e-01,5.77854e-45
6.597610891e+00,3.54305e-55,9.99999e-01,4.34983e-01,9.99901e-01,8.14605e-55
6.630598946e+00,4.55606e-69,9.99999e-01,4.84282e-01,9.99903e-01,9.40876e-69
6.663751940e+00,8.22971e-84,9.99999e-01,4.83274e-01,9.99905e-01,1.70307e-83
6.697070700e+00,7.13798e-103,9.99999e-01,3.92703e-01,9.99907e-01,1.81782e-102
6.730556054e+00,6.51253e-123,9.99999e-01,2.68107e-01,9.99909e-01,2.42930e-122
6.764208834e+00,4.57938e-149,9.99999e-01,1.30174e-01,9.99911e-01,3.51819e-148
6.798029878e+00,1.01256e-182,9.99999e-01,4.58824e-02,9.99912e-01,2.20704e-181
6.832020027e+00,6.76271e-219,9.99999e-01,7.66256e-03,9.99914e-01,8.82640e-217
6.866180128e+00,1.25161e-269,9.99999e-01,5.96623e-04,9.99916e-01,2.09799e-266
6.900511028e+00,0.00000e+00,9.99999e-01,1.09107e-05,9.99917e-01,0.00000e+00
6.935013583e+00,0.00000e+00,9.99999e-01,1.74787e-08,9.99919e-01,0.00000e+00
6.969688651e+00,0.00000e+00,9.99999e-01,6.02806e-12,9.99921e-01,0.00000e+00
7.004537095e+00,0.00000e+00,9.99999e-01,8.41434e-18,9.99922e-01,0.00000e+00
7.039559780e+00,0.00000e+00,9.99999e-01,7.97419e-23,9.99924e-01,0.00000e+00
7.074757579e+00,0.00000e+00,9.99999e-01,1.28656e-30,9.99925e-01,0.00000e+00
7.110131367e+00,0.00000e+00,9.99999e-01,1.18526e-35,9.99927e-01,0.00000e+00
7.145682024e+00,0.00000e+00,9.99999e-01,4.98271e-42,9.99928e-01,0.00000e+00
7.181410434e+00,0.00000e+00,9.99999e-01,6.16290e-46,9.99929e-01,0.00000e+00
7.217317486e+00,0.00000e+00,9.99999e-01,5.16671e-48,9.99931e-01,0.00000e+00
7.253404073e+00,0.00000e+00,9.99999e-01,1.19595e-47,9.99932e-01,0.00000e+00
7.289671094e+00,0.00000e+00,9.99999e-01,4.94438e-38,9.99934e-01,0.00000e+00
7.326119449e+00,0.00000e+00,9.99999e-01,1.58793e-35,9.99935e-01,0.00000e+00
7.362750046e+00,0.00000e+00,9.99999e-01,7.53979e-39,9.99936e-01,0.00000e+00
7.399563797e+00,0.00000e+00,9.99999e-01,8.93082e-39,9.99937e-01,0.00000e+00
7.436561616e+00,0.00000e+00,9.99999e-01,1.88598e-32,9.99939e-01,0.00000e+00
7.473744424e+00,0.00000e+00,9.99999e-01,5.79978e-22,9.99940e-01,0.00000e+00
7.511113146e+00,0.00000e+00,9.99999e-01,1.05297e-15,9.99941e-01,0.00000e+00
7.548668712e+00,0.00000e+00,9.99999e-01,3.31344e-10,9.99942e-01,0.00000e+00
7.586412055e+00,0.00000e+00,9.99999e-01,4.20664e-08,9.99943e-01,0.00000e+00
7.624344115e+00,0.00000e+00,9.99999e-01,8.68119e-08,9.99944e-01,0.00000e+00
7.662465836e+00,0.00000e+00,9.99999e-01,2.94801e-09,9.99945e-01,0.00000e+00
7.700778165e+00,0.00000e+00,9.99999e-01,1.67680e-12,9.99946e-01,0.00000e+00
7.739282056e+00,0.00000e+00,9.99999e-01,1.52252e-19,9.99947e-01,0.00000e+00
7.777978466e+00,0.00000e+00,9.99999e-01,7.20994e-26,9.99948e-01,0.00000e+00
7.816868359e+00,0.00000e+00,9.99999e-01,3.58017e-34,9.99949e-01,0.00000e+00
7.855952700e+00,0.00000e+00,9.99999e-01,3.94609e-35,9.99950e-01,0.00000e+00
7.895232464e+00,0.00000e+00,9.99999e-01,1.08370e-29,9.99951e-01,0.00000e+00
7.934708626e+00,0.00000e+00,9.99999e-01,6.11295e-27,9.99952e-01,0.00000e+00
7.974382169e+00,0.00000e+00,9.99999e-01,4.78114e-30,9.99953e-01,0.00000e+00
8.014254080e+00,0.00000e+00,9.99999e-01,4.46665e-36,9.99954e-01,0.00000e+00
8.054325351e+00,0.00000e+00,9.99999e-01,2.31707e-36,9.99955e-01,8.24941e-320
8.094596977e+00,1.35529e-279,9.99999e-01,3.27839e-35,9.99956e-01,4.13418e-245
8.135069962e+00,3.91136e-224,9.99999e-01,6.18493e-32,9.99957e-01,6.32429e-193
8.175745312e+00,6.48157e-177,9.99999e-01,6.71068e-27,9.99958e-01,9.65897e-151
8.216624039e+00,5.13333e-140,9.99999e-01,3.52240e-23,9.99958e-01,1.45740e-117
8.257707159e+00,6.87324e-110,9.99999e-01,8.20090e-19,9.99959e-01,8.38140e-92
8.298995695e+00,2.67505e-86,9.99999e-01,1.21505e-16,9.99960e-01,2.20169e-70
8.340490673e+00,6.50140e-68,9.99999e-01,2.76387e-15,9.99961e-01,2.35237e-53
8.382193126e+00,4.92773e-54,9.99999e-01,2.42409e-14,9.99962e-01,2.03289e-40
8.424104092e+00,2.82544e-42,9.99999e-01,3.26648e-12,9.99962e-01,8.65010e-31
8.466224613e+00,1.71095e-32,9.99999e-01,1.15051e-09,9.99963e-01,1.48718e-23
8.508555736e+00,1.06343e-22,9.99999e-01,2.29152e-06,9.99964e-01,4.64085e-17
8.551098514e+00,2.67095e-16,9.99999e-01,1.99695e-04,9.99964e-01,1.33756e-12
8.593854007e+00,2.08421e-13,9.99999e-01,4.10903e-04,9.99965e-01,5.07244e-10
8.636823277e+00,5.33809e-12,9.99999e-01,9.56442e-05,9.99966e-01,5.58137e-08
8.680007393e+00,7.64765e-11,9.99999e-01,2.45059e-05,9.99966e-01,3.12084e-06
8.723407430e+00,8.10962e-10,9.99999e-01,1.17879e-05,9.99967e-01,6.87981e-05
8.767024467e+00,2.81741e-10,9.99999e-01,4.57951e-07,9.99968e-01,6.15238e-04
8.810859590e+00,8.05794e-23,9.99999e-01,2.41819e-20,9.99968e-01,3.33232e-03
8.854913888e+00,3.01372e-68,9.99999e-01,2.19273e-66,9.99969e-01,1.37445e-02
8.899188457e+00,0.00000e+00,9.99999e-01,0.00000e+00,9.99970e-01,3.71359e-02
8.943684399e+00,0.00000e+00,9.99999e-01,0.00000e+00,9.99970e-01,7.93814e-02
8.988402821e+00,0.00000e+00,9.99999e-01,0.00000e+00,9.99971e-01,1.43160e-01
9.033344836e+00,0.00000e+00,9.99999e-01,0.00000e+00,9.99971e-01,2.24399e-01
9.078511560e+00,0.00000e+00,9.99999e-01,0.00000e+00,9.99972e-01,3.17843e-01
9.123904118e+00,0.00000e+00,9.99999e-01,0.00000e+00,9.99972e-01,4.14467e-01
9.169523638e+00,0.00000e+00,9.99999e-01,0.00000e+00,9.99973e-01,5.08969e-01
9.215371256e+00,0.00000e+00,9.99999e-01,0.00000e+00,9.99973e-01,5.95145e-01
9.261448113e+00,0.00000e+00,9.99999e-01,0.00000e+00,9.99974e-01,6.71727e-01
9.307755353e+00,0.00000e+00,9.99999e-01,0.00000e+00,9.99974e-01,7.31364e-01
9.354294130e+00,0.00000e+00,9.99999e-01,0.00000e+00,9.99975e-01,7.86325e-01
9.401065601e+00,0.00000e+00,9.99999e-01,0.00000e+00,9.99975e-01,8.31669e-01
9.448070929e+00,0.00000e+00,9.99999e-01,0.00000e+00,9.99976e-01,8.65075e-01
9.495311283e+00,0.00000e+00,9.99999e-01,0.00000e+00,9.99976e-01,8.92291e-01
9.542787840e+00,0.00000e+00,9.99999e-01,0.00000e+00,9.99977e-01,9.16172e-01
9.590501779e+00,0.00000e+00,9.99999e-01,0.00000e+00,9.99977e-01,9.35078e-01
9.638454288e+00,0.00000e+00,9.99999e-01,0.00000e+00,9.99978e-01,9.48592e-01
9.686646559e+00,0.00000e+00,9.99999e-01,0.00000e+00,9.99978e-01,9.59357e-01
9.735079792e+00,0.00000e+00,9.99999e-01,0.00000e+00,9.99978e-01,9.67902e-01
9.783755191e+00,0.00000e+00,9.99999e-01,0.00000e+00,9.99979e-01,9.74674e-01
9.832673967e+00,0.00000e+00,9.99999e-01,0.00000e+00,9.99979e-01,9.80034e-01
9.881837337e+00,0.00000e+00,9.99999e-01,0.00000e+00,9.99980e-01,9.84621e-01
9.931246523e+00,0.00000e+00,9.99999e-01,0.00000e+00,9.99980e-01,9.88189e-01
9.980902756e+00,0.00000e+00,9.99999e-01,0.00000e+00,9.99980e-01,9.99999e-01
1.003080727e+01,0.00000e+00,9.99999e-01,0.00000e+00,9.99981e-01,9.99999e-01
1.008096131e+01,0.00000e+00,9.99999e-01,0.00000e+00,9.99981e-01,9.99999e-01
1.013136611e+01,0.00000e+00,9.99999e-01,0.00000e+00,9.99981e-01,9.99999e-01
1.018202294e+01,0.00000e+00,9.99999e-01,0.00000e+00,9.99982e-01,9.99999e-01
1.023293306e+01,0.00000e+00,9.99999e-01,0.00000e+00,9.99982e-01,9.99999e-01
1.028409772e+01,0.00000e+00,9.99999e-01,0.00000e+00,9.99982e-01,9.99999e-01
1.033551821e+01,0.00000e+00,9.99999e-01,0.00000e+00,9.99983e-01,9.99999e-01
1.038719580e+01,0.00000e+00,9.99999e-01,0.00000e+00,9.99983e-01,9.99999e-01
1.043913178e+01,0.00000e+00,9.99999e-01,0.00000e+00,9.99983e-01,9.99999e-01
1.049132744e+01,0.00000e+00,9.99999e-01,0.00000e+00,9.99984e-01,9.99999e-01
1.054378408e+01,0.00000e+00,9.99999e-01,0.00000e+00,9.99984e-01,9.99999e-01
1.059650300e+01,0.00000e+00,9.99999e-01,0.00000e+00,9.99984e-01,9.99999e-01
1.064948551e+01,0.00000e+00,9.99999e-01,0.00000e+00,9.99985e-01,9.99999e-01
1.070273294e+01,0.00000e+00,9.99999e-01,0.00000e+00,9.99985e-01,9.99999e-01
1.075624661e+01,0.00000e+00,9.99999e-01,0.00000e+00,9.99985e-01,9.99999e-01
1.081002784e+01,0.00000e+00,9.99999e-01,0.00000e+00,9.99985e-01,9.99999e-01
1.086407798e+01,0.00000e+00,9.99999e-01,0.00000e+00,9.99986e-01,9.99999e-01
1.091839837e+01,0.00000e+00,9.99999e-01,0.00000e+00,9.99986e-01,9.99999e-01
1.097299036e+01,0.00000e+00,9.99999e-01,0.00000e+00,9.99986e-01,9.99999e-01
1.102785531e+01,0.00000e+00,9.99999e-01,0.00000e+00,9.99987e-01,9.99999e-01
1.108299459e+01,0.00000e+00,9.99999e-01,0.00000e+00,9.99987e-01,9.99999e-01
1.113840956e+01,0.00000e+00,9.99999e-01,0.00000e+00,9.99987e-01,9.99999e-01
1.119410161e+01,0.00000e+00,9.99999e-01,0.00000e+00,9.99987e-01,9.99999e-01
1.125007212e+01,0.00000e+00,9.99999e-01,0.00000e+00,9.99987e-01,9.99999e-01
1.130632248e+01,0.00000e+00,9.99999e-01,0.00000e+00,9.99988e-01,9.99999e-01
1.136285409e+01,0.00000e+00,9.99999e-01,0.00000e+00,9.99988e-01,9.99999e-01
1.141966836e+01,0.00000e+00,9.99999e-01,0.00000e+00,9.99988e-01,9.99999e-01
1.147676670e+01,0.00000e+00,9.99999e-01,0.00000e+00,9.99988e-01,9.99999e-01
1.153415054e+01,0.00000e+00,9.99999e-01,0.00000e+00,9.99989e-01,9.99999e-01
1.159182129e+01,0.00000e+00,9.99999e-01,0.00000e+00,9.99989e-01,9.99999e-01
1.164978039e+01,0.00000e+00,9.99999e-01,0.00000e+00,9.99989e-01,9.99999e-01
1.170802930e+01,0.00000e+00,9.99999e-01,0.00000e+00,9.99989e-01,9.99999e-01
1.176656944e+01,0.00000e+00,9.99999e-01,0.00000e+00,9.99989e-01,9.99999e-01
1.182540229e+01,0.00000e+00,9.99999e-01,0.00000e+00,9.99990e-01,9.99999e-01
1.188452930e+01,0.00000e+00,9.99999e-01,0.00000e+00,9.99990e-01,9.99999e-01
1.194395195e+01,0.00000e+00,9.99999e-01,0.00000e+00,9.99990e-01,9.99999e-01
1.200367171e+01,0.00000e+00,9.99999e-01,0.00000e+00,9.99990e-01,9.99999e-01
1.206369007e+01,0.00000e+00,9.99999e-01,0.00000e+00,9.99990e-01,9.99999e-01
1.212400852e+01,0.00000e+00,9.99999e-01,0.00000e+00,9.99990e-01,9.99999e-01
1.218462856e+01,0.00000e+00,9.99999e-01,0.00000e+00,9.99991e-01,9.99999e-01
1.224555170e+01,0.00000e+00,9.99999e-01,0.00000e+00,9.99991e-01,9.99999e-01
1.230677946e+01,0.00000e+00,9.99999e-01,0.00000e+00,9.99991e-01,9.99999e-01
1.236831336e+01,0.00000e+00,9.99999e-01,0.00000e+00,9.99991e-01,9.99999e-01
1.243015492e+01,0.00000e+00,9.99999e-01,0.00000e+00,9.99991e-01,9.99999e-01
1.249230570e+01,0.00000e+00,9.99999e-01,0.00000e+00,9.99991e-01,9.99999e-01
1.255476723e+01,0.00000e+00,9.99999e-01,0.00000e+00,9.99992e-01,9.99999e-01
1.261754106e+01,0.00000e+00,9.99999e-01,0.00000e+00,9.99992e-01,9.99999e-01
1.268062877e+01,0.00000e+00,9.99999e-01,0.00000e+00,9.99992e-01,9.99999e-01
1.274403191e+01,0.00000e+00,9.99999e-01,0.00000e+00,9.99992e-01,9.99999e-01
1.280775207e+01,0.00000e+00,9.99999e-01,0.00000e+00,9.99992e-01,9.99999e-01
1.287179083e+01,0.00000e+00,9.99999e-01,0.00000e+00,9.99992e-01,9.99999e-01
1.293614979e+01,0.00000e+00,9.99999e-01,0.00000e+00,9.99992e-01,9.99999e-01
1.300083054e+01,0.00000e+00,9.99999e-01,0.00000e+00,9.99993e-01,9.99999e-01
1.306583469e+01,0.00000e+00,9.99999e-01,0.00000e+00,9.99993e-01,9.99999e-01
1.313116386e+01,0.00000e+00,9.99999e-01,0.00000e+00,9.99993e-01,9.99999e-01
1.319681968e+01,0.00000e+00,9.99999e-01,0.00000e+00,9.99993e-01,9.99999e-01
1.326280378e+01,0.00000e+00,9.99999e-01,0.00000e+00,9.99993e-01,9.99999e-01
1.332911780e+01,0.00000e+00,9.99999e-01,0.00000e+00,9.99993e-01,9.99999e-01
1.339576339e+01,0.00000e+00,9.99999e-01,0.00000e+00,9.99993e-01,9.96788e-01
1.346274221e+01,0.00000e+00,9.99999e-01,0.00000e+00,9.99993e-01,9.96459e-01
1.353005592e+01,0.00000e+00,9.99999e-01,0.00000e+00,9.99993e-01,9.96095e-01
1.359770620e+01,0.00000e+00,9.99999e-01,0.00000e+00,9.99994e-01,9.95747e-01
1.366569473e+01,0.00000e+00,9.99999e-01,0.00000e+00,9.99994e-01,9.95367e-01
1.373402320e+01,0.00000e+00,9.99999e-01,0.00000e+00,9.99994e-01,9.94891e-01
1.380269332e+01,0.00000e+00,9.99999e-01,0.00000e+00,9.99994e-01,9.94437e-01
1.387170678e+01,0.00000e+00,9.99999e-01,0.00000e+00,9.99994e-01,9.93940e-01
1.394106532e+01,0.00000e+00,9.99999e-01,0.00000e+00,9.99994e-01,9.93401e-01
1.401077064e+01,0.00000e+00,9.99999e-01,0.00000e+00,9.99994e-01,9.92812e-01
1.408082450e+01,0.00000e+00,9.99999e-01,0.00000e+00,9.99994e-01,9.92173e-01
1.415122862e+01,0.00000e+00,9.99999e-01,0.00000e+00,9.99994e-01,9.91475e-01
1.422198476e+01,0.00000e+00,9.99999e-01,0.00000e+00,9.99994e-01,9.90720e-01
1.429309469e+01,0.00000e+00,9.99999e-01,0.00000e+00,9.99995e-01,9.89892e-01
1.436456016e+01,0.00000e+00,9.99999e-01,0.00000e+00,9.99995e-01,9.88996e-01
1.443638296e+01,0.00000e+00,9.99999e-01,0.00000e+00,9.99995e-01,9.88018e-01
1.450856487e+01,0.00000e+00,9.99999e-01,0.00000e+00,9.99995e-01,9.86955e-01
1.458110770e+01,0.00000e+00,9.99999e-01,0.00000e+00,9.99995e-01,9.85797e-01
1.465401324e+01,0.00000e+00,9.99999e-01,0.00000e+00,9.99995e-01,9.84541e-01
1.472728330e+01,0.00000e+00,9.99999e-01,0.00000e+00,9.99995e-01,9.83169e-01
1.480091972e+01,0.00000e+00,9.99999e-01,0.00000e+00,9.99995e-01,9.81685e-01
1.487492432e+01,0.00000e+00,9.99999e-01,0.00000e+00,9.99995e-01,9.80306e-01
1.494929894e+01,0.00000e+00,9.99999e-01,0.00000e+00,9.99995e-01,9.78565e-01
1.502404544e+01,0.00000e+00,9.99999e-01,0.00000e+00,9.99995e-01,9.76681e-01
1.509916566e+01,0.00000e+00,9.99999e-01,0.00000e+00,9.99995e-01,9.74930e-01
1.517466149e+01,0.00000e+00,9.99999e-01,0.00000e+00,9.99996e-01,9.73052e-01
1.525053480e+01,0.00000e+00,9.99999e-01,0.00000e+00,9.99996e-01,9.70678e-01
1.532678747e+01,0.00000e+00,9.99999e-01,0.00000e+00,9.99996e-01,9.68114e-01
1.540342141e+01,0.00000e+00,9.99999e-01,0.00000e+00,9.99996e-01,9.63019e-01
1.548043852e+01,0.00000e+00,9.99999e-01,0.00000e+00,9.99996e-01,9.60286e-01
1.555784071e+01,0.00000e+00,9.99999e-01,0.00000e+00,9.99996e-01,9.56983e-01
1.563562991e+01,0.00000e+00,9.99999e-01,0.00000e+00,9.99996e-01,9.53418e-01
1.571380806e+01,0.00000e+00,9.99999e-01,0.00000e+00,9.99996e-01,9.50109e-01
1.579237710e+01,0.00000e+00,9.99999e-01,0.00000e+00,9.99996e-01,9.46564e-01
1.587133899e+01,0.00000e+00,9.99999e-01,0.00000e+00,9.99996e-01,9.42772e-01
1.595069568e+01,0.00000e+00,9.99999e-01,0.00000e+00,9.99996e-01,9.38718e-01
1.603044916e+01,0.00000e+00,9.99999e-01,0.00000e+00,9.99996e-01,9.33639e-01
1.611060141e+01,0.00000e+00,9.99999e-01,0.00000e+00,9.99996e-01,9.28167e-01
1.619115441e+01,0.00000e+00,9.99999e-01,0.00000e+00,9.99996e-01,9.23099e-01
1.627211019e+01,0.00000e+00,9.99999e-01,0.00000e+00,9.99996e-01,9.17690e-01
1.635347074e+01,0.00000e+00,9.99999e-01,0.00000e+00,9.99996e-01,9.11914e-01
1.643523809e+01,0.00000e+00,9.99999e-01,0.00000e+00,9.99996e-01,9.05745e-01
1.651741428e+01,0.00000e+00,9.99999e-01,0.00000e+00,9.99997e-01,8.99160e-01
1.660000135e+01,0.00000e+00,9.99999e-01,0.00000e+00,9.99997e-01,8.92169e-01
1.668300136e+01,0.00000e+00,9.99999e-01,0.00000e+00,9.99997e-01,8.84681e-01
1.676641637e+01,0.00000e+00,9.99999e-01,0.00000e+00,9.99997e-01,8.76713e-01
1.685024845e+01,0.00000e+00,9.99999e-01,0.00000e+00,9.99997e-01,8.68226e-01
1.693449969e+01,0.00000e+00,9.99999e-01,0.00000e+00,9.99997e-01,8.59208e-01
1.701917219e+01,0.00000e+00,9.99999e-01,0.00000e+00,9.99997e-01,8.49621e-01
1.710426805e+01,0.00000e+00,9.99999e-01,0.00000e+00,9.99997e-01,8.39438e-01
1.718978939e+01,0.00000e+00,9.99999e-01,0.00000e+00,9.99997e-01,8.30465e-01
1.727573834e+01,0.00000e+00,9.99999e-01,0.00000e+00,9.99997e-01,8.21030e-01
1.736211703e+01,0.00000e+00,9.99999e-01,0.00000e+00,9.99997e-01,8.09138e-01
1.744892761e+01,0.00000e+00,9.99999e-01,0.00000e+00,9.99997e-01,7.96520e-01
1.753617225e+01,0.00000e+00,9.99999e-01,0.00000e+00,9.99997e-01,7.83201e-01
1.762385311e+01,0.00000e+00,9.99999e-01,0.00000e+00,9.99997e-01,7.69144e-01
1.771197238e+01,0.00000e+00,9.99999e-01,0.00000e+00,9.99997e-01,7.54309e-01
1.780053224e+01,0.00000e+00,9.99999e-01,0.00000e+00,9.99997e-01,7.41344e-01
1.788953490e+01,0.00000e+00,9.99999e-01,0.00000e+00,9.99997e-01,7.27809e-01
1.797898258e+01,0.00000e+00,9.99999e-01,0.00000e+00,9.99997e-01,7.10835e-01
1.806887749e+01,0.00000e+00,9.99999e-01,0.00000e+00,9.99997e-01,6.93042e-01
1.815922188e+01,0.00000e+00,9.99999e-01,0.00000e+00,9.99997e-01,6.77582e-01
1.825001799e+01,0.00000e+00,9.99999e-01,0.00000e+00,9.99997e-01,6.61517e-01
1.834126808e+01,0.00000e+00,9.99999e-01,0.00000e+00,9.99997e-01,6.41522e-01
1.843297442e+01,0.00000e+00,9.99999e-01,0.00000e+00,9.99997e-01,6.20724e-01
1.852513929e+01,0.00000e+00,9.99999e-01,0.00000e+00,9.99997e-01,6.02791e-01
1.861776499e+01,0.00000e+00,9.99999e-01,0.00000e+00,9.99997e-01,5.84253e-01
1.871085381e+01,0.00000e+00,9.99999e-01,0.00000e+00,9.99997e-01,5.61382e-01
1.880440808e+01,0.00000e+00,9.99999e-01,0.00000e+00,9.99998e-01,5.41803e-01
1.889843012e+01,0.00000e+00,9.99999e-01,0.00000e+00,9.99998e-01,5.21695e-01
1.899292227e+01,0.00000e+00,9.99999e-01,0.00000e+00,9.99998e-01,4.97093e-01
1.908788688e+01,0.00000e+00,9.99999e-01,0.00000e+00,9.99998e-01,4.76197e-01
1.918332632e+01,0.00000e+00,9.99999e-01,0.00000e+00,9.99998e-01,4.54887e-01
1.927924295e+01,0.00000e+00,9.99999e-01,0.00000e+00,9.99998e-01,4.33405e-01
1.937563916e+01,0.00000e+00,9.99999e-01,0.00000e+00,9.99998e-01,4.11606e-01
1.947251736e+01,0.00000e+00,9.99999e-01,0.00000e+00,9.99998e-01,3.89771e-01
1.956987994e+01,0.00000e+00,9.99999e-01,0.00000e+00,9.99998e-01,3.67794e-01
1.966772934e+01,0.00000e+00,9.99999e-01,0.00000e+00,9.99998e-01,3.41447e-01
1.976606799e+01,0.00000e+00,9.99999e-01,0.00000e+00,9.99998e-01,3.19659e-01
1.986489833e+01,0.00000e+00,9.99999e-01,0.00000e+00,9.99998e-01,2.97984e-01
1.996422282e+01,0.00000e+00,9.99999e-01,0.00000e+00,9.99998e-01,2.76713e-01
