#,Wave/freq,Total,H2O,Rayleigh,CIA
4.000000000e-01,9.99910e-01,9.99986e-01,9.99923e-01,9.99999e-01
4.020000000e-01,9.99916e-01,9.99991e-01,9.99924e-01,9.99999e-01
4.040100000e-01,9.99923e-01,9.99996e-01,9.99926e-01,9.99999e-01
4.060300500e-01,9.99927e-01,9.99998e-01,9.99927e-01,9.99999e-01
4.080602003e-01,9.99929e-01,9.99999e-01,9.99929e-01,9.99999e-01
4.101005013e-01,9.99930e-01,9.99999e-01,9.99930e-01,9.99999e-01
4.121510038e-01,9.99931e-01,9.99999e-01,9.99932e-01,9.99999e-01
4.142117588e-01,9.99929e-01,9.99996e-01,9.99933e-01,9.99999e-01
4.162828176e-01,9.99918e-01,9.99983e-01,9.99934e-01,9.99999e-01
4.183642317e-01,9.99926e-01,9.99990e-01,9.99935e-01,9.99999e-01
4.204560528e-01,9.99931e-01,9.99993e-01,9.99937e-01,9.99999e-01
4.225583331e-01,9.99936e-01,9.99997e-01,9.99938e-01,9.99999e-01
4.246711247e-01,9.99937e-01,9.99997e-01,9.99939e-01,9.99999e-01
4.267944804e-01,9.99938e-01,9.99996e-01,9.99940e-01,9.99999e-01
4.289284528e-01,9.99940e-01,9.99997e-01,9.99941e-01,9.99999e-01
4.310730950e-01,9.99942e-01,9.99998e-01,9.99943e-01,9.99999e-01
4.332284605e-01,9.99944e-01,9.99999e-01,9.99944e-01,9.99999e-01
4.353946028e-01,9.99945e-01,9.99999e-01,9.99945e-01,9.99999e-01
4.375715758e-01,9.99944e-01,9.99997e-01,9.99946e-01,9.99999e-01
4.397594337e-01,9.99933e-01,9.99985e-01,9.99947e-01,9.99999e-01
4.419582309e-01,9.99878e-01,9.99929e-01,9.99948e-01,9.99999e-01
4.441680220e-01,9.99893e-01,9.99943e-01,9.99949e-01,9.99999e-01
4.463888621e-01,9.99892e-01,9.99941e-01,9.99950e-01,9.99999e-01
4.486208064e-01,9.99915e-01,9.99963e-01,9.99951e-01,9.99999e-01
4.508639105e-01,9.99935e-01,9.99982e-01,9.99952e-01,9.99999e-01
4.531182300e-01,9.99946e-01,9.99992e-01,9.99953e-01,9.99999e-01
4.553838212e-01,9.99949e-01,9.99995e-01,9.99954e-01,9.99999e-01
4.576607403e-01,9.99953e-01,9.99997e-01,9.99955e-01,9.99999e-01
4.599490440e-01,9.99954e-01,9.99998e-01,9.99955e-01,9.99999e-01
4.622487892e-01,9.99956e-01,9.99999e-01,9.99956e-01,9.99999e-01
4.645600332e-01,9.99956e-01,9.99998e-01,9.99957e-01,9.99999e-01
4.668828333e-01,9.99941e-01,9.99982e-01,9.99958e-01,9.99999e-01
4.692172475e-01,9.99923e-01,9.99963e-01,9.99959e-01,9.99999e-01
4.715633337e-01,9.99936e-01,9.99975e-01,9.99960e-01,9.99999e-01
4.739211504e-01,9.99938e-01,9.99976e-01,9.99960e-01,9.99999e-01
4.762907561e-01,9.99949e-01,9.99987e-01,9.99961e-01,9.99999e-01
4.786722099e-01,9.99957e-01,9.99994e-01,9.99962e-01,9.99999e-01
4.810655710e-01,9.99961e-01,9.99998e-01,9.99963e-01,9.99999e-01
4.834708988e-01,9.99950e-01,9.99985e-01,9.99963e-01,9.99999e-01
4.858882533e-01,9.99938e-01,9.99973e-01,9.99964e-01,9.99999e-01
4.883176946e-01,9.99943e-01,9.99978e-01,9.99965e-01,9.99999e-01
4.907592831e-01,9.99946e-01,9.99980e-01,9.99965e-01,9.99999e-01
4.932130795e-01,9.99952e-01,9.99985e-01,9.99966e-01,9.99999e-01
4.956791449e-01,9.99959e-01,9.99992e-01,9.99967e-01,9.99999e-01
4.981575406e-01,9.99931e-01,9.99963e-01,9.99967e-01,9.99999e-01
5.006483283e-01,9.99875e-01,9.99906e-01,9.99968e-01,9.99999e-01
5.031515699e-01,9.99492e-01,9.99522e-01,9.99969e-01,9.99999e-01
5.056673278e-01,9.99717e-01,9.99747e-01,9.99969e-01,9.99999e-01
5.081956644e-01,9.99652e-01,9.99681e-01,9.99970e-01,9.99999e-01
5.107366428e-01,9.99755e-01,9.99784e-01,9.99970e-01,9.99999e-01
5.132903260e-01,9.99848e-01,9.99876e-01,9.99971e-01,9.99999e-01
5.158567776e-01,9.99919e-01,9.99947e-01,9.99972e-01,9.99999e-01
5.184360615e-01,9.99951e-01,9.99978e-01,9.99972e-01,9.99999e-01
5.210282418e-01,9.99965e-01,9.99991e-01,9.99973e-01,9.99999e-01
5.236333830e-01,9.99942e-01,9.99968e-01,9.99973e-01,9.99999e-01
5.262515499e-01,9.99954e-01,9.99980e-01,9.99974e-01,9.99999e-01
5.288828077e-01,9.99956e-01,9.99981e-01,9.99974e-01,9.99999e-01
5.315272217e-01,9.99959e-01,9.99983e-01,9.99975e-01,9.99999e-01
5.341848578e-01,9.99965e-01,9.99989e-01,9.99975e-01,9.99999e-01
5.368557821e-01,9.99940e-01,9.99963e-01,9.99976e-01,9.99999e-01
5.395400610e-01,9.99846e-01,9.99869e-01,9.99976e-01,9.99999e-01
5.422377613e-01,9.99807e-01,9.99830e-01,9.99976e-01,9.99999e-01
5.449489501e-01,9.99820e-01,9.99842e-01,9.99977e-01,9.99999e-01
5.476736949e-01,9.99838e-01,9.99859e-01,9.99977e-01,9.99999e-01
5.504120634e-01,9.99877e-01,9.99898e-01,9.99978e-01,9.99999e-01
5.531641237e-01,9.99927e-01,9.99948e-01,9.99978e-01,9.99999e-01
5.559299443e-01,9.99954e-01,9.99974e-01,9.99979e-01,9.99999e-01
5.587095940e-01,9.99964e-01,9.99984e-01,9.99979e-01,9.99999e-01
5.615031420e-01,9.99962e-01,9.99982e-01,9.99979e-01,9.99999e-01
5.643106577e-01,9.99961e-01,9.99980e-01,9.99980e-01,9.99999e-01
5.671322110e-01,9.99747e-01,9.99766e-01,9.99980e-01,9.99999e-01
5.699678720e-01,9.99728e-01,9.99746e-01,9.99981e-01,9.99999e-01
5.728177114e-01,9.99720e-01,9.99738e-01,9.99981e-01,9.99999e-01
5.756818000e-01,9.99741e-01,9.99759e-01,9.99981e-01,9.99999e-01
5.785602090e-01,9.99772e-01,9.99790e-01,9.99982e-01,9.99999e-01
5.814530100e-01,9.99772e-01,9.99789e-01,9.99982e-01,9.99999e-01
5.843602750e-01,9.99734e-01,9.99750e-01,9.99982e-01,9.99999e-01
5.872820764e-01,9.97834e-01,9.97851e-01,9.99983e-01,9.99999e-01
5.902184868e-01,9.97364e-01,9.97380e-01,9.99983e-01,9.99999e-01
5.931695792e-01,9.98136e-01,9.98152e-01,9.99983e-01,9.99999e-01
5.961354271e-01,9.97956e-01,9.97971e-01,9.99984e-01,9.99999e-01
5.991161043e-01,9.98504e-01,9.98519e-01,9.99984e-01,9.99999e-01
6.021116848e-01,9.99144e-01,9.99158e-01,9.99984e-01,9.99999e-01
6.051222432e-01,9.99559e-01,9.99574e-01,9.99984e-01,9.99999e-01
6.081478544e-01,9.99801e-01,9.99816e-01,9.99985e-01,9.99999e-01
6.111885937e-01,9.99907e-01,9.99921e-01,9.99985e-01,9.99999e-01
6.142445367e-01,9.99951e-01,9.99964e-01,9.99985e-01,9.99999e-01
6.173157594e-01,9.99967e-01,9.99980e-01,9.99986e-01,9.99999e-01
6.204023382e-01,9.99970e-01,9.99983e-01,9.99986e-01,9.99999e-01
6.235043498e-01,9.99916e-01,9.99929e-01,9.99986e-01,9.99999e-01
6.266218716e-01,9.99610e-01,9.99623e-01,9.99986e-01,9.99999e-01
6.297549810e-01,9.99849e-01,9.99861e-01,9.99987e-01,9.99999e-01
6.329037559e-01,9.99714e-01,9.99726e-01,9.99987e-01,9.99999e-01
6.360682746e-01,9.99755e-01,9.99767e-01,9.99987e-01,9.99999e-01
6.392486160e-01,9.99686e-01,9.99698e-01,9.99987e-01,9.99999e-01
6.424448591e-01,9.99587e-01,9.99599e-01,9.99988e-01,9.99999e-01
6.456570834e-01,9.98128e-01,9.98140e-01,9.99988e-01,9.99999e-01
6.488853688e-01,9.98380e-01,9.98391e-01,9.99988e-01,9.99999e-01
6.521297956e-01,9.98589e-01,9.98600e-01,9.99988e-01,9.99999e-01
6.553904446e-01,9.98607e-01,9.98618e-01,9.99988e-01,9.99999e-01
6.586673968e-01,9.98796e-01,9.98806e-01,9.99989e-01,9.99999e-01
6.619607338e-01,9.99299e-01,9.99310e-01,9.99989e-01,9.99999e-01
6.652705375e-01,9.99589e-01,9.99599e-01,9.99989e-01,9.99999e-01
6.685968902e-01,9.99804e-01,9.99813e-01,9.99989e-01,9.99999e-01
6.719398746e-01,9.99903e-01,9.99913e-01,9.99989e-01,9.99999e-01
6.752995740e-01,9.99943e-01,9.99953e-01,9.99990e-01,9.99999e-01
6.786760719e-01,9.99923e-01,9.99932e-01,9.99990e-01,9.99999e-01
6.820694522e-01,9.99875e-01,9.99884e-01,9.99990e-01,9.99999e-01
6.854797995e-01,9.99843e-01,9.99851e-01,9.99990e-01,9.99999e-01
6.889071985e-01,9.99637e-01,9.99645e-01,9.99990e-01,9.99999e-01
6.923517345e-01,9.94169e-01,9.94178e-01,9.99991e-01,9.99999e-01
6.958134932e-01,9.96915e-01,9.96923e-01,9.99991e-01,9.99999e-01
6.992925606e-01,9.97113e-01,9.97121e-01,9.99991e-01,9.99999e-01
7.027890234e-01,9.96417e-01,9.96425e-01,9.99991e-01,9.99999e-01
7.063029686e-01,9.96989e-01,9.96996e-01,9.99991e-01,9.99999e-01
7.098344834e-01,9.97110e-01,9.97118e-01,9.99991e-01,9.99999e-01
7.133836558e-01,9.96187e-01,9.96194e-01,9.99991e-01,9.99999e-01
7.169505741e-01,9.69518e-01,9.69526e-01,9.99992e-01,9.99999e-01
7.205353270e-01,9.84783e-01,9.84790e-01,9.99992e-01,9.99999e-01
7.241380036e-01,9.80936e-01,9.80943e-01,9.99992e-01,9.99999e-01
7.277586936e-01,9.82768e-01,9.82775e-01,9.99992e-01,9.99999e-01
7.313974871e-01,9.81616e-01,9.81623e-01,9.99992e-01,9.99999e-01
7.350544745e-01,9.89936e-01,9.89943e-01,9.99992e-01,9.99999e-01
7.387297469e-01,9.92584e-01,9.92590e-01,9.99992e-01,9.99999e-01
7.424233956e-01,9.96357e-01,9.96363e-01,9.99993e-01,9.99999e-01
7.461355126e-01,9.97792e-01,9.97798e-01,9.99993e-01,9.99999e-01
7.498661902e-01,9.98966e-01,9.98972e-01,9.99993e-01,9.99999e-01
7.536155211e-01,9.99490e-01,9.99496e-01,9.99993e-01,9.99999e-01
7.573835987e-01,9.99734e-01,9.99740e-01,9.99993e-01,9.99999e-01
7.611705167e-01,9.99832e-01,9.99838e-01,9.99993e-01,9.99999e-01
7.649763693e-01,9.99893e-01,9.99898e-01,9.99993e-01,9.99999e-01
7.688012511e-01,9.99923e-01,9.99929e-01,9.99993e-01,9.99999e-01
7.726452574e-01,9.99936e-01,9.99941e-01,9.99994e-01,9.99999e-01
7.765084837e-01,9.99912e-01,9.99918e-01,9.99994e-01,9.99999e-01
7.803910261e-01,9.99642e-01,9.99648e-01,9.99994e-01,9.99999e-01
7.842929812e-01,9.98767e-01,9.98773e-01,9.99994e-01,9.99999e-01
7.882144461e-01,9.97452e-01,9.97457e-01,9.99994e-01,9.99999e-01
7.921555184e-01,9.98594e-01,9.98599e-01,9.99994e-01,9.99999e-01
7.961162960e-01,9.97541e-01,9.97546e-01,9.99994e-01,9.99999e-01
8.000968774e-01,9.97150e-01,9.97154e-01,9.99994e-01,9.99999e-01
8.040973618e-01,9.97151e-01,9.97156e-01,9.99994e-01,9.99999e-01
8.081178486e-01,9.93620e-01,9.93625e-01,9.99994e-01,9.99999e-01
8.121584379e-01,9.73583e-01,9.73588e-01,9.99995e-01,9.99999e-01
8.162192301e-01,9.68468e-01,9.68473e-01,9.99995e-01,9.99999e-01
8.203003262e-01,9.84302e-01,9.84307e-01,9.99995e-01,9.99999e-01
8.244018279e-01,9.77675e-01,9.77680e-01,9.99995e-01,9.99999e-01
8.285238370e-01,9.81178e-01,9.81182e-01,9.99995e-01,9.99999e-01
8.326664562e-01,9.80909e-01,9.80913e-01,9.99995e-01,9.99999e-01
8.368297885e-01,9.86329e-01,9.86334e-01,9.99995e-01,9.99999e-01
8.410139374e-01,9.91856e-01,9.91860e-01,9.99995e-01,9.99999e-01
8.452190071e-01,9.95996e-01,9.95999e-01,9.99995e-01,9.99999e-01
8.494451021e-01,9.97680e-01,9.97684e-01,9.99995e-01,9.99999e-01
8.536923276e-01,9.98623e-01,9.98626e-01,9.99995e-01,9.99999e-01
8.579607893e-01,9.99152e-01,9.99156e-01,9.99995e-01,9.99999e-01
8.622505932e-01,9.99459e-01,9.99462e-01,9.99995e-01,9.99999e-01
8.665618462e-01,9.99665e-01,9.99668e-01,9.99996e-01,9.99999e-01
8.708946554e-01,9.99617e-01,9.99621e-01,9.99996e-01,9.99999e-01
8.752491287e-01,9.99489e-01,9.99492e-01,9.99996e-01,9.99999e-01
8.796253743e-01,9.99296e-01,9.99299e-01,9.99996e-01,9.99999e-01
8.840235012e-01,9.99196e-01,9.99199e-01,9.99996e-01,9.99999e-01
8.884436187e-01,9.97111e-01,9.97114e-01,9.99996e-01,9.99999e-01
8.928858368e-01,9.69643e-01,9.69646e-01,9.99996e-01,9.99999e-01
8.973502660e-01,9.46493e-01,9.46497e-01,9.99996e-01,9.99998e-01
9.018370173e-01,9.72169e-01,9.72173e-01,9.99996e-01,9.99998e-01
9.063462024e-01,9.75771e-01,9.75774e-01,9.99996e-01,9.99998e-01
9.108779334e-01,9.62318e-01,9.62322e-01,9.99996e-01,9.99998e-01
9.154323231e-01,9.57272e-01,9.57276e-01,9.99996e-01,9.99998e-01
9.200094847e-01,9.66294e-01,9.66298e-01,9.99996e-01,9.99998e-01
9.246095321e-01,9.48150e-01,9.48155e-01,9.99996e-01,9.99997e-01
9.292325798e-01,6.96458e-01,6.96463e-01,9.99996e-01,9.99994e-01
9.338787427e-01,6.24411e-01,6.24417e-01,9.99996e-01,9.99992e-01
9.385481364e-01,8.27221e-01,8.27229e-01,9.99996e-01,9.99992e-01
9.432408771e-01,7.67764e-01,7.67772e-01,9.99997e-01,9.99991e-01
9.479570815e-01,6.93043e-01,6.93049e-01,9.99997e-01,9.99992e-01
9.526968669e-01,7.60030e-01,7.60035e-01,9.99997e-01,9.99994e-01
9.574603512e-01,7.79653e-01,7.79658e-01,9.99997e-01,9.99995e-01
9.622476530e-01,8.16804e-01,8.16808e-01,9.99997e-01,9.99997e-01
9.670588912e-01,8.90196e-01,8.90200e-01,9.99997e-01,9.99997e-01
9.718941857e-01,9.30198e-01,9.30201e-01,9.99997e-01,9.99998e-01
9.767536566e-01,9.41740e-01,9.41743e-01,9.99997e-01,9.99998e-01
9.816374249e-01,9.56453e-01,9.56456e-01,9.99997e-01,9.99999e-01
9.865456120e-01,9.72578e-01,9.72580e-01,9.99997e-01,9.99999e-01
9.914783401e-01,9.82977e-01,9.82979e-01,9.99997e-01,9.99999e-01
9.964357318e-01,9.90692e-01,9.90694e-01,9.99997e-01,9.99999e-01
1.001417910e+00,9.94411e-01,9.94413e-01,9.99997e-01,9.99999e-01
1.006425000e+00,9.96815e-01,9.96817e-01,9.99997e-01,9.99999e-01
1.011457125e+00,9.98017e-01,9.98019e-01,9.99997e-01,9.99999e-01
1.016514411e+00,9.98654e-01,9.98656e-01,9.99997e-01,9.99999e-01
1.021596983e+00,9.98928e-01,9.98930e-01,9.99997e-01,9.99999e-01
1.026704968e+00,9.99164e-01,9.99165e-01,9.99997e-01,9.99999e-01
1.031838492e+00,9.99390e-01,9.99392e-01,9.99997e-01,9.99999e-01
1.036997685e+00,9.99637e-01,9.99639e-01,9.99997e-01,9.99999e-01
1.042182673e+00,9.99569e-01,9.99571e-01,9.99997e-01,9.99999e-01
1.047393587e+00,9.99429e-01,9.99431e-01,9.99997e-01,9.99999e-01
1.052630555e+00,9.99218e-01,9.99220e-01,9.99997e-01,9.99999e-01
1.057893707e+00,9.98698e-01,9.98700e-01,9.99997e-01,9.99999e-01
1.063183176e+00,9.97858e-01,9.97859e-01,9.99997e-01,9.99999e-01
1.068499092e+00,9.96412e-01,9.96414e-01,9.99998e-01,9.99999e-01
1.073841587e+00,9.95807e-01,9.95809e-01,9.99998e-01,9.99999e-01
1.079210795e+00,9.94618e-01,9.94619e-01,9.99998e-01,9.99999e-01
1.084606849e+00,9.91871e-01,9.91873e-01,9.99998e-01,9.99999e-01
1.090029883e+00,9.88384e-01,9.88386e-01,9.99998e-01,9.99999e-01
1.095480033e+00,9.68615e-01,9.68617e-01,9.99998e-01,9.99998e-01
1.100957433e+00,9.22054e-01,9.22057e-01,9.99998e-01,9.99998e-01
1.106462220e+00,8.13156e-01,8.13159e-01,9.99998e-01,9.99996e-01
1.111994531e+00,6.45321e-01,6.45326e-01,9.99998e-01,9.99993e-01
1.117554504e+00,4.90910e-01,4.90915e-01,9.99998e-01,9.99990e-01
1.123142276e+00,5.88753e-01,5.88759e-01,9.99998e-01,9.99989e-01
1.128757988e+00,7.15019e-01,7.15027e-01,9.99998e-01,9.99988e-01
1.134401778e+00,4.60727e-01,4.60733e-01,9.99998e-01,9.99987e-01
1.140073787e+00,8.19907e-01,8.19916e-01,9.99998e-01,9.99989e-01
1.145774156e+00,6.58503e-01,6.58509e-01,9.99998e-01,9.99991e-01
1.151503026e+00,6.27081e-01,6.27086e-01,9.99998e-01,9.99992e-01
1.157260541e+00,6.79944e-01,6.79948e-01,9.99998e-01,9.99994e-01
1.163046844e+00,7.51937e-01,7.51940e-01,9.99998e-01,9.99996e-01
1.168862078e+00,8.20884e-01,8.20886e-01,9.99998e-01,9.99997e-01
1.174706389e+00,8.85372e-01,8.85373e-01,9.99998e-01,9.99998e-01
1.180579921e+00,9.28566e-01,9.28567e-01,9.99998e-01,9.99998e-01
1.186482820e+00,9.59055e-01,9.59056e-01,9.99998e-01,9.99999e-01
1.192415234e+00,9.75927e-01,9.75928e-01,9.99998e-01,9.99999e-01
1.198377311e+00,9.79698e-01,9.79699e-01,9.99998e-01,9.99999e-01
1.204369197e+00,9.80757e-01,9.80758e-01,9.99998e-01,9.99999e-01
1.210391043e+00,9.81594e-01,9.81595e-01,9.99998e-01,9.99999e-01
1.216442998e+00,9.84297e-01,9.84298e-01,9.99998e-01,9.99999e-01
1.222525213e+00,9.87766e-01,9.87767e-01,9.99998e-01,9.99999e-01
1.228637839e+00,9.91495e-01,9.91496e-01,9.99998e-01,9.99999e-01
1.234781029e+00,9.93672e-01,9.93673e-01,9.99998e-01,9.99999e-01
1.240954934e+00,9.95997e-01,9.95998e-01,9.99998e-01,9.99999e-01
1.247159708e+00,9.96880e-01,9.96881e-01,9.99998e-01,9.99999e-01
1.253395507e+00,9.97233e-01,9.97233e-01,9.99998e-01,9.99999e-01
1.259662485e+00,9.97376e-01,9.97376e-01,9.99998e-01,9.99999e-01
1.265960797e+00,9.95802e-01,9.95803e-01,9.99998e-01,9.99999e-01
1.272290601e+00,9.93841e-01,9.93842e-01,9.99998e-01,9.99999e-01
1.278652054e+00,9.87012e-01,9.87013e-01,9.99998e-01,9.99999e-01
1.285045314e+00,9.79636e-01,9.79637e-01,9.99998e-01,9.99999e-01
1.291470541e+00,9.59417e-01,9.59418e-01,9.99998e-01,9.99998e-01
1.297927893e+00,9.47281e-01,9.47283e-01,9.99998e-01,9.99998e-01
1.304417533e+00,9.32490e-01,9.32493e-01,9.99998e-01,9.99996e-01
1.310939621e+00,9.23317e-01,9.23321e-01,9.99998e-01,9.99995e-01
1.317494319e+00,9.16693e-01,9.16700e-01,9.99998e-01,9.99991e-01
1.324081790e+00,8.77936e-01,8.77947e-01,9.99998e-01,9.99987e-01
1.330702199e+00,5.84335e-01,5.84348e-01,9.99998e-01,9.99978e-01
1.337355710e+00,2.57792e-01,2.57803e-01,9.99998e-01,9.99960e-01
1.344042489e+00,2.94164e-02,2.94189e-02,9.99998e-01,9.99915e-01
1.350762701e+00,8.70120e-04,8.70237e-04,9.99998e-01,9.99864e-01
1.357516515e+00,7.13468e-05,7.13587e-05,9.99998e-01,9.99832e-01
1.364304097e+00,1.72676e-03,1.72707e-03,9.99998e-01,9.99820e-01
1.371125618e+00,1.37279e-02,1.37304e-02,9.99998e-01,9.99819e-01
1.377981246e+00,2.67447e-02,2.67499e-02,9.99998e-01,9.99805e-01
1.384871152e+00,1.58776e-03,1.58807e-03,9.99998e-01,9.99807e-01
1.391795508e+00,2.40821e-03,2.40860e-03,9.99998e-01,9.99835e-01
1.398754485e+00,5.78336e-03,5.78416e-03,9.99998e-01,9.99862e-01
1.405748258e+00,5.46667e-03,5.46735e-03,9.99999e-01,9.99876e-01
1.412776999e+00,5.90505e-03,5.90564e-03,9.99999e-01,9.99900e-01
1.419840884e+00,8.29275e-03,8.29337e-03,9.99999e-01,9.99925e-01
1.426940089e+00,2.31677e-02,2.31687e-02,9.99999e-01,9.99953e-01
1.434074789e+00,5.62690e-02,5.62707e-02,9.99999e-01,9.99971e-01
1.441245163e+00,1.15321e-01,1.15323e-01,9.99999e-01,9.99977e-01
1.448451389e+00,2.12978e-01,2.12982e-01,9.99999e-01,9.99981e-01
1.455693646e+00,3.64078e-01,3.64083e-01,9.99999e-01,9.99984e-01
1.462972114e+00,4.22347e-01,4.22353e-01,9.99999e-01,9.99986e-01
1.470286975e+00,3.64818e-01,3.64823e-01,9.99999e-01,9.99987e-01
1.477638409e+00,4.08193e-01,4.08197e-01,9.99999e-01,9.99989e-01
1.485026601e+00,4.82598e-01,4.82602e-01,9.99999e-01,9.99991e-01
1.492451734e+00,5.78291e-01,5.78294e-01,9.99999e-01,9.99994e-01
1.499913993e+00,6.93941e-01,6.93943e-01,9.99999e-01,9.99996e-01
1.507413563e+00,7.68592e-01,7.68593e-01,9.99999e-01,9.99998e-01
1.514950631e+00,8.48040e-01,8.48041e-01,9.99999e-01,9.99998e-01
1.522525384e+00,8.99095e-01,8.99096e-01,9.99999e-01,9.99999e-01
1.530138011e+00,9.24851e-01,9.24851e-01,9.99999e-01,9.99999e-01
1.537788701e+00,9.57023e-01,9.57023e-01,9.99999e-01,9.99999e-01
1.545477645e+00,9.72269e-01,9.72270e-01,9.99999e-01,9.99999e-01
1.553205033e+00,9.77438e-01,9.77438e-01,9.99999e-01,9.99999e-01
1.560971058e+00,9.85886e-01,9.85886e-01,9.99999e-01,9.99999e-01
1.568775913e+00,9.90708e-01,9.90708e-01,9.99999e-01,9.99999e-01
1.576619793e+00,9.92759e-01,9.92760e-01,9.99999e-01,9.99999e-01
1.584502892e+00,9.95601e-01,9.95602e-01,9.99999e-01,9.99999e-01
1.592425406e+00,9.95928e-01,9.95928e-01,9.99999e-01,9.99999e-01
1.600387533e+00,9.97193e-01,9.97193e-01,9.99999e-01,9.99999e-01
1.608389471e+00,9.97095e-01,9.97095e-01,9.99999e-01,9.99999e-01
1.616431418e+00,9.97036e-01,9.97036e-01,9.99999e-01,9.99999e-01
1.624513575e+00,9.96829e-01,9.96829e-01,9.99999e-01,9.99999e-01
1.632636143e+00,9.95031e-01,9.95031e-01,9.99999e-01,9.99999e-01
1.640799324e+00,9.93379e-01,9.93379e-01,9.99999e-01,9.99999e-01
1.649003321e+00,9.91530e-01,9.91530e-01,9.99999e-01,9.99999e-01
1.657248337e+00,9.88876e-01,9.88877e-01,9.99999e-01,9.99999e-01
1.665534579e+00,9.84871e-01,9.84872e-01,9.99999e-01,9.99999e-01
1.673862252e+00,9.79303e-01,9.79303e-01,9.99999e-01,9.99999e-01
1.682231563e+00,9.81969e-01,9.81969e-01,9.99999e-01,9.99999e-01
1.690642721e+00,9.68612e-01,9.68613e-01,9.99999e-01,9.99999e-01
1.699095934e+00,9.63519e-01,9.63520e-01,9.99999e-01,9.99999e-01
1.707591414e+00,9.61256e-01,9.61257e-01,9.99999e-01,9.99998e-01
1.716129371e+00,9.51993e-01,9.51995e-01,9.99999e-01,9.99998e-01
1.724710018e+00,9.28331e-01,9.28333e-01,9.99999e-01,9.99997e-01
1.733333568e+00,9.07869e-01,9.07871e-01,9.99999e-01,9.99996e-01
1.742000236e+00,8.64017e-01,8.64021e-01,9.99999e-01,9.99995e-01
1.750710237e+00,7.59292e-01,7.59297e-01,9.99999e-01,9.99992e-01
1.759463788e+00,5.95047e-01,5.95054e-01,9.99999e-01,9.99988e-01
1.768261107e+00,3.74205e-01,3.74212e-01,9.99999e-01,9.99982e-01
1.777102413e+00,1.95077e-01,1.95083e-01,9.99999e-01,9.99972e-01
1.785987925e+00,5.73243e-02,5.73268e-02,9.99999e-01,9.99956e-01
1.794917864e+00,1.93158e-02,1.93173e-02,9.99999e-01,9.99924e-01
1.803892454e+00,1.44909e-03,1.44925e-03,9.99999e-01,9.99885e-01
1.812911916e+00,4.45329e-04,4.45395e-04,9.99999e-01,9.99850e-01
1.821976476e+00,5.46321e-04,5.46418e-04,9.99999e-01,9.99821e-01
1.831086358e+00,1.51644e-04,1.51675e-04,9.99999e-01,9.99793e-01
1.840241790e+00,5.76064e-04,5.76196e-04,9.99999e-01,9.99771e-01
1.849442999e+00,1.74646e-03,1.74689e-03,9.99999e-01,9.99753e-01
1.858690214e+00,7.39604e-05,7.39814e-05,9.99999e-01,9.99715e-01
1.867983665e+00,1.37264e-05,1.37308e-05,9.99999e-01,9.99682e-01
1.877323583e+00,1.29142e-02,1.29181e-02,9.99999e-01,9.99698e-01
1.886710201e+00,1.94652e-02,1.94701e-02,9.99999e-01,9.99744e-01
1.896143752e+00,3.10044e-02,3.10115e-02,9.99999e-01,9.99769e-01
1.905624471e+00,2.64467e-03,2.64524e-03,9.99999e-01,9.99785e-01
1.915152593e+00,5.53300e-04,5.53411e-04,9.99999e-01,9.99799e-01
1.924728356e+00,2.09784e-04,2.09822e-04,9.99999e-01,9.99823e-01
1.934351998e+00,1.69213e-04,1.69238e-04,9.99999e-01,9.99854e-01
1.944023758e+00,2.41879e-03,2.41904e-03,9.99999e-01,9.99894e-01
1.953743877e+00,6.82272e-03,6.82319e-03,9.99999e-01,9.99930e-01
1.963512596e+00,3.98428e-02,3.98445e-02,9.99999e-01,9.99956e-01
1.973330159e+00,8.19237e-02,8.19258e-02,9.99999e-01,9.99973e-01
1.983196810e+00,2.87949e-01,2.87954e-01,9.99999e-01,9.99982e-01
1.993112794e+00,3.80451e-01,3.80455e-01,9.99999e-01,9.99988e-01
2.003078358e+00,5.63193e-01,5.63197e-01,9.99999e-01,9.99992e-01
2.013093750e+00,6.89884e-01,6.89887e-01,9.99999e-01,9.99994e-01
2.023159218e+00,8.07607e-01,8.07609e-01,9.99999e-01,9.99996e-01
2.033275015e+00,8.47626e-01,8.47628e-01,9.99999e-01,9.99997e-01
2.043441390e+00,9.02816e-01,9.02817e-01,9.99999e-01,9.99998e-01
2.053658597e+00,9.20789e-01,9.20790e-01,9.99999e-01,9.99998e-01
2.063926890e+00,9.46469e-01,9.46469e-01,9.99999e-01,9.99998e-01
2.074246524e+00,9.53432e-01,9.53433e-01,9.99999e-01,9.99999e-01
2.084617757e+00,9.69309e-01,9.69309e-01,9.99999e-01,9.99999e-01
2.095040845e+00,9.75803e-01,9.75803e-01,9.99999e-01,9.99999e-01
2.105516050e+00,9.79139e-01,9.79139e-01,9.99999e-01,9.99999e-01
2.116043630e+00,9.80033e-01,9.80034e-01,9.99999e-01,9.99999e-01
2.126623848e+00,9.87838e-01,9.87838e-01,9.99999e-01,9.99999e-01
2.137256967e+00,9.88463e-01,9.88464e-01,9.99999e-01,9.99999e-01
2.147943252e+00,9.88875e-01,9.88875e-01,9.99999e-01,9.99999e-01
2.158682968e+00,9.89846e-01,9.89846e-01,9.99999e-01,9.99999e-01
2.169476383e+00,9.89180e-01,9.89180e-01,9.99999e-01,9.99999e-01
2.180323765e+00,9.87663e-01,9.87663e-01,9.99999e-01,9.99999e-01
2.191225384e+00,9.84934e-01,9.84934e-01,9.99999e-01,9.99999e-01
2.202181511e+00,9.81206e-01,9.81206e-01,9.99999e-01,9.99999e-01
2.213192418e+00,9.81195e-01,9.81195e-01,9.99999e-01,9.99999e-01
2.224258381e+00,9.77554e-01,9.77555e-01,9.99999e-01,9.99999e-01
2.235379672e+00,9.81234e-01,9.81234e-01,9.99999e-01,9.99999e-01
2.246556571e+00,9.66349e-01,9.66350e-01,9.99999e-01,9.99998e-01
2.257789354e+00,9.74509e-01,9.74510e-01,9.99999e-01,9.99998e-01
2.269078300e+00,9.37080e-01,9.37081e-01,9.99999e-01,9.99998e-01
2.280423692e+00,9.48202e-01,9.48204e-01,9.99999e-01,9.99998e-01
2.291825810e+00,8.99998e-01,8.99999e-01,9.99999e-01,9.99998e-01
2.303284939e+00,9.10195e-01,9.10197e-01,9.99999e-01,9.99997e-01
2.314801364e+00,8.50996e-01,8.50998e-01,9.99999e-01,9.99996e-01
2.326375371e+00,8.44047e-01,8.44051e-01,9.99999e-01,9.99995e-01
2.338007248e+00,8.21907e-01,8.21911e-01,9.99999e-01,9.99994e-01
2.349697284e+00,7.17432e-01,7.17437e-01,9.99999e-01,9.99992e-01
2.361445770e+00,7.63995e-01,7.64003e-01,9.99999e-01,9.99989e-01
2.373252999e+00,6.95228e-01,6.95237e-01,9.99999e-01,9.99985e-01
2.385119264e+00,5.36061e-01,5.36071e-01,9.99999e-01,9.99980e-01
2.397044861e+00,6.74270e-01,6.74290e-01,9.99999e-01,9.99970e-01
2.409030085e+00,4.86903e-01,4.86923e-01,9.99999e-01,9.99956e-01
2.421075235e+00,4.89423e-01,4.89452e-01,9.99999e-01,9.99940e-01
2.433180612e+00,3.42775e-01,3.42802e-01,9.99999e-01,9.99919e-01
2.445346515e+00,1.79676e-01,1.79695e-01,9.99999e-01,9.99892e-01
2.457573247e+00,1.27347e-01,1.27365e-01,9.99999e-01,9.99855e-01
2.469861113e+00,2.48469e-02,2.48517e-02,9.99999e-01,9.99805e-01
2.482210419e+00,1.25478e-03,1.25512e-03,9.99999e-01,9.99726e-01
2.494621471e+00,2.42485e-05,2.42579e-05,9.99999e-01,9.99612e-01
2.507094578e+00,4.48973e-08,4.49227e-08,9.99999e-01,9.99433e-01
2.519630051e+00,2.79768e-13,2.79999e-13,9.99999e-01,9.99173e-01
2.532228202e+00,4.21299e-17,4.21765e-17,9.99999e-01,9.98893e-01
2.544889343e+00,6.81418e-23,6.82383e-23,9.99999e-01,9.98585e-01
2.557613789e+00,2.62972e-22,2.63410e-22,9.99999e-01,9.98335e-01
2.570401858e+00,3.29065e-36,3.29658e-36,9.99999e-01,9.98198e-01
2.583253867e+00,7.46928e-31,7.48402e-31,9.99999e-01,9.98030e-01
2.596170137e+00,2.31306e-26,2.31769e-26,9.99999e-01,9.98000e-01
2.609150988e+00,8.26633e-19,8.28402e-19,9.99999e-01,9.97864e-01
2.622196742e+00,6.46494e-16,6.47915e-16,9.99999e-01,9.97806e-01
2.635307726e+00,9.55533e-08,9.57729e-08,9.99999e-01,9.97706e-01
2.648484265e+00,3.38639e-09,3.39528e-09,9.99999e-01,9.97381e-01
2.661726686e+00,8.00732e-16,8.03073e-16,9.99999e-01,9.97083e-01
2.675035320e+00,1.49363e-53,1.49777e-53,9.99999e-01,9.97230e-01
2.688410496e+00,8.28786e-27,8.30956e-27,9.99999e-01,9.97388e-01
2.701852549e+00,2.25278e-23,2.25813e-23,9.99999e-01,9.97633e-01
2.715361811e+00,3.11871e-23,3.12559e-23,9.99999e-01,9.97800e-01
2.728938620e+00,1.09986e-16,1.10201e-16,9.99999e-01,9.98051e-01
2.742583314e+00,7.37831e-18,7.39218e-18,9.99999e-01,9.98123e-01
2.756296230e+00,7.72612e-19,7.74006e-19,9.99999e-01,9.98198e-01
2.770077711e+00,4.07324e-25,4.07955e-25,9.99999e-01,9.98451e-01
2.783928100e+00,3.32572e-25,3.33044e-25,9.99999e-01,9.98582e-01
2.797847740e+00,2.70014e-19,2.70343e-19,9.99999e-01,9.98783e-01
2.811836979e+00,1.98919e-20,1.99112e-20,9.99999e-01,9.99031e-01
2.825896164e+00,9.38130e-18,9.38831e-18,9.99999e-01,9.99252e-01
2.840025645e+00,5.46543e-14,5.46867e-14,9.99999e-01,9.99407e-01
2.854225773e+00,1.24959e-12,1.25017e-12,9.99999e-01,9.99531e-01
2.868496902e+00,7.61856e-12,7.62112e-12,9.99999e-01,9.99663e-01
2.882839386e+00,1.68959e-09,1.69001e-09,9.99999e-01,9.99752e-01
2.897253583e+00,3.99640e-08,3.99719e-08,9.99999e-01,9.99800e-01
2.911739851e+00,9.45021e-06,9.45170e-06,9.99999e-01,9.99841e-01
2.926298550e+00,1.00690e-04,1.00702e-04,9.99999e-01,9.99880e-01
2.940930043e+00,1.53234e-04,1.53249e-04,9.99999e-01,9.99904e-01
2.955634693e+00,3.79813e-04,3.79843e-04,9.99999e-01,9.99920e-01
2.970412867e+00,4.50771e-04,4.50799e-04,9.99999e-01,9.99937e-01
2.985264931e+00,4.76736e-03,4.76760e-03,9.99999e-01,9.99949e-01
3.000191256e+00,5.49049e-03,5.49073e-03,9.99999e-01,9.99956e-01
3.015192212e+00,1.95228e-02,1.95235e-02,9.99999e-01,9.99965e-01
3.030268173e+00,4.01829e-02,4.01841e-02,9.99999e-01,9.99970e-01
3.045419514e+00,1.37376e-02,1.37380e-02,9.99999e-01,9.99972e-01
3.060646612e+00,8.83396e-02,8.83417e-02,9.99999e-01,9.99975e-01
3.075949845e+00,9.50872e-02,9.50893e-02,9.99999e-01,9.99977e-01
3.091329594e+00,6.40002e-02,6.40016e-02,9.99999e-01,9.99978e-01
3.106786242e+00,1.45775e-01,1.45778e-01,9.99999e-01,9.99980e-01
3.122320173e+00,1.84513e-01,1.84516e-01,9.99999e-01,9.99981e-01
3.137931774e+00,2.04225e-01,2.04229e-01,9.99999e-01,9.99982e-01
3.153621433e+00,3.38806e-01,3.38812e-01,9.99999e-01,9.99981e-01
3.169389540e+00,3.78637e-01,3.78645e-01,9.99999e-01,9.99979e-01
3.185236488e+00,2.97295e-01,2.97301e-01,9.99999e-01,9.99976e-01
3.201162670e+00,8.67141e-02,8.67162e-02,9.99999e-01,9.99975e-01
3.217168483e+00,1.80533e-01,1.80537e-01,9.99999e-01,9.99974e-01
3.233254326e+00,3.03606e-01,3.03614e-01,9.99999e-01,9.99975e-01
3.249420598e+00,4.25652e-01,4.25662e-01,9.99999e-01,9.99976e-01
3.265667701e+00,3.07439e-01,3.07446e-01,9.99999e-01,9.99977e-01
3.281996039e+00,3.91990e-01,3.91998e-01,9.99999e-01,9.99978e-01
3.298406019e+00,1.88742e-01,1.88745e-01,9.99999e-01,9.99980e-01
3.314898049e+00,1.66800e-01,1.66803e-01,9.99999e-01,9.99981e-01
3.331472540e+00,2.74962e-01,2.74967e-01,9.99999e-01,9.99982e-01
3.348129902e+00,2.60958e-01,2.60962e-01,9.99999e-01,9.99985e-01
3.364870552e+00,3.36844e-01,3.36848e-01,9.99999e-01,9.99987e-01
3.381694905e+00,3.72932e-01,3.72936e-01,9.99999e-01,9.99990e-01
3.398603379e+00,5.00470e-01,5.00474e-01,9.99999e-01,9.99992e-01
3.415596396e+00,5.92854e-01,5.92857e-01,9.99999e-01,9.99995e-01
3.432674378e+00,6.20630e-01,6.20632e-01,9.99999e-01,9.99996e-01
3.449837750e+00,7.22737e-01,7.22739e-01,9.99999e-01,9.99996e-01
3.467086939e+00,7.98577e-01,7.98579e-01,9.99999e-01,9.99997e-01
3.484422373e+00,8.11849e-01,8.11851e-01,9.99999e-01,9.99997e-01
3.501844485e+00,8.86823e-01,8.86824e-01,9.99999e-01,9.99998e-01
3.519353708e+00,9.04080e-01,9.04081e-01,9.99999e-01,9.99998e-01
3.536950476e+00,9.13756e-01,9.13757e-01,9.99999e-01,9.99998e-01
3.554635228e+00,9.45605e-01,9.45606e-01,9.99999e-01,9.99998e-01
3.572408405e+00,9.47625e-01,9.47626e-01,9.99999e-01,9.99998e-01
3.590270447e+00,9.63376e-01,9.63377e-01,9.99999e-01,9.99998e-01
3.608221799e+00,9.71428e-01,9.71429e-01,9.99999e-01,9.99998e-01
3.626262908e+00,9.75524e-01,9.75525e-01,9.99999e-01,9.99998e-01
3.644394222e+00,9.85339e-01,9.85340e-01,9.99999e-01,9.99998e-01
3.662616193e+00,9.75936e-01,9.75937e-01,9.99999e-01,9.99998e-01
3.680929274e+00,9.60840e-01,9.60840e-01,9.99999e-01,9.99998e-01
3.699333921e+00,9.81491e-01,9.81491e-01,9.99999e-01,9.99998e-01
3.717830590e+00,9.85575e-01,9.85576e-01,9.99999e-01,9.99998e-01
3.736419743e+00,9.83116e-01,9.83116e-01,9.99999e-01,9.99998e-01
3.755101842e+00,9.81914e-01,9.81915e-01,9.99999e-01,9.99998e-01
3.773877351e+00,9.85074e-01,9.85075e-01,9.99999e-01,9.99998e-01
3.792746738e+00,9.81951e-01,9.81952e-01,9.99999e-01,9.99998e-01
3.811710472e+00,9.77913e-01,9.77914e-01,9.99999e-01,9.99998e-01
3.830769024e+00,9.76182e-01,9.76183e-01,9.99999e-01,9.99998e-01
3.849922869e+00,9.65525e-01,9.65526e-01,9.99999e-01,9.99998e-01
3.869172484e+00,9.59202e-01,9.59203e-01,9.99999e-01,9.99998e-01
3.888518346e+00,9.77402e-01,9.77403e-01,9.99999e-01,9.99998e-01
3.907960938e+00,9.74821e-01,9.74822e-01,9.99999e-01,9.99998e-01
3.927500742e+00,8.47388e-01,8.47389e-01,9.99999e-01,9.99998e-01
3.947138246e+00,9.04331e-01,9.04332e-01,9.99999e-01,9.99998e-01
3.966873937e+00,7.67459e-01,7.67459e-01,9.99999e-01,9.99998e-01
3.986708307e+00,9.56015e-01,9.56016e-01,9.99999e-01,9.99998e-01
4.006641849e+00,9.84149e-01,9.84150e-01,9.99999e-01,9.99998e-01
4.026675058e+00,9.81726e-01,9.81727e-01,9.99999e-01,9.99998e-01
4.046808433e+00,9.78043e-01,9.78044e-01,9.99999e-01,9.99998e-01
4.067042475e+00,9.74705e-01,9.74706e-01,9.99999e-01,9.99998e-01
4.087377688e+00,9.72938e-01,9.72940e-01,9.99999e-01,9.99998e-01
4.107814576e+00,9.62629e-01,9.62630e-01,9.99999e-01,9.99998e-01
4.128353649e+00,9.41861e-01,9.41862e-01,9.99999e-01,9.99998e-01
4.148995417e+00,9.28208e-01,9.28209e-01,9.99999e-01,9.99998e-01
4.169740394e+00,8.88274e-01,8.88275e-01,9.99999e-01,9.99998e-01
4.190589096e+00,8.64839e-01,8.64840e-01,9.99999e-01,9.99998e-01
4.211542042e+00,7.95974e-01,7.95976e-01,9.99999e-01,9.99998e-01
4.232599752e+00,7.77288e-01,7.77289e-01,9.99999e-01,9.99997e-01
4.253762751e+00,7.26439e-01,7.26441e-01,9.99999e-01,9.99997e-01
4.275031564e+00,6.43073e-01,6.43074e-01,9.99999e-01,9.99997e-01
4.296406722e+00,5.59297e-01,5.59298e-01,9.99999e-01,9.99997e-01
4.317888756e+00,6.03470e-01,6.03471e-01,9.99999e-01,9.99997e-01
4.339478200e+00,5.30575e-01,5.30576e-01,9.99999e-01,9.99997e-01
4.361175591e+00,4.72054e-01,4.72055e-01,9.99999e-01,9.99997e-01
4.382981469e+00,4.77333e-01,4.77335e-01,9.99999e-01,9.99996e-01
4.404896376e+00,4.57113e-01,4.57114e-01,9.99999e-01,9.99996e-01
4.426920858e+00,3.41664e-01,3.41665e-01,9.99999e-01,9.99996e-01
4.449055462e+00,4.70943e-01,4.70945e-01,9.99999e-01,9.99996e-01
4.471300739e+00,3.79271e-01,3.79273e-01,9.99999e-01,9.99995e-01
4.493657243e+00,4.66917e-01,4.66919e-01,9.99999e-01,9.99995e-01
4.516125529e+00,2.96184e-01,2.96185e-01,9.99999e-01,9.99994e-01
4.538706157e+00,3.84526e-01,3.84528e-01,9.99999e-01,9.99994e-01
4.561399688e+00,3.53172e-01,3.53174e-01,9.99999e-01,9.99993e-01
4.584206686e+00,4.56511e-01,4.56514e-01,9.99999e-01,9.99993e-01
4.607127720e+00,3.51437e-01,3.51440e-01,9.99999e-01,9.99992e-01
4.630163358e+00,1.87617e-01,1.87618e-01,9.99999e-01,9.99990e-01
4.653314175e+00,1.94711e-01,1.94713e-01,9.99999e-01,9.99989e-01
4.676580746e+00,5.64785e-02,5.64792e-02,9.99999e-01,9.99988e-01
4.699963650e+00,1.70982e-01,1.70985e-01,9.99999e-01,9.99986e-01
4.723463468e+00,6.25581e-02,6.25591e-02,9.99999e-01,9.99983e-01
4.747080785e+00,2.29410e-01,2.29415e-01,9.99999e-01,9.99981e-01
4.770816189e+00,7.67433e-02,7.67450e-02,9.99999e-01,9.99977e-01
4.794670270e+00,3.86507e-02,3.86517e-02,9.99999e-01,9.99973e-01
4.818643622e+00,5.05332e-02,5.05347e-02,9.99999e-01,9.99968e-01
4.842736840e+00,9.00206e-03,9.00238e-03,9.99999e-01,9.99963e-01
4.866950524e+00,8.10001e-02,8.10036e-02,9.99999e-01,9.99956e-01
4.891285276e+00,1.09854e-02,1.09860e-02,9.99999e-01,9.99947e-01
4.915741703e+00,3.85969e-02,3.85992e-02,9.99999e-01,9.99938e-01
4.940320411e+00,7.07552e-03,7.07604e-03,9.99999e-01,9.99927e-01
4.965022013e+00,3.61131e-03,3.61161e-03,9.99999e-01,9.99915e-01
4.989847123e+00,1.31311e-02,1.31324e-02,9.99999e-01,9.99904e-01
5.014796359e+00,5.18400e-04,5.18457e-04,9.99999e-01,9.99889e-01
5.039870341e+00,2.52105e-03,2.52137e-03,9.99999e-01,9.99871e-01
5.065069693e+00,4.25150e-03,4.25214e-03,9.99999e-01,9.99847e-01
5.090395041e+00,3.56114e-04,3.56177e-04,9.99999e-01,9.99823e-01
5.115847016e+00,2.20789e-04,2.20835e-04,9.99999e-01,9.99794e-01
5.141426251e+00,8.16515e-06,8.16709e-06,9.99999e-01,9.99763e-01
5.167133383e+00,4.89592e-06,4.89723e-06,9.99999e-01,9.99731e-01
5.192969049e+00,3.48252e-06,3.48358e-06,9.99999e-01,9.99695e-01
5.218933895e+00,4.34285e-09,4.34432e-09,9.99999e-01,9.99661e-01
5.245028564e+00,6.45106e-07,6.45346e-07,9.99999e-01,9.99627e-01
5.271253707e+00,7.47540e-08,7.47852e-08,9.99999e-01,9.99581e-01
5.297609976e+00,1.36482e-08,1.36545e-08,9.99999e-01,9.99536e-01
5.324098025e+00,6.28784e-09,6.29101e-09,9.99999e-01,9.99495e-01
5.350718516e+00,6.54520e-11,6.54897e-11,9.99999e-01,9.99422e-01
5.377472108e+00,8.48339e-11,8.48860e-11,9.99999e-01,9.99385e-01
5.404359469e+00,6.67827e-11,6.68292e-11,9.99999e-01,9.99303e-01
5.431381266e+00,5.97217e-19,5.97665e-19,9.99999e-01,9.99250e-01
5.458538172e+00,3.42510e-19,3.42794e-19,9.99999e-01,9.99170e-01
5.485830863e+00,4.56224e-20,4.56647e-20,9.99999e-01,9.99074e-01
5.513260018e+00,3.79468e-21,3.79856e-21,9.99999e-01,9.98979e-01
5.540826318e+00,1.72398e-22,1.72594e-22,9.99999e-01,9.98865e-01
5.568530449e+00,2.07318e-34,2.07576e-34,9.99999e-01,9.98754e-01
5.596373101e+00,5.08751e-33,5.09455e-33,9.99999e-01,9.98617e-01
5.624354967e+00,1.29580e-29,1.29782e-29,9.99999e-01,9.98443e-01
5.652476742e+00,1.34090e-32,1.34318e-32,9.99999e-01,9.98302e-01
5.680739126e+00,3.47205e-37,3.47852e-37,9.99999e-01,9.98137e-01
5.709142821e+00,1.45487e-40,1.45783e-40,9.99999e-01,9.97972e-01
5.737688535e+00,5.00996e-39,5.02122e-39,9.99999e-01,9.97756e-01
5.766376978e+00,2.52623e-30,2.53215e-30,9.99999e-01,9.97660e-01
5.795208863e+00,2.59028e-27,2.59669e-27,9.99999e-01,9.97529e-01
5.824184907e+00,1.69734e-33,1.70178e-33,9.99999e-01,9.97387e-01
5.853305832e+00,1.45396e-32,1.45788e-32,9.99999e-01,9.97307e-01
5.882572361e+00,3.55230e-40,3.56215e-40,9.99999e-01,9.97233e-01
5.911985223e+00,3.49175e-38,3.50171e-38,9.99999e-01,9.97156e-01
5.941545149e+00,9.74591e-40,9.77386e-40,9.99999e-01,9.97139e-01
5.971252874e+00,2.82602e-34,2.83434e-34,9.99999e-01,9.97061e-01
6.001109139e+00,2.61481e-23,2.62265e-23,9.99999e-01,9.97008e-01
6.031114685e+00,7.91583e-26,7.93941e-26,9.99999e-01,9.97029e-01
6.061270258e+00,6.93609e-26,6.95629e-26,9.99999e-01,9.97095e-01
6.091576609e+00,1.12992e-21,1.13320e-21,9.99999e-01,9.97099e-01
6.122034492e+00,3.29977e-14,3.30938e-14,9.99999e-01,9.97095e-01
6.152644665e+00,8.16719e-15,8.19107e-15,9.99999e-01,9.97084e-01
6.183407888e+00,1.80502e-10,1.81030e-10,9.99999e-01,9.97083e-01
6.214324928e+00,4.08784e-07,4.09975e-07,9.99999e-01,9.97092e-01
6.245396552e+00,5.40810e-05,5.42397e-05,9.99999e-01,9.97073e-01
6.276623535e+00,2.99946e-05,3.00856e-05,9.99999e-01,9.96972e-01
6.308006653e+00,2.88065e-05,2.88989e-05,9.99999e-01,9.96801e-01
6.339546686e+00,1.29501e-10,1.29936e-10,9.99999e-01,9.96646e-01
6.371244419e+00,4.14039e-21,4.15461e-21,9.99999e-01,9.96577e-01
6.403100641e+00,2.73748e-29,2.74682e-29,9.99999e-01,9.96598e-01
6.435116145e+00,1.55527e-62,1.56055e-62,9.99999e-01,9.96616e-01
6.467291725e+00,8.35367e-63,8.38198e-63,9.99999e-01,9.96621e-01
6.499628184e+00,1.24820e-71,1.25241e-71,9.99999e-01,9.96636e-01
6.532126325e+00,4.52160e-63,4.53653e-63,9.99999e-01,9.96707e-01
6.564786956e+00,6.33015e-76,6.34981e-76,9.99999e-01,9.96904e-01
6.597610891e+00,8.53874e-102,8.56435e-102,9.99999e-01,9.97008e-01
6.630598946e+00,1.84554e-67,1.85091e-67,9.99999e-01,9.97096e-01
6.663751940e+00,6.93245e-63,6.95148e-63,9.99999e-01,9.97263e-01
6.697070700e+00,4.88196e-50,4.89439e-50,9.99999e-01,9.97459e-01
6.730556054e+00,1.68033e-34,1.68431e-34,9.99999e-01,9.97639e-01
6.764208834e+00,9.46681e-35,9.48755e-35,9.99999e-01,9.97812e-01
6.798029878e+00,4.52454e-42,4.53366e-42,9.99999e-01,9.97989e-01
6.832020027e+00,2.64813e-42,2.65329e-42,9.99999e-01,9.98057e-01
6.866180128e+00,2.09977e-48,2.10360e-48,9.99999e-01,9.98177e-01
6.900511028e+00,2.38474e-28,2.38873e-28,9.99999e-01,9.98328e-01
6.935013583e+00,5.82713e-28,5.83634e-28,9.99999e-01,9.98421e-01
6.969688651e+00,3.20821e-35,3.21296e-35,9.99999e-01,9.98520e-01
7.004537095e+00,2.73958e-34,2.74346e-34,9.99999e-01,9.98583e-01
7.039559780e+00,1.35999e-37,1.36192e-37,9.99999e-01,9.98587e-01
7.074757579e+00,1.42820e-29,1.43000e-29,9.99999e-01,9.98742e-01
7.110131367e+00,2.81980e-29,2.82308e-29,9.99999e-01,9.98836e-01
7.145682024e+00,7.86106e-33,7.86975e-33,9.99999e-01,9.98894e-01
7.181410434e+00,4.46673e-41,4.47123e-41,9.99999e-01,9.98993e-01
7.217317486e+00,9.65433e-31,9.66328e-31,9.99999e-01,9.99073e-01
7.253404073e+00,4.55291e-31,4.55680e-31,9.99999e-01,9.99144e-01
7.289671094e+00,2.05765e-27,2.05927e-27,9.99999e-01,9.99214e-01
7.326119449e+00,3.17872e-27,3.18097e-27,9.99999e-01,9.99293e-01
7.362750046e+00,2.12360e-20,2.12494e-20,9.99999e-01,9.99367e-01
7.399563797e+00,2.44581e-16,2.44720e-16,9.99999e-01,9.99430e-01
7.436561616e+00,3.37512e-18,3.37683e-18,9.99999e-01,9.99493e-01
7.473744424e+00,2.13267e-17,2.13362e-17,9.99999e-01,9.99555e-01
7.511113146e+00,1.40574e-14,1.40628e-14,9.99999e-01,9.99617e-01
7.548668712e+00,8.64883e-16,8.65172e-16,9.99999e-01,9.99664e-01
7.586412055e+00,2.54521e-27,2.54595e-27,9.99999e-01,9.99709e-01
7.624344115e+00,3.01549e-14,3.01624e-14,9.99999e-01,9.99751e-01
7.662465836e+00,7.25255e-09,7.25409e-09,9.99999e-01,9.99787e-01
7.700778165e+00,4.13803e-09,4.13878e-09,9.99999e-01,9.99819e-01
7.739282056e+00,4.34984e-14,4.35051e-14,9.99999e-01,9.99843e-01
7.777978466e+00,9.13702e-10,9.13824e-10,9.99999e-01,9.99865e-01
7.816868359e+00,3.65821e-08,3.65862e-08,9.99999e-01,9.99886e-01
7.855952700e+00,1.07356e-08,1.07367e-08,9.99999e-01,9.99900e-01
7.895232464e+00,8.98692e-09,8.98771e-09,9.99999e-01,9.99912e-01
7.934708626e+00,3.89135e-06,3.89165e-06,9.99999e-01,9.99922e-01
7.974382169e+00,4.03325e-04,4.03354e-04,9.99999e-01,9.99929e-01
8.014254080e+00,9.66827e-05,9.66887e-05,9.99999e-01,9.99936e-01
8.054325351e+00,1.20721e-04,1.20728e-04,9.99999e-01,9.99942e-01
8.094596977e+00,2.30382e-03,2.30394e-03,9.99999e-01,9.99947e-01
8.135069962e+00,1.85453e-03,1.85462e-03,9.99999e-01,9.99952e-01
8.175745312e+00,4.46036e-04,4.46055e-04,9.99999e-01,9.99955e-01
8.216624039e+00,6.50502e-03,6.50528e-03,9.99999e-01,9.99958e-01
8.257707159e+00,1.30604e-02,1.30609e-02,9.99999e-01,9.99961e-01
8.298995695e+00,6.10412e-02,6.10434e-02,9.99999e-01,9.99963e-01
8.340490673e+00,3.09440e-02,3.09451e-02,9.99999e-01,9.99965e-01
8.382193126e+00,8.80567e-02,8.80596e-02,9.99999e-01,9.99966e-01
8.424104092e+00,3.97439e-02,3.97451e-02,9.99999e-01,9.99968e-01
8.466224613e+00,8.03412e-02,8.03436e-02,9.99999e-01,9.99969e-01
8.508555736e+00,3.55388e-02,3.55399e-02,9.99999e-01,9.99970e-01
8.551098514e+00,2.05528e-01,2.05534e-01,9.99999e-01,9.99971e-01
8.593854007e+00,3.70521e-01,3.70531e-01,9.99999e-01,9.99972e-01
8.636823277e+00,4.12866e-01,4.12877e-01,9.99999e-01,9.99972e-01
8.680007393e+00,2.36408e-01,2.36414e-01,9.99999e-01,9.99973e-01
8.723407430e+00,3.22979e-01,3.22988e-01,9.99999e-01,9.99973e-01
8.767024467e+00,2.60024e-01,2.60030e-01,9.99999e-01,9.99974e-01
8.810859590e+00,2.55041e-01,2.55047e-01,9.99999e-01,9.99974e-01
8.854913888e+00,5.68297e-01,5.68311e-01,9.99999e-01,9.99974e-01
8.899188457e+00,5.17353e-01,5.17366e-01,9.99999e-01,9.99974e-01
8.943684399e+00,4.32201e-01,4.32212e-01,9.99999e-01,9.99974e-01
8.988402821e+00,4.08422e-01,4.08432e-01,9.99999e-01,9.99974e-01
9.033344836e+00,3.21726e-01,3.21734e-01,9.99999e-01,9.99974e-01
9.078511560e+00,4.35086e-01,4.35096e-01,9.99999e-01,9.99974e-01
9.123904118e+00,5.58937e-01,5.58951e-01,9.99999e-01,9.99974e-01
9.169523638e+00,4.70947e-01,4.70959e-01,9.99999e-01,9.99974e-01
9.215371256e+00,6.85081e-01,6.85098e-01,9.99999e-01,9.99974e-01
9.261448113e+00,6.61989e-01,6.62005e-01,9.99999e-01,9.99974e-01
9.307755353e+00,5.44616e-01,5.44629e-01,9.99999e-01,9.99974e-01
9.354294130e+00,4.71961e-01,4.71973e-01,9.99999e-01,9.99974e-01
9.401065601e+00,3.20252e-01,3.20260e-01,9.99999e-01,9.99974e-01
9.448070929e+00,4.02414e-01,4.02424e-01,9.99999e-01,9.99973e-01
9.495311283e+00,6.29036e-01,6.29052e-01,9.99999e-01,9.99973e-01
9.542787840e+00,7.19516e-01,7.19535e-01,9.99999e-01,9.99973e-01
9.590501779e+00,5.94813e-01,5.94828e-01,9.99999e-01,9.99973e-01
9.638454288e+00,5.88543e-01,5.88559e-01,9.99999e-01,9.99973e-01
9.686646559e+00,6.13596e-01,6.13612e-01,9.99999e-01,9.99972e-01
9.735079792e+00,6.92473e-01,6.92492e-01,9.99999e-01,9.99972e-01
9.783755191e+00,6.32844e-01,6.32862e-01,9.99999e-01,9.99972e-01
9.832673967e+00,3.64921e-01,3.64931e-01,9.99999e-01,9.99972e-01
9.881837337e+00,2.00328e-01,2.00333e-01,9.99999e-01,9.99971e-01
9.931246523e+00,4.96815e-01,4.96828e-01,9.99999e-01,9.99971e-01
9.980902756e+00,6.45821e-01,6.45839e-01,9.99999e-01,9.99971e-01
1.003080727e+01,6.47601e-01,6.47620e-01,9.99999e-01,9.99970e-01
1.008096131e+01,6.84906e-01,6.84926e-01,9.99999e-01,9.99970e-01
1.013136611e+01,7.46964e-01,7.46986e-01,9.99999e-01,9.99970e-01
1.018202294e+01,7.72644e-01,7.72666e-01,9.99999e-01,9.99969e-01
1.023293306e+01,6.31068e-01,6.31087e-01,9.99999e-01,9.99969e-01
1.028409772e+01,4.43189e-01,4.43203e-01,9.99999e-01,9.99969e-01
1.033551821e+01,4.11904e-01,4.11917e-01,9.99999e-01,9.99968e-01
1.038719580e+01,2.32895e-01,2.32903e-01,9.99999e-01,9.99968e-01
1.043913178e+01,2.46068e-01,2.46075e-01,9.99999e-01,9.99968e-01
1.049132744e+01,4.37025e-01,4.37039e-01,9.99999e-01,9.99967e-01
1.054378408e+01,5.42739e-01,5.42757e-01,9.99999e-01,9.99967e-01
1.059650300e+01,5.25070e-01,5.25087e-01,9.99999e-01,9.99966e-01
1.064948551e+01,4.90253e-01,4.90269e-01,9.99999e-01,9.99966e-01
1.070273294e+01,3.61525e-01,3.61538e-01,9.99999e-01,9.99965e-01
1.075624661e+01,3.84511e-01,3.84524e-01,9.99999e-01,9.99965e-01
1.081002784e+01,3.90675e-01,3.90689e-01,9.99999e-01,9.99964e-01
1.086407798e+01,2.09422e-01,2.09429e-01,9.99999e-01,9.99963e-01
1.091839837e+01,9.70852e-02,9.70888e-02,9.99999e-01,9.99963e-01
1.097299036e+01,3.04189e-02,3.04201e-02,9.99999e-01,9.99962e-01
1.102785531e+01,2.18638e-02,2.18647e-02,9.99999e-01,9.99962e-01
1.108299459e+01,1.34170e-01,1.34175e-01,9.99999e-01,9.99961e-01
1.113840956e+01,3.50705e-01,3.50718e-01,9.99999e-01,9.99961e-01
1.119410161e+01,4.45521e-01,4.45538e-01,9.99999e-01,9.99960e-01
1.125007212e+01,3.29634e-01,3.29647e-01,9.99999e-01,9.99960e-01
1.130632248e+01,2.85249e-01,2.85260e-01,9.99999e-01,9.99959e-01
1.136285409e+01,3.93235e-01,3.93251e-01,9.99999e-01,9.99959e-01
1.141966836e+01,4.30365e-01,4.30383e-01,9.99999e-01,9.99958e-01
1.147676670e+01,3.57108e-01,3.57123e-01,9.99999e-01,9.99957e-01
1.153415054e+01,1.49927e-01,1.49933e-01,9.99999e-01,9.99957e-01
1.159182129e+01,9.68745e-02,9.68786e-02,9.99999e-01,9.99956e-01
1.164978039e+01,2.43390e-02,2.43401e-02,9.99999e-01,9.99956e-01
1.170802930e+01,6.88010e-03,6.88040e-03,9.99999e-01,9.99955e-01
1.176656944e+01,4.75825e-02,4.75846e-02,9.99999e-01,9.99954e-01
1.182540229e+01,1.57429e-01,1.57436e-01,9.99999e-01,9.99954e-01
1.188452930e+01,1.60950e-01,1.60957e-01,9.99999e-01,9.99953e-01
1.194395195e+01,2.10762e-01,2.10772e-01,9.99999e-01,9.99952e-01
1.200367171e+01,2.92786e-01,2.92800e-01,9.99999e-01,9.99952e-01
1.206369007e+01,1.71480e-01,1.71488e-01,9.99999e-01,9.99951e-01
1.212400852e+01,2.78584e-01,2.78598e-01,9.99999e-01,9.99950e-01
1.218462856e+01,2.76057e-01,2.76071e-01,9.99999e-01,9.99949e-01
1.224555170e+01,6.31471e-02,6.31503e-02,9.99999e-01,9.99948e-01
1.230677946e+01,3.98063e-02,3.98084e-02,9.99999e-01,9.99947e-01
1.236831336e+01,3.90349e-03,3.90370e-03,9.99999e-01,9.99946e-01
1.243015492e+01,1.03462e-03,1.03468e-03,9.99999e-01,9.99945e-01
1.249230570e+01,1.22805e-03,1.22812e-03,9.99999e-01,9.99944e-01
1.255476723e+01,3.32882e-03,3.32900e-03,9.99999e-01,9.99943e-01
1.261754106e+01,4.04032e-02,4.04055e-02,9.99999e-01,9.99941e-01
1.268062877e+01,1.15091e-01,1.15098e-01,9.99999e-01,9.99940e-01
1.274403191e+01,8.38295e-02,8.38345e-02,9.99999e-01,9.99939e-01
1.280775207e+01,1.47559e-01,1.47568e-01,9.99999e-01,9.99937e-01
1.287179083e+01,7.55949e-02,7.55997e-02,9.99999e-01,9.99936e-01
1.293614979e+01,1.03528e-01,1.03535e-01,9.99999e-01,9.99934e-01
1.300083054e+01,1.83392e-02,1.83404e-02,9.99999e-01,9.99932e-01
1.306583469e+01,2.23776e-02,2.23792e-02,9.99999e-01,9.99931e-01
1.313116386e+01,1.88712e-02,1.88725e-02,9.99999e-01,9.99929e-01
1.319681968e+01,1.11128e-02,1.11136e-02,9.99999e-01,9.99927e-01
1.326280378e+01,4.05022e-04,4.05052e-04,9.99999e-01,9.99925e-01
1.332911780e+01,8.33959e-04,8.34022e-04,9.99999e-01,9.99923e-01
1.339576339e+01,2.84372e-04,2.84394e-04,9.99999e-01,9.99921e-01
1.346274221e+01,7.11923e-06,7.11980e-06,9.99999e-01,9.99919e-01
1.353005592e+01,2.45286e-03,2.45306e-03,9.99999e-01,9.99917e-01
1.359770620e+01,5.46558e-03,5.46605e-03,9.99999e-01,9.99914e-01
1.366569473e+01,4.11746e-03,4.11782e-03,9.99999e-01,9.99911e-01
1.373402320e+01,1.99564e-02,1.99582e-02,9.99999e-01,9.99909e-01
1.380269332e+01,3.24250e-02,3.24280e-02,9.99999e-01,9.99906e-01
1.387170678e+01,8.95335e-03,8.95421e-03,9.99999e-01,9.99903e-01
1.394106532e+01,4.86837e-03,4.86886e-03,9.99999e-01,9.99900e-01
1.401077064e+01,9.96051e-04,9.96152e-04,9.99999e-01,9.99897e-01
1.408082450e+01,1.38794e-03,1.38808e-03,9.99999e-01,9.99894e-01
1.415122862e+01,3.36165e-05,3.36202e-05,9.99999e-01,9.99890e-01
1.422198476e+01,1.43093e-06,1.43109e-06,9.99999e-01,9.99887e-01
1.429309469e+01,5.20299e-06,5.20360e-06,9.99999e-01,9.99883e-01
1.436456016e+01,2.19152e-07,2.19178e-07,9.99999e-01,9.99880e-01
1.443638296e+01,2.73442e-08,2.73476e-08,9.99999e-01,9.99876e-01
1.450856487e+01,9.19414e-07,9.19531e-07,9.99999e-01,9.99872e-01
1.458110770e+01,1.49174e-04,1.49194e-04,9.99999e-01,9.99867e-01
1.465401324e+01,6.25757e-04,6.25843e-04,9.99999e-01,9.99863e-01
1.472728330e+01,6.34407e-04,6.34497e-04,9.99999e-01,9.99858e-01
1.480091972e+01,7.34863e-05,7.34970e-05,9.99999e-01,9.99853e-01
1.487492432e+01,1.70321e-07,1.70347e-07,9.99999e-01,9.99848e-01
1.494929894e+01,2.75106e-06,2.75149e-06,9.99999e-01,9.99843e-01
1.502404544e+01,7.51686e-05,7.51808e-05,9.99999e-01,9.99837e-01
1.509916566e+01,1.30256e-04,1.30278e-04,9.99999e-01,9.99831e-01
1.517466149e+01,2.03680e-05,2.03715e-05,9.99999e-01,9.99825e-01
1.525053480e+01,1.55996e-04,1.56024e-04,9.99999e-01,9.99819e-01
1.532678747e+01,8.82724e-06,8.82889e-06,9.99999e-01,9.99812e-01
1.540342141e+01,1.49767e-06,1.49796e-06,9.99999e-01,9.99806e-01
1.548043852e+01,2.55212e-07,2.55263e-07,9.99999e-01,9.99798e-01
1.555784071e+01,9.77064e-10,9.77267e-10,9.99999e-01,9.99791e-01
1.563562991e+01,4.34566e-13,4.34660e-13,9.99999e-01,9.99783e-01
1.571380806e+01,1.69714e-13,1.69752e-13,9.99999e-01,9.99775e-01
1.579237710e+01,2.49235e-10,2.49293e-10,9.99999e-01,9.99767e-01
1.587133899e+01,2.30420e-08,2.30476e-08,9.99999e-01,9.99758e-01
1.595069568e+01,1.07239e-09,1.07266e-09,9.99999e-01,9.99749e-01
1.603044916e+01,2.47458e-12,2.47522e-12,9.99999e-01,9.99739e-01
1.611060141e+01,1.72754e-12,1.72801e-12,9.99999e-01,9.99729e-01
1.619115441e+01,1.04808e-11,1.04838e-11,9.99999e-01,9.99718e-01
1.627211019e+01,4.35282e-13,4.35409e-13,9.99999e-01,9.99707e-01
1.635347074e+01,6.76751e-12,6.76957e-12,9.99999e-01,9.99696e-01
1.643523809e+01,4.57781e-12,4.57925e-12,9.99999e-01,9.99684e-01
1.651741428e+01,2.19123e-13,2.19195e-13,9.99999e-01,9.99672e-01
1.660000135e+01,1.36201e-16,1.36248e-16,9.99999e-01,9.99659e-01
1.668300136e+01,2.81079e-17,2.81178e-17,9.99999e-01,9.99647e-01
1.676641637e+01,1.03995e-14,1.04033e-14,9.99999e-01,9.99633e-01
1.685024845e+01,2.40002e-15,2.40093e-15,9.99999e-01,9.99620e-01
1.693449969e+01,1.17866e-18,1.17912e-18,9.99999e-01,9.99606e-01
1.701917219e+01,3.28067e-20,3.28200e-20,9.99999e-01,9.99591e-01
1.710426805e+01,8.77826e-26,8.78198e-26,9.99999e-01,9.99576e-01
1.718978939e+01,9.90808e-28,9.91242e-28,9.99999e-01,9.99560e-01
1.727573834e+01,4.54329e-28,4.54536e-28,9.99999e-01,9.99544e-01
1.736211703e+01,1.08435e-30,1.08486e-30,9.99999e-01,9.99526e-01
1.744892761e+01,2.09857e-26,2.09960e-26,9.99999e-01,9.99508e-01
1.753617225e+01,1.75032e-21,1.75121e-21,9.99999e-01,9.99489e-01
1.762385311e+01,1.61922e-20,1.62008e-20,9.99999e-01,9.99469e-01
1.771197238e+01,1.55352e-22,1.55437e-22,9.99999e-01,9.99449e-01
1.780053224e+01,1.11497e-23,1.11560e-23,9.99999e-01,9.99429e-01
1.788953490e+01,5.17114e-26,5.17420e-26,9.99999e-01,9.99408e-01
1.797898258e+01,5.27823e-29,5.28148e-29,9.99999e-01,9.99384e-01
1.806887749e+01,5.26673e-30,5.27010e-30,9.99999e-01,9.99360e-01
1.815922188e+01,7.40190e-40,7.40681e-40,9.99999e-01,9.99336e-01
1.825001799e+01,2.58345e-31,2.58524e-31,9.99999e-01,9.99309e-01
1.834126808e+01,7.29700e-29,7.30223e-29,9.99999e-01,9.99282e-01
1.843297442e+01,5.66052e-29,5.66474e-29,9.99999e-01,9.99254e-01
1.852513929e+01,1.50013e-32,1.50129e-32,9.99999e-01,9.99226e-01
1.861776499e+01,1.32156e-46,1.32262e-46,9.99999e-01,9.99195e-01
1.871085381e+01,3.32498e-37,3.32775e-37,9.99999e-01,9.99165e-01
1.880440808e+01,3.10727e-31,3.10996e-31,9.99999e-01,9.99134e-01
1.889843012e+01,5.80692e-32,5.81214e-32,9.99999e-01,9.99102e-01
1.899292227e+01,3.24994e-44,3.25297e-44,9.99999e-01,9.99067e-01
1.908788688e+01,1.01487e-41,1.01585e-41,9.99999e-01,9.99032e-01
1.918332632e+01,3.25970e-42,3.26297e-42,9.99999e-01,9.98996e-01
1.927924295e+01,3.52923e-52,3.53290e-52,9.99999e-01,9.98960e-01
1.937563916e+01,2.68166e-80,2.68456e-80,9.99999e-01,9.98922e-01
1.947251736e+01,1.23415e-81,1.23553e-81,9.99999e-01,9.98884e-01
1.956987994e+01,2.61033e-78,2.61335e-78,9.99999e-01,9.98846e-01
1.966772934e+01,1.04974e-64,1.05099e-64,9.99999e-01,9.98802e-01
1.976606799e+01,5.90356e-63,5.91091e-63,9.99999e-01,9.98756e-01
1.986489833e+01,1.62012e-67,1.62221e-67,9.99999e-01,9.98710e-01
1.996422282e+01,3.50418e-63,3.50887e-63,9.99999e-01,9.98663e-01
