#,Wave/freq,Total,O2,H2O,Rayleigh,CIA
4.000000000e-01,9.99896e-01,9.99999e-01,9.99984e-01,9.99911e-01,9.99999e-01
4.020000000e-01,9.99903e-01,9.99999e-01,9.99990e-01,9.99913e-01,9.99999e-01
4.040100000e-01,9.99910e-01,9.99999e-01,9.99995e-01,9.99914e-01,9.99999e-01
4.060300500e-01,9.99915e-01,9.99999e-01,9.99998e-01,9.99916e-01,9.99999e-01
4.080602003e-01,9.99917e-01,9.99999e-01,9.99999e-01,9.99918e-01,9.99999e-01
4.101005013e-01,9.99919e-01,9.99999e-01,9.99999e-01,9.99919e-01,9.99999e-01
4.121510038e-01,9.99920e-01,9.99999e-01,9.99998e-01,9.99921e-01,9.99999e-01
4.142117588e-01,9.99918e-01,9.99999e-01,9.99995e-01,9.99922e-01,9.99999e-01
4.162828176e-01,9.99905e-01,9.99999e-01,9.99981e-01,9.99924e-01,9.99999e-01
4.183642317e-01,9.99914e-01,9.99999e-01,9.99988e-01,9.99925e-01,9.99999e-01
4.204560528e-01,9.99920e-01,9.99999e-01,9.99992e-01,9.99927e-01,9.99999e-01
4.225583331e-01,9.99926e-01,9.99999e-01,9.99996e-01,9.99928e-01,9.99999e-01
4.246711247e-01,9.99928e-01,9.99999e-01,9.99997e-01,9.99930e-01,9.99999e-01
4.267944804e-01,9.99928e-01,9.99999e-01,9.99996e-01,9.99931e-01,9.99999e-01
4.289284528e-01,9.99930e-01,9.99999e-01,9.99997e-01,9.99932e-01,9.99999e-01
4.310730950e-01,9.99933e-01,9.99999e-01,9.99998e-01,9.99934e-01,9.99999e-01
4.332284605e-01,9.99935e-01,9.99999e-01,9.99999e-01,9.99935e-01,9.99999e-01
4.353946028e-01,9.99936e-01,9.99999e-01,9.99999e-01,9.99936e-01,9.99999e-01
4.375715758e-01,9.99936e-01,9.99999e-01,9.99997e-01,9.99937e-01,9.99999e-01
4.397594337e-01,9.99923e-01,9.99999e-01,9.99983e-01,9.99939e-01,9.99999e-01
4.419582309e-01,9.99859e-01,9.99999e-01,9.99918e-01,9.99940e-01,9.99999e-01
4.441680220e-01,9.99877e-01,9.99999e-01,9.99935e-01,9.99941e-01,9.99999e-01
4.463888621e-01,9.99875e-01,9.99999e-01,9.99932e-01,9.99942e-01,9.99999e-01
4.486208064e-01,9.99902e-01,9.99999e-01,9.99957e-01,9.99943e-01,9.99999e-01
4.508639105e-01,9.99925e-01,9.99999e-01,9.99980e-01,9.99944e-01,9.99999e-01
4.531182300e-01,9.99938e-01,9.99999e-01,9.99991e-01,9.99945e-01,9.99999e-01
4.553838212e-01,9.99941e-01,9.99999e-01,9.99994e-01,9.99947e-01,9.99999e-01
4.576607403e-01,9.99945e-01,9.99999e-01,9.99997e-01,9.99948e-01,9.99999e-01
4.599490440e-01,9.99947e-01,9.99999e-01,9.99997e-01,9.99949e-01,9.99999e-01
4.622487892e-01,9.99949e-01,9.99999e-01,9.99999e-01,9.99950e-01,9.99999e-01
4.645600332e-01,9.99949e-01,9.99999e-01,9.99998e-01,9.99951e-01,9.99999e-01
4.668828333e-01,9.99932e-01,9.99999e-01,9.99979e-01,9.99952e-01,9.99999e-01
4.692172475e-01,9.99911e-01,9.99999e-01,9.99957e-01,9.99952e-01,9.99999e-01
4.715633337e-01,9.99926e-01,9.99999e-01,9.99972e-01,9.99953e-01,9.99999e-01
4.739211504e-01,9.99928e-01,9.99999e-01,9.99973e-01,9.99954e-01,9.99999e-01
4.762907561e-01,9.99942e-01,9.99999e-01,9.99985e-01,9.99955e-01,9.99999e-01
4.786722099e-01,9.99950e-01,9.99999e-01,9.99993e-01,9.99956e-01,9.99999e-01
4.810655710e-01,9.99955e-01,9.99999e-01,9.99997e-01,9.99957e-01,9.99999e-01
4.834708988e-01,9.99942e-01,9.99999e-01,9.99983e-01,9.99958e-01,9.99999e-01
4.858882533e-01,9.99929e-01,9.99999e-01,9.99969e-01,9.99959e-01,9.99999e-01
4.883176946e-01,9.99935e-01,9.99999e-01,9.99974e-01,9.99959e-01,9.99999e-01
4.907592831e-01,9.99938e-01,9.99999e-01,9.99977e-01,9.99960e-01,9.99999e-01
4.932130795e-01,9.99945e-01,9.99999e-01,9.99983e-01,9.99961e-01,9.99999e-01
4.956791449e-01,9.99953e-01,9.99999e-01,9.99991e-01,9.99962e-01,9.99999e-01
4.981575406e-01,9.99920e-01,9.99999e-01,9.99957e-01,9.99962e-01,9.99999e-01
5.006483283e-01,9.99855e-01,9.99999e-01,9.99891e-01,9.99963e-01,9.99999e-01
5.031515699e-01,9.99411e-01,9.99999e-01,9.99447e-01,9.99964e-01,9.99999e-01
5.056673278e-01,9.99672e-01,9.99999e-01,9.99707e-01,9.99964e-01,9.99999e-01
5.081956644e-01,9.99596e-01,9.99999e-01,9.99630e-01,9.99965e-01,9.99999e-01
5.107366428e-01,9.99717e-01,9.99999e-01,9.99750e-01,9.99966e-01,9.99999e-01
5.132903260e-01,9.99824e-01,9.99999e-01,9.99856e-01,9.99966e-01,9.99999e-01
5.158567776e-01,9.99907e-01,9.99999e-01,9.99939e-01,9.99967e-01,9.99999e-01
5.184360615e-01,9.99944e-01,9.99999e-01,9.99975e-01,9.99968e-01,9.99999e-01
5.210282418e-01,9.99959e-01,9.99999e-01,9.99990e-01,9.99968e-01,9.99999e-01
5.236333830e-01,9.99933e-01,9.99999e-01,9.99963e-01,9.99969e-01,9.99999e-01
5.262515499e-01,9.99947e-01,9.99999e-01,9.99976e-01,9.99970e-01,9.99999e-01
5.288828077e-01,9.99950e-01,9.99999e-01,9.99978e-01,9.99970e-01,9.99999e-01
5.315272217e-01,9.99952e-01,9.99999e-01,9.99981e-01,9.99971e-01,9.99999e-01
5.341848578e-01,9.99959e-01,9.99999e-01,9.99987e-01,9.99971e-01,9.99999e-01
5.368557821e-01,9.99930e-01,9.99999e-01,9.99957e-01,9.99972e-01,9.99999e-01
5.395400610e-01,9.99822e-01,9.99999e-01,9.99849e-01,9.99972e-01,9.99999e-01
5.422377613e-01,9.99777e-01,9.99999e-01,9.99803e-01,9.99973e-01,9.99999e-01
5.449489501e-01,9.99792e-01,9.99999e-01,9.99818e-01,9.99973e-01,9.99999e-01
5.476736949e-01,9.99812e-01,9.99999e-01,9.99837e-01,9.99974e-01,9.99999e-01
5.504120634e-01,9.99857e-01,9.99999e-01,9.99882e-01,9.99974e-01,9.99999e-01
5.531641237e-01,9.99916e-01,9.99999e-01,9.99940e-01,9.99975e-01,9.99999e-01
5.559299443e-01,9.99947e-01,9.99999e-01,9.99970e-01,9.99975e-01,9.99999e-01
5.587095940e-01,9.99958e-01,9.99999e-01,9.99981e-01,9.99976e-01,9.99999e-01
5.615031420e-01,9.99956e-01,9.99999e-01,9.99979e-01,9.99976e-01,9.99999e-01
5.643106577e-01,9.99955e-01,9.99999e-01,9.99977e-01,9.99977e-01,9.99999e-01
5.671322110e-01,9.99707e-01,9.99999e-01,9.99729e-01,9.99977e-01,9.99999e-01
5.699678720e-01,9.99685e-01,9.99999e-01,9.99706e-01,9.99978e-01,9.99999e-01
5.728177114e-01,9.99676e-01,9.99999e-01,9.99697e-01,9.99978e-01,9.99999e-01
5.756818000e-01,9.99700e-01,9.99999e-01,9.99721e-01,9.99978e-01,9.99999e-01
5.785602090e-01,9.99736e-01,9.99999e-01,9.99756e-01,9.99979e-01,9.99999e-01
5.814530100e-01,9.99736e-01,9.99999e-01,9.99756e-01,9.99979e-01,9.99999e-01
5.843602750e-01,9.99691e-01,9.99999e-01,9.99711e-01,9.99980e-01,9.99999e-01
5.872820764e-01,9.97491e-01,9.99999e-01,9.97510e-01,9.99980e-01,9.99999e-01
5.902184868e-01,9.96945e-01,9.99999e-01,9.96964e-01,9.99980e-01,9.99999e-01
5.931695792e-01,9.97841e-01,9.99999e-01,9.97859e-01,9.99981e-01,9.99999e-01
5.961354271e-01,9.97632e-01,9.99999e-01,9.97649e-01,9.99981e-01,9.99999e-01
5.991161043e-01,9.98267e-01,9.99999e-01,9.98284e-01,9.99981e-01,9.99999e-01
6.021116848e-01,9.99008e-01,9.99999e-01,9.99025e-01,9.99982e-01,9.99999e-01
6.051222432e-01,9.99489e-01,9.99999e-01,9.99506e-01,9.99982e-01,9.99999e-01
6.081478544e-01,9.99770e-01,9.99999e-01,9.99787e-01,9.99983e-01,9.99999e-01
6.111885937e-01,9.99893e-01,9.99999e-01,9.99909e-01,9.99983e-01,9.99999e-01
6.142445367e-01,9.99943e-01,9.99999e-01,9.99959e-01,9.99983e-01,9.99999e-01
6.173157594e-01,9.99961e-01,9.99999e-01,9.99977e-01,9.99983e-01,9.99999e-01
6.204023382e-01,9.99965e-01,9.99999e-01,9.99980e-01,9.99984e-01,9.99999e-01
6.235043498e-01,9.99903e-01,9.99999e-01,9.99918e-01,9.99984e-01,9.99999e-01
6.266218716e-01,9.99549e-01,9.99999e-01,9.99563e-01,9.99984e-01,9.99999e-01
6.297549810e-01,9.99825e-01,9.99999e-01,9.99839e-01,9.99985e-01,9.99999e-01
6.329037559e-01,9.99668e-01,9.99999e-01,9.99683e-01,9.99985e-01,9.99999e-01
6.360682746e-01,9.99717e-01,9.99999e-01,9.99730e-01,9.99985e-01,9.99999e-01
6.392486160e-01,9.99637e-01,9.99999e-01,9.99650e-01,9.99985e-01,9.99999e-01
6.424448591e-01,9.99522e-01,9.99999e-01,9.99535e-01,9.99986e-01,9.99999e-01
6.456570834e-01,9.97831e-01,9.99999e-01,9.97844e-01,9.99986e-01,9.99999e-01
6.488853688e-01,9.98123e-01,9.99999e-01,9.98136e-01,9.99986e-01,9.99999e-01
6.521297956e-01,9.98365e-01,9.99999e-01,9.98378e-01,9.99987e-01,9.99999e-01
6.553904446e-01,9.98386e-01,9.99999e-01,9.98398e-01,9.99987e-01,9.99999e-01
6.586673968e-01,9.98605e-01,9.99999e-01,9.98617e-01,9.99987e-01,9.99999e-01
6.619607338e-01,9.99188e-01,9.99999e-01,9.99200e-01,9.99987e-01,9.99999e-01
6.652705375e-01,9.99524e-01,9.99999e-01,9.99536e-01,9.99987e-01,9.99999e-01
6.685968902e-01,9.99773e-01,9.99999e-01,9.99784e-01,9.99988e-01,9.99999e-01
6.719398746e-01,9.99888e-01,9.99999e-01,9.99899e-01,9.99988e-01,9.99999e-01
6.752995740e-01,9.99934e-01,9.99999e-01,9.99945e-01,9.99988e-01,9.99999e-01
6.786760719e-01,9.99911e-01,9.99999e-01,9.99922e-01,9.99988e-01,9.99999e-01
6.820694522e-01,9.99856e-01,9.99999e-01,9.99866e-01,9.99989e-01,9.99999e-01
6.854797995e-01,9.99818e-01,9.99999e-01,9.99828e-01,9.99989e-01,9.99999e-01
6.889071985e-01,9.99579e-01,9.99999e-01,9.99589e-01,9.99989e-01,9.99999e-01
6.923517345e-01,9.93246e-01,9.99999e-01,9.93256e-01,9.99989e-01,9.99999e-01
6.958134932e-01,9.96426e-01,9.99999e-01,9.96436e-01,9.99989e-01,9.99999e-01
6.992925606e-01,9.96655e-01,9.99999e-01,9.96664e-01,9.99990e-01,9.99999e-01
7.027890234e-01,9.95849e-01,9.99999e-01,9.95858e-01,9.99990e-01,9.99999e-01
7.063029686e-01,9.96511e-01,9.99999e-01,9.96520e-01,9.99990e-01,9.99999e-01
7.098344834e-01,9.96652e-01,9.99999e-01,9.96661e-01,9.99990e-01,9.99999e-01
7.133836558e-01,9.95582e-01,9.99999e-01,9.95591e-01,9.99990e-01,9.99999e-01
7.169505741e-01,9.64782e-01,9.99999e-01,9.64790e-01,9.99990e-01,9.99999e-01
7.205353270e-01,9.82393e-01,9.99999e-01,9.82402e-01,9.99991e-01,9.99999e-01
7.241380036e-01,9.77947e-01,9.99999e-01,9.77956e-01,9.99991e-01,9.99998e-01
7.277586936e-01,9.80064e-01,9.99999e-01,9.80072e-01,9.99991e-01,9.99999e-01
7.313974871e-01,9.78730e-01,9.99999e-01,9.78738e-01,9.99991e-01,9.99999e-01
7.350544745e-01,9.88347e-01,9.99999e-01,9.88355e-01,9.99991e-01,9.99999e-01
7.387297469e-01,9.91411e-01,9.99999e-01,9.91418e-01,9.99991e-01,9.99999e-01
7.424233956e-01,9.95779e-01,9.99999e-01,9.95787e-01,9.99992e-01,9.99999e-01
7.461355126e-01,9.97441e-01,9.99999e-01,9.97448e-01,9.99992e-01,9.99999e-01
7.498661902e-01,9.98802e-01,9.99999e-01,9.98809e-01,9.99992e-01,9.99999e-01
7.536155211e-01,9.99409e-01,9.99999e-01,9.99416e-01,9.99992e-01,9.99999e-01
7.573835987e-01,9.99692e-01,9.99999e-01,9.99699e-01,9.99992e-01,9.99999e-01
7.611705167e-01,9.99806e-01,9.99999e-01,9.99813e-01,9.99992e-01,9.99999e-01
7.649763693e-01,9.99876e-01,9.99999e-01,9.99882e-01,9.99992e-01,9.99999e-01
7.688012511e-01,9.99911e-01,9.99999e-01,9.99918e-01,9.99993e-01,9.99999e-01
7.726452574e-01,9.99926e-01,9.99999e-01,9.99932e-01,9.99993e-01,9.99999e-01
7.765084837e-01,9.99899e-01,9.99999e-01,9.99905e-01,9.99993e-01,9.99999e-01
7.803910261e-01,9.99586e-01,9.99999e-01,9.99592e-01,9.99993e-01,9.99999e-01
7.842929812e-01,9.98572e-01,9.99999e-01,9.98578e-01,9.99993e-01,9.99999e-01
7.882144461e-01,9.97048e-01,9.99999e-01,9.97053e-01,9.99993e-01,9.99999e-01
7.921555184e-01,9.98371e-01,9.99999e-01,9.98377e-01,9.99993e-01,9.99999e-01
7.961162960e-01,9.97151e-01,9.99999e-01,9.97156e-01,9.99993e-01,9.99999e-01
8.000968774e-01,9.96697e-01,9.99999e-01,9.96703e-01,9.99993e-01,9.99999e-01
8.040973618e-01,9.96700e-01,9.99999e-01,9.96705e-01,9.99994e-01,9.99999e-01
8.081178486e-01,9.92611e-01,9.99999e-01,9.92616e-01,9.99994e-01,9.99999e-01
8.121584379e-01,9.69461e-01,9.99999e-01,9.69466e-01,9.99994e-01,9.99999e-01
8.162192301e-01,9.63566e-01,9.99999e-01,9.63572e-01,9.99994e-01,9.99999e-01
8.203003262e-01,9.81854e-01,9.99999e-01,9.81860e-01,9.99994e-01,9.99998e-01
8.244018279e-01,9.74219e-01,9.99999e-01,9.74224e-01,9.99994e-01,9.99998e-01
8.285238370e-01,9.78225e-01,9.99999e-01,9.78230e-01,9.99994e-01,9.99999e-01
8.326664562e-01,9.77916e-01,9.99999e-01,9.77921e-01,9.99994e-01,9.99999e-01
8.368297885e-01,9.84176e-01,9.99999e-01,9.84180e-01,9.99994e-01,9.99999e-01
8.410139374e-01,9.90569e-01,9.99999e-01,9.90573e-01,9.99994e-01,9.99999e-01
8.452190071e-01,9.95361e-01,9.99999e-01,9.95365e-01,9.99995e-01,9.99999e-01
8.494451021e-01,9.97312e-01,9.99999e-01,9.97317e-01,9.99995e-01,9.99999e-01
8.536923276e-01,9.98404e-01,9.99999e-01,9.98408e-01,9.99995e-01,9.99999e-01
8.579607893e-01,9.99017e-01,9.99999e-01,9.99022e-01,9.99995e-01,9.99999e-01
8.622505932e-01,9.99373e-01,9.99999e-01,9.99377e-01,9.99995e-01,9.99999e-01
8.665618462e-01,9.99611e-01,9.99999e-01,9.99615e-01,9.99995e-01,9.99999e-01
8.708946554e-01,9.99557e-01,9.99999e-01,9.99560e-01,9.99995e-01,9.99999e-01
8.752491287e-01,9.99408e-01,9.99999e-01,9.99412e-01,9.99995e-01,9.99999e-01
8.796253743e-01,9.99184e-01,9.99999e-01,9.99188e-01,9.99995e-01,9.99999e-01
8.840235012e-01,9.99068e-01,9.99999e-01,9.99072e-01,9.99995e-01,9.99999e-01
8.884436187e-01,9.96653e-01,9.99999e-01,9.96657e-01,9.99995e-01,9.99999e-01
8.928858368e-01,9.64925e-01,9.99999e-01,9.64929e-01,9.99995e-01,9.99999e-01
8.973502660e-01,9.38308e-01,9.99999e-01,9.38312e-01,9.99996e-01,9.99998e-01
9.018370173e-01,9.67846e-01,9.99999e-01,9.67850e-01,9.99996e-01,9.99998e-01
9.063462024e-01,9.71993e-01,9.99999e-01,9.71998e-01,9.99996e-01,9.99998e-01
9.108779334e-01,9.56493e-01,9.99999e-01,9.56497e-01,9.99996e-01,9.99998e-01
9.154323231e-01,9.50680e-01,9.99999e-01,9.50684e-01,9.99996e-01,9.99998e-01
9.200094847e-01,9.61070e-01,9.99999e-01,9.61075e-01,9.99996e-01,9.99997e-01
9.246095321e-01,9.40313e-01,9.99999e-01,9.40319e-01,9.99996e-01,9.99996e-01
9.292325798e-01,6.58971e-01,9.99999e-01,6.58976e-01,9.99996e-01,9.99993e-01
9.338787427e-01,5.81301e-01,9.99999e-01,5.81308e-01,9.99996e-01,9.99991e-01
9.385481364e-01,8.03585e-01,9.99999e-01,8.03594e-01,9.99996e-01,9.99991e-01
9.432408771e-01,7.38045e-01,9.99999e-01,7.38054e-01,9.99996e-01,9.99990e-01
9.479570815e-01,6.56910e-01,9.99999e-01,6.56917e-01,9.99996e-01,9.99991e-01
9.526968669e-01,7.29472e-01,9.99999e-01,7.29478e-01,9.99996e-01,9.99993e-01
9.574603512e-01,7.50144e-01,9.99999e-01,7.50149e-01,9.99996e-01,9.99995e-01
9.622476530e-01,7.91382e-01,9.99999e-01,7.91386e-01,9.99996e-01,9.99996e-01
9.670588912e-01,8.74103e-01,9.99999e-01,8.74107e-01,9.99996e-01,9.99997e-01
9.718941857e-01,9.19608e-01,9.99999e-01,9.19612e-01,9.99996e-01,9.99998e-01
9.767536566e-01,9.32831e-01,9.99999e-01,9.32834e-01,9.99997e-01,9.99998e-01
9.816374249e-01,9.49723e-01,9.99999e-01,9.49726e-01,9.99997e-01,9.99998e-01
9.865456120e-01,9.68293e-01,9.99999e-01,9.68296e-01,9.99997e-01,9.99999e-01
9.914783401e-01,9.80299e-01,9.99999e-01,9.80301e-01,9.99997e-01,9.99999e-01
9.964357318e-01,9.89221e-01,9.99999e-01,9.89223e-01,9.99997e-01,9.99999e-01
1.001417910e+00,9.93526e-01,9.99999e-01,9.93528e-01,9.99997e-01,9.99999e-01
1.006425000e+00,9.96309e-01,9.99999e-01,9.96312e-01,9.99997e-01,9.99999e-01
1.011457125e+00,9.97703e-01,9.99999e-01,9.97705e-01,9.99997e-01,9.99999e-01
1.016514411e+00,9.98441e-01,9.99999e-01,9.98443e-01,9.99997e-01,9.99999e-01
1.021596983e+00,9.98758e-01,9.99999e-01,9.98760e-01,9.99997e-01,9.99999e-01
1.026704968e+00,9.99031e-01,9.99999e-01,9.99033e-01,9.99997e-01,9.99999e-01
1.031838492e+00,9.99294e-01,9.99999e-01,9.99296e-01,9.99997e-01,9.99999e-01
1.036997685e+00,9.99580e-01,9.99999e-01,9.99582e-01,9.99997e-01,9.99999e-01
1.042182673e+00,9.99501e-01,9.99999e-01,9.99503e-01,9.99997e-01,9.99999e-01
1.047393587e+00,9.99339e-01,9.99999e-01,9.99340e-01,9.99997e-01,9.99999e-01
1.052630555e+00,9.99094e-01,9.99999e-01,9.99096e-01,9.99997e-01,9.99999e-01
1.057893707e+00,9.98491e-01,9.99999e-01,9.98493e-01,9.99997e-01,9.99999e-01
1.063183176e+00,9.97518e-01,9.99999e-01,9.97520e-01,9.99997e-01,9.99999e-01
1.068499092e+00,9.95843e-01,9.99999e-01,9.95845e-01,9.99997e-01,9.99999e-01
1.073841587e+00,9.95143e-01,9.99999e-01,9.95144e-01,9.99997e-01,9.99999e-01
1.079210795e+00,9.93765e-01,9.99999e-01,9.93767e-01,9.99997e-01,9.99999e-01
1.084606849e+00,9.90586e-01,9.99999e-01,9.90588e-01,9.99997e-01,9.99999e-01
1.090029883e+00,9.86553e-01,9.99999e-01,9.86555e-01,9.99997e-01,9.99999e-01
1.095480033e+00,9.63725e-01,9.99999e-01,9.63728e-01,9.99997e-01,9.99998e-01
1.100957433e+00,9.10296e-01,9.99999e-01,9.10299e-01,9.99997e-01,9.99997e-01
1.106462220e+00,7.87315e-01,9.99999e-01,7.87319e-01,9.99997e-01,9.99996e-01
1.111994531e+00,6.03192e-01,9.99999e-01,6.03197e-01,9.99998e-01,9.99992e-01
1.117554504e+00,4.40542e-01,9.99999e-01,4.40547e-01,9.99998e-01,9.99989e-01
1.123142276e+00,5.44852e-01,9.99999e-01,5.44859e-01,9.99998e-01,9.99987e-01
1.128757988e+00,6.79657e-01,9.99999e-01,6.79666e-01,9.99998e-01,9.99986e-01
1.134401778e+00,4.19077e-01,9.99999e-01,4.19083e-01,9.99998e-01,9.99985e-01
1.140073787e+00,7.95018e-01,9.99999e-01,7.95029e-01,9.99998e-01,9.99987e-01
1.145774156e+00,6.18124e-01,9.99999e-01,6.18131e-01,9.99998e-01,9.99989e-01
1.151503026e+00,5.84831e-01,9.99999e-01,5.84837e-01,9.99998e-01,9.99991e-01
1.157260541e+00,6.40437e-01,9.99999e-01,6.40442e-01,9.99998e-01,9.99993e-01
1.163046844e+00,7.19203e-01,9.99999e-01,7.19207e-01,9.99998e-01,9.99995e-01
1.168862078e+00,7.95683e-01,9.99999e-01,7.95685e-01,9.99998e-01,9.99997e-01
1.174706389e+00,8.68495e-01,9.99999e-01,8.68497e-01,9.99998e-01,9.99998e-01
1.180579921e+00,9.17729e-01,9.99999e-01,9.17730e-01,9.99998e-01,9.99998e-01
1.186482820e+00,9.52711e-01,9.99999e-01,9.52712e-01,9.99998e-01,9.99998e-01
1.192415234e+00,9.72155e-01,9.99999e-01,9.72157e-01,9.99998e-01,9.99999e-01
1.198377311e+00,9.76511e-01,9.99999e-01,9.76512e-01,9.99998e-01,9.99999e-01
1.204369197e+00,9.77737e-01,9.99999e-01,9.77739e-01,9.99998e-01,9.99999e-01
1.210391043e+00,9.78701e-01,9.99999e-01,9.78703e-01,9.99998e-01,9.99999e-01
1.216442998e+00,9.81826e-01,9.99999e-01,9.81827e-01,9.99998e-01,9.99999e-01
1.222525213e+00,9.85835e-01,9.99999e-01,9.85837e-01,9.99998e-01,9.99999e-01
1.228637839e+00,9.90150e-01,9.99999e-01,9.90151e-01,9.99998e-01,9.99999e-01
1.234781029e+00,9.92670e-01,9.99999e-01,9.92671e-01,9.99998e-01,9.99999e-01
1.240954934e+00,9.95363e-01,9.99999e-01,9.95364e-01,9.99998e-01,9.99999e-01
1.247159708e+00,9.96385e-01,9.99999e-01,9.96386e-01,9.99998e-01,9.99999e-01
1.253395507e+00,9.96794e-01,9.99999e-01,9.96795e-01,9.99998e-01,9.99999e-01
1.259662485e+00,9.96959e-01,9.99999e-01,9.96960e-01,9.99998e-01,9.99999e-01
1.265960797e+00,9.95136e-01,9.99999e-01,9.95137e-01,9.99998e-01,9.99999e-01
1.272290601e+00,9.92866e-01,9.99999e-01,9.92867e-01,9.99998e-01,9.99999e-01
1.278652054e+00,9.84965e-01,9.99999e-01,9.84966e-01,9.99998e-01,9.99999e-01
1.285045314e+00,9.76444e-01,9.99999e-01,9.76445e-01,9.99998e-01,9.99998e-01
1.291470541e+00,9.53135e-01,9.99999e-01,9.53137e-01,9.99998e-01,9.99998e-01
1.297927893e+00,9.39195e-01,9.99999e-01,9.39197e-01,9.99998e-01,9.99997e-01
1.304417533e+00,9.22245e-01,9.99999e-01,9.22249e-01,9.99998e-01,9.99996e-01
1.310939621e+00,9.11752e-01,9.99999e-01,9.11757e-01,9.99998e-01,9.99994e-01
1.317494319e+00,9.04188e-01,9.99999e-01,9.04197e-01,9.99998e-01,9.99990e-01
1.324081790e+00,8.60178e-01,9.99999e-01,8.60191e-01,9.99998e-01,9.99985e-01
1.330702199e+00,5.44011e-01,9.99999e-01,5.44025e-01,9.99998e-01,9.99975e-01
1.337355710e+00,2.12104e-01,9.99999e-01,2.12114e-01,9.99998e-01,9.99953e-01
1.344042489e+00,1.96436e-02,9.99999e-01,1.96455e-02,9.99998e-01,9.99901e-01
1.350762701e+00,3.50945e-04,9.99999e-01,3.51000e-04,9.99998e-01,9.99843e-01
1.357516515e+00,1.81715e-05,9.99999e-01,1.81751e-05,9.99998e-01,9.99806e-01
1.364304097e+00,7.53777e-04,9.99999e-01,7.53934e-04,9.99998e-01,9.99792e-01
1.371125618e+00,7.78253e-03,9.99999e-01,7.78416e-03,9.99998e-01,9.99790e-01
1.377981246e+00,1.65342e-02,9.99999e-01,1.65379e-02,9.99998e-01,9.99774e-01
1.384871152e+00,7.61232e-04,9.99999e-01,7.61401e-04,9.99998e-01,9.99777e-01
1.391795508e+00,1.04961e-03,9.99999e-01,1.04981e-03,9.99998e-01,9.99809e-01
1.398754485e+00,3.00269e-03,9.99999e-01,3.00317e-03,9.99998e-01,9.99840e-01
1.405748258e+00,2.81746e-03,9.99999e-01,2.81786e-03,9.99998e-01,9.99856e-01
1.412776999e+00,2.96907e-03,9.99999e-01,2.96942e-03,9.99998e-01,9.99884e-01
1.419840884e+00,4.43673e-03,9.99999e-01,4.43711e-03,9.99998e-01,9.99913e-01
1.426940089e+00,1.40122e-02,9.99999e-01,1.40130e-02,9.99998e-01,9.99946e-01
1.434074789e+00,3.85534e-02,9.99999e-01,3.85547e-02,9.99998e-01,9.99966e-01
1.441245163e+00,8.45265e-02,9.99999e-01,8.45287e-02,9.99998e-01,9.99973e-01
1.448451389e+00,1.71504e-01,9.99999e-01,1.71508e-01,9.99998e-01,9.99978e-01
1.455693646e+00,3.13217e-01,9.99999e-01,3.13222e-01,9.99998e-01,9.99981e-01
1.462972114e+00,3.70497e-01,9.99999e-01,3.70502e-01,9.99999e-01,9.99984e-01
1.470286975e+00,3.13376e-01,9.99999e-01,3.13380e-01,9.99999e-01,9.99986e-01
1.477638409e+00,3.55988e-01,9.99999e-01,3.55992e-01,9.99999e-01,9.99987e-01
1.485026601e+00,4.30938e-01,9.99999e-01,4.30942e-01,9.99999e-01,9.99990e-01
1.492451734e+00,5.31636e-01,9.99999e-01,5.31639e-01,9.99999e-01,9.99993e-01
1.499913993e+00,6.55355e-01,9.99999e-01,6.55357e-01,9.99999e-01,9.99996e-01
1.507413563e+00,7.37441e-01,9.99999e-01,7.37442e-01,9.99999e-01,9.99997e-01
1.514950631e+00,8.26271e-01,9.99999e-01,8.26272e-01,9.99999e-01,9.99998e-01
1.522525384e+00,8.84098e-01,9.99999e-01,8.84099e-01,9.99999e-01,9.99998e-01
1.530138011e+00,9.13466e-01,9.99999e-01,9.13466e-01,9.99999e-01,9.99999e-01
1.537788701e+00,9.50368e-01,9.99999e-01,9.50369e-01,9.99999e-01,9.99999e-01
1.545477645e+00,9.67940e-01,9.99999e-01,9.67941e-01,9.99999e-01,9.99999e-01
1.553205033e+00,9.73901e-01,9.99999e-01,9.73902e-01,9.99999e-01,9.99999e-01
1.560971058e+00,9.83661e-01,9.99999e-01,9.83662e-01,9.99999e-01,9.99999e-01
1.568775913e+00,9.89239e-01,9.99999e-01,9.89239e-01,9.99999e-01,9.99999e-01
1.576619793e+00,9.91613e-01,9.99999e-01,9.91613e-01,9.99999e-01,9.99999e-01
1.584502892e+00,9.94904e-01,9.99999e-01,9.94904e-01,9.99999e-01,9.99999e-01
1.592425406e+00,9.95282e-01,9.99999e-01,9.95283e-01,9.99999e-01,9.99999e-01
1.600387533e+00,9.96747e-01,9.99999e-01,9.96747e-01,9.99999e-01,9.99999e-01
1.608389471e+00,9.96634e-01,9.99999e-01,9.96634e-01,9.99999e-01,9.99999e-01
1.616431418e+00,9.96566e-01,9.99999e-01,9.96566e-01,9.99999e-01,9.99999e-01
1.624513575e+00,9.96326e-01,9.99999e-01,9.96326e-01,9.99999e-01,9.99999e-01
1.632636143e+00,9.94244e-01,9.99999e-01,9.94244e-01,9.99999e-01,9.99999e-01
1.640799324e+00,9.92331e-01,9.99999e-01,9.92332e-01,9.99999e-01,9.99999e-01
1.649003321e+00,9.90191e-01,9.99999e-01,9.90191e-01,9.99999e-01,9.99999e-01
1.657248337e+00,9.87120e-01,9.99999e-01,9.87121e-01,9.99999e-01,9.99999e-01
1.665534579e+00,9.82490e-01,9.99999e-01,9.82490e-01,9.99999e-01,9.99999e-01
1.673862252e+00,9.76054e-01,9.99999e-01,9.76054e-01,9.99999e-01,9.99999e-01
1.682231563e+00,9.79138e-01,9.99999e-01,9.79138e-01,9.99999e-01,9.99999e-01
1.690642721e+00,9.63723e-01,9.99999e-01,9.63724e-01,9.99999e-01,9.99999e-01
1.699095934e+00,9.57865e-01,9.99999e-01,9.57866e-01,9.99999e-01,9.99998e-01
1.707591414e+00,9.55258e-01,9.99999e-01,9.55259e-01,9.99999e-01,9.99998e-01
1.716129371e+00,9.44603e-01,9.99999e-01,9.44605e-01,9.99999e-01,9.99998e-01
1.724710018e+00,9.17520e-01,9.99999e-01,9.17522e-01,9.99999e-01,9.99997e-01
1.733333568e+00,8.94170e-01,9.99999e-01,8.94173e-01,9.99999e-01,9.99996e-01
1.742000236e+00,8.44305e-01,9.99999e-01,8.44310e-01,9.99999e-01,9.99994e-01
1.750710237e+00,7.27407e-01,9.99999e-01,7.27412e-01,9.99999e-01,9.99991e-01
1.759463788e+00,5.49023e-01,9.99999e-01,5.49029e-01,9.99999e-01,9.99987e-01
1.768261107e+00,3.22346e-01,9.99999e-01,3.22352e-01,9.99999e-01,9.99979e-01
1.777102413e+00,1.52767e-01,9.99999e-01,1.52772e-01,9.99999e-01,9.99968e-01
1.785987925e+00,3.90392e-02,9.99999e-01,3.90412e-02,9.99999e-01,9.99949e-01
1.794917864e+00,1.14288e-02,9.99999e-01,1.14298e-02,9.99999e-01,9.99912e-01
1.803892454e+00,6.08622e-04,9.99999e-01,6.08702e-04,9.99999e-01,9.99867e-01
1.812911916e+00,1.59832e-04,9.99999e-01,1.59860e-04,9.99999e-01,9.99826e-01
1.821976476e+00,2.05952e-04,9.99999e-01,2.05995e-04,9.99999e-01,9.99792e-01
1.831086358e+00,4.78282e-05,9.99999e-01,4.78397e-05,9.99999e-01,9.99760e-01
1.840241790e+00,2.39049e-04,9.99999e-01,2.39113e-04,9.99999e-01,9.99735e-01
1.849442999e+00,7.52750e-04,9.99999e-01,7.52965e-04,9.99999e-01,9.99714e-01
1.858690214e+00,1.93867e-05,9.99999e-01,1.93930e-05,9.99999e-01,9.99670e-01
1.867983665e+00,3.68755e-06,9.99999e-01,3.68891e-06,9.99999e-01,9.99632e-01
1.877323583e+00,7.43339e-03,9.99999e-01,7.43599e-03,9.99999e-01,9.99650e-01
1.886710201e+00,1.13675e-02,9.99999e-01,1.13709e-02,9.99999e-01,9.99703e-01
1.896143752e+00,2.02445e-02,9.99999e-01,2.02499e-02,9.99999e-01,9.99732e-01
1.905624471e+00,1.19123e-03,9.99999e-01,1.19152e-03,9.99999e-01,9.99751e-01
1.915152593e+00,2.02675e-04,9.99999e-01,2.02722e-04,9.99999e-01,9.99767e-01
1.924728356e+00,6.56785e-05,9.99999e-01,6.56919e-05,9.99999e-01,9.99795e-01
1.934351998e+00,4.85540e-05,9.99999e-01,4.85622e-05,9.99999e-01,9.99831e-01
1.944023758e+00,1.11549e-03,9.99999e-01,1.11562e-03,9.99999e-01,9.99878e-01
1.953743877e+00,3.58758e-03,9.99999e-01,3.58787e-03,9.99999e-01,9.99920e-01
1.963512596e+00,2.52432e-02,9.99999e-01,2.52445e-02,9.99999e-01,9.99949e-01
1.973330159e+00,5.72718e-02,9.99999e-01,5.72736e-02,9.99999e-01,9.99969e-01
1.983196810e+00,2.40875e-01,9.99999e-01,2.40879e-01,9.99999e-01,9.99980e-01
1.993112794e+00,3.30400e-01,9.99999e-01,3.30404e-01,9.99999e-01,9.99986e-01
2.003078358e+00,5.15133e-01,9.99999e-01,5.15138e-01,9.99999e-01,9.99991e-01
2.013093750e+00,6.51154e-01,9.99999e-01,6.51157e-01,9.99999e-01,9.99994e-01
2.023159218e+00,7.80971e-01,9.99999e-01,7.80974e-01,9.99999e-01,9.99996e-01
2.033275015e+00,8.26018e-01,9.99999e-01,8.26020e-01,9.99999e-01,9.99997e-01
2.043441390e+00,8.88468e-01,9.99999e-01,8.88469e-01,9.99999e-01,9.99998e-01
2.053658597e+00,9.08850e-01,9.99999e-01,9.08851e-01,9.99999e-01,9.99998e-01
2.063926890e+00,9.38239e-01,9.99999e-01,9.38240e-01,9.99999e-01,9.99998e-01
2.074246524e+00,9.46244e-01,9.99999e-01,9.46244e-01,9.99999e-01,9.99998e-01
2.084617757e+00,9.64521e-01,9.99999e-01,9.64522e-01,9.99999e-01,9.99999e-01
2.095040845e+00,9.72012e-01,9.99999e-01,9.72013e-01,9.99999e-01,9.99999e-01
2.105516050e+00,9.75866e-01,9.99999e-01,9.75867e-01,9.99999e-01,9.99999e-01
2.116043630e+00,9.76898e-01,9.99999e-01,9.76899e-01,9.99999e-01,9.99999e-01
2.126623848e+00,9.85919e-01,9.99999e-01,9.85919e-01,9.99999e-01,9.99999e-01
2.137256967e+00,9.86642e-01,9.99999e-01,9.86642e-01,9.99999e-01,9.99999e-01
2.147943252e+00,9.87118e-01,9.99999e-01,9.87118e-01,9.99999e-01,9.99999e-01
2.158682968e+00,9.88241e-01,9.99999e-01,9.88242e-01,9.99999e-01,9.99999e-01
2.169476383e+00,9.87470e-01,9.99999e-01,9.87471e-01,9.99999e-01,9.99999e-01
2.180323765e+00,9.85717e-01,9.99999e-01,9.85718e-01,9.99999e-01,9.99999e-01
2.191225384e+00,9.82563e-01,9.99999e-01,9.82563e-01,9.99999e-01,9.99999e-01
2.202181511e+00,9.78254e-01,9.99999e-01,9.78254e-01,9.99999e-01,9.99999e-01
2.213192418e+00,9.78243e-01,9.99999e-01,9.78243e-01,9.99999e-01,9.99999e-01
2.224258381e+00,9.74036e-01,9.99999e-01,9.74036e-01,9.99999e-01,9.99999e-01
2.235379672e+00,9.78286e-01,9.99999e-01,9.78287e-01,9.99999e-01,9.99998e-01
2.246556571e+00,9.61116e-01,9.99999e-01,9.61116e-01,9.99999e-01,9.99998e-01
2.257789354e+00,9.70521e-01,9.99999e-01,9.70522e-01,9.99999e-01,9.99998e-01
2.269078300e+00,9.27474e-01,9.99999e-01,9.27475e-01,9.99999e-01,9.99998e-01
2.280423692e+00,9.40227e-01,9.99999e-01,9.40229e-01,9.99999e-01,9.99998e-01
2.291825810e+00,8.85109e-01,9.99999e-01,8.85111e-01,9.99999e-01,9.99997e-01
2.303284939e+00,8.96737e-01,9.99999e-01,8.96740e-01,9.99999e-01,9.99997e-01
2.314801364e+00,8.29624e-01,9.99999e-01,8.29627e-01,9.99999e-01,9.99996e-01
2.326375371e+00,8.21797e-01,9.99999e-01,8.21801e-01,9.99999e-01,9.99994e-01
2.338007248e+00,7.97524e-01,9.99999e-01,7.97529e-01,9.99999e-01,9.99993e-01
2.349697284e+00,6.81714e-01,9.99999e-01,6.81720e-01,9.99999e-01,9.99991e-01
2.361445770e+00,7.32478e-01,9.99999e-01,7.32487e-01,9.99999e-01,9.99987e-01
2.373252999e+00,6.57155e-01,9.99999e-01,6.57165e-01,9.99999e-01,9.99983e-01
2.385119264e+00,4.86572e-01,9.99999e-01,4.86583e-01,9.99999e-01,9.99977e-01
2.397044861e+00,6.34480e-01,9.99999e-01,6.34502e-01,9.99999e-01,9.99965e-01
2.409030085e+00,4.35910e-01,9.99999e-01,4.35932e-01,9.99999e-01,9.99949e-01
2.421075235e+00,4.41480e-01,9.99999e-01,4.41510e-01,9.99999e-01,9.99931e-01
2.433180612e+00,2.95653e-01,9.99999e-01,2.95680e-01,9.99999e-01,9.99907e-01
2.445346515e+00,1.42250e-01,9.99999e-01,1.42268e-01,9.99999e-01,9.99875e-01
2.457573247e+00,9.49537e-02,9.99999e-01,9.49695e-02,9.99999e-01,9.99833e-01
2.469861113e+00,1.53085e-02,9.99999e-01,1.53119e-02,9.99999e-01,9.99774e-01
2.482210419e+00,4.89398e-04,9.99999e-01,4.89553e-04,9.99999e-01,9.99682e-01
2.494621471e+00,5.64157e-06,9.99999e-01,5.64410e-06,9.99999e-01,9.99550e-01
2.507094578e+00,5.16822e-09,9.99999e-01,5.17161e-09,9.99999e-01,9.99344e-01
2.519630051e+00,4.68751e-15,9.99999e-01,4.69200e-15,9.99999e-01,9.99041e-01
2.532228202e+00,1.57358e-19,9.99999e-01,1.57560e-19,9.99999e-01,9.98717e-01
2.544889343e+00,3.47151e-26,9.99999e-01,3.47721e-26,9.99999e-01,9.98360e-01
2.557613789e+00,1.47561e-25,9.99999e-01,1.47846e-25,9.99999e-01,9.98070e-01
2.570401858e+00,1.22501e-41,9.99999e-01,1.22758e-41,9.99999e-01,9.97912e-01
2.583253867e+00,1.90919e-35,9.99999e-01,1.91356e-35,9.99999e-01,9.97717e-01
2.596170137e+00,2.95874e-30,9.99999e-01,2.96562e-30,9.99999e-01,9.97682e-01
2.609150988e+00,1.56753e-21,9.99999e-01,1.57142e-21,9.99999e-01,9.97525e-01
2.622196742e+00,3.41444e-18,9.99999e-01,3.42314e-18,9.99999e-01,9.97457e-01
2.635307726e+00,9.13189e-09,9.99999e-01,9.15621e-09,9.99999e-01,9.97342e-01
2.648484265e+00,1.97831e-10,9.99999e-01,1.98433e-10,9.99999e-01,9.96965e-01
2.661726686e+00,5.56034e-18,9.99999e-01,5.57919e-18,9.99999e-01,9.96620e-01
2.675035320e+00,1.01540e-61,9.99999e-01,1.01867e-61,9.99999e-01,9.96791e-01
2.688410496e+00,1.03167e-30,9.99999e-01,1.03480e-30,9.99999e-01,9.96973e-01
2.701852549e+00,8.25563e-27,9.99999e-01,8.27833e-27,9.99999e-01,9.97257e-01
2.715361811e+00,1.22963e-26,9.99999e-01,1.23277e-26,9.99999e-01,9.97451e-01
2.728938620e+00,4.21005e-19,9.99999e-01,4.21958e-19,9.99999e-01,9.97741e-01
2.742583314e+00,1.91047e-20,9.99999e-01,1.91464e-20,9.99999e-01,9.97825e-01
2.756296230e+00,1.77728e-21,9.99999e-01,1.78100e-21,9.99999e-01,9.97912e-01
2.770077711e+00,8.26823e-29,9.99999e-01,8.28308e-29,9.99999e-01,9.98205e-01
2.783928100e+00,7.12207e-29,9.99999e-01,7.13378e-29,9.99999e-01,9.98357e-01
2.797847740e+00,4.36399e-22,9.99999e-01,4.37015e-22,9.99999e-01,9.98590e-01
2.811836979e+00,2.05397e-23,9.99999e-01,2.05628e-23,9.99999e-01,9.98877e-01
2.825896164e+00,2.46976e-20,9.99999e-01,2.47190e-20,9.99999e-01,9.99133e-01
2.840025645e+00,6.11476e-16,9.99999e-01,6.11895e-16,9.99999e-01,9.99313e-01
2.854225773e+00,2.60256e-14,9.99999e-01,2.60397e-14,9.99999e-01,9.99457e-01
2.868496902e+00,1.88219e-13,9.99999e-01,1.88292e-13,9.99999e-01,9.99609e-01
2.882839386e+00,8.89226e-11,9.99999e-01,8.89481e-11,9.99999e-01,9.99713e-01
2.897253583e+00,3.28784e-09,9.99999e-01,3.28859e-09,9.99999e-01,9.99769e-01
2.911739851e+00,1.76518e-06,9.99999e-01,1.76551e-06,9.99999e-01,9.99816e-01
2.926298550e+00,3.25169e-05,9.99999e-01,3.25214e-05,9.99999e-01,9.99861e-01
2.940930043e+00,4.98410e-05,9.99999e-01,4.98465e-05,9.99999e-01,9.99888e-01
2.955634693e+00,1.18487e-04,9.99999e-01,1.18498e-04,9.99999e-01,9.99907e-01
2.970412867e+00,1.49475e-04,9.99999e-01,1.49486e-04,9.99999e-01,9.99927e-01
2.985264931e+00,2.13800e-03,9.99999e-01,2.13812e-03,9.99999e-01,9.99941e-01
3.000191256e+00,2.69943e-03,9.99999e-01,2.69957e-03,9.99999e-01,9.99949e-01
3.015192212e+00,1.09551e-02,9.99999e-01,1.09555e-02,9.99999e-01,9.99959e-01
3.030268173e+00,2.46526e-02,9.99999e-01,2.46535e-02,9.99999e-01,9.99965e-01
3.045419514e+00,7.63537e-03,9.99999e-01,7.63560e-03,9.99999e-01,9.99968e-01
3.060646612e+00,6.12884e-02,9.99999e-01,6.12901e-02,9.99999e-01,9.99971e-01
3.075949845e+00,6.68892e-02,9.99999e-01,6.68909e-02,9.99999e-01,9.99973e-01
3.091329594e+00,4.46736e-02,9.99999e-01,4.46747e-02,9.99999e-01,9.99975e-01
3.106786242e+00,1.08635e-01,9.99999e-01,1.08638e-01,9.99999e-01,9.99977e-01
3.122320173e+00,1.42888e-01,9.99999e-01,1.42891e-01,9.99999e-01,9.99978e-01
3.137931774e+00,1.59921e-01,9.99999e-01,1.59924e-01,9.99999e-01,9.99979e-01
3.153621433e+00,2.87896e-01,9.99999e-01,2.87902e-01,9.99999e-01,9.99978e-01
3.169389540e+00,3.26533e-01,9.99999e-01,3.26541e-01,9.99999e-01,9.99976e-01
3.185236488e+00,2.49050e-01,9.99999e-01,2.49056e-01,9.99999e-01,9.99972e-01
3.201162670e+00,6.05751e-02,9.99999e-01,6.05769e-02,9.99999e-01,9.99971e-01
3.217168483e+00,1.39299e-01,9.99999e-01,1.39303e-01,9.99999e-01,9.99970e-01
3.233254326e+00,2.54692e-01,9.99999e-01,2.54699e-01,9.99999e-01,9.99971e-01
3.249420598e+00,3.77836e-01,9.99999e-01,3.77846e-01,9.99999e-01,9.99973e-01
3.265667701e+00,2.57389e-01,9.99999e-01,2.57395e-01,9.99999e-01,9.99974e-01
3.281996039e+00,3.40424e-01,9.99999e-01,3.40432e-01,9.99999e-01,9.99975e-01
3.298406019e+00,1.49688e-01,9.99999e-01,1.49691e-01,9.99999e-01,9.99977e-01
3.314898049e+00,1.30670e-01,9.99999e-01,1.30673e-01,9.99999e-01,9.99978e-01
3.331472540e+00,2.26933e-01,9.99999e-01,2.26937e-01,9.99999e-01,9.99980e-01
3.348129902e+00,2.12538e-01,9.99999e-01,2.12541e-01,9.99999e-01,9.99982e-01
3.364870552e+00,2.85344e-01,9.99999e-01,2.85348e-01,9.99999e-01,9.99986e-01
3.381694905e+00,3.21396e-01,9.99999e-01,3.21399e-01,9.99999e-01,9.99989e-01
3.398603379e+00,4.49670e-01,9.99999e-01,4.49674e-01,9.99999e-01,9.99991e-01
3.415596396e+00,5.47382e-01,9.99999e-01,5.47384e-01,9.99999e-01,9.99994e-01
3.432674378e+00,5.76066e-01,9.99999e-01,5.76068e-01,9.99999e-01,9.99995e-01
3.449837750e+00,6.86777e-01,9.99999e-01,6.86779e-01,9.99999e-01,9.99996e-01
3.467086939e+00,7.70890e-01,9.99999e-01,7.70892e-01,9.99999e-01,9.99997e-01
3.484422373e+00,7.85501e-01,9.99999e-01,7.85502e-01,9.99999e-01,9.99997e-01
3.501844485e+00,8.70121e-01,9.99999e-01,8.70123e-01,9.99999e-01,9.99997e-01
3.519353708e+00,8.89780e-01,9.99999e-01,8.89782e-01,9.99999e-01,9.99997e-01
3.536950476e+00,9.00786e-01,9.99999e-01,9.00788e-01,9.99999e-01,9.99998e-01
3.554635228e+00,9.37260e-01,9.99999e-01,9.37261e-01,9.99999e-01,9.99998e-01
3.572408405e+00,9.39569e-01,9.99999e-01,9.39571e-01,9.99999e-01,9.99998e-01
3.590270447e+00,9.57682e-01,9.99999e-01,9.57683e-01,9.99999e-01,9.99998e-01
3.608221799e+00,9.66964e-01,9.99999e-01,9.66965e-01,9.99999e-01,9.99998e-01
3.626262908e+00,9.71689e-01,9.99999e-01,9.71691e-01,9.99999e-01,9.99998e-01
3.644394222e+00,9.83028e-01,9.99999e-01,9.83029e-01,9.99999e-01,9.99998e-01
3.662616193e+00,9.72169e-01,9.99999e-01,9.72170e-01,9.99999e-01,9.99998e-01
3.680929274e+00,9.54762e-01,9.99999e-01,9.54763e-01,9.99999e-01,9.99998e-01
3.699333921e+00,9.78581e-01,9.99999e-01,9.78582e-01,9.99999e-01,9.99998e-01
3.717830590e+00,9.83302e-01,9.99999e-01,9.83303e-01,9.99999e-01,9.99998e-01
3.736419743e+00,9.80458e-01,9.99999e-01,9.80460e-01,9.99999e-01,9.99998e-01
3.755101842e+00,9.79070e-01,9.99999e-01,9.79071e-01,9.99999e-01,9.99998e-01
3.773877351e+00,9.82723e-01,9.99999e-01,9.82724e-01,9.99999e-01,9.99998e-01
3.792746738e+00,9.79113e-01,9.99999e-01,9.79114e-01,9.99999e-01,9.99998e-01
3.811710472e+00,9.74450e-01,9.99999e-01,9.74451e-01,9.99999e-01,9.99998e-01
3.830769024e+00,9.72452e-01,9.99999e-01,9.72453e-01,9.99999e-01,9.99998e-01
3.849922869e+00,9.60174e-01,9.99999e-01,9.60175e-01,9.99999e-01,9.99998e-01
3.869172484e+00,9.52915e-01,9.99999e-01,9.52916e-01,9.99999e-01,9.99998e-01
3.888518346e+00,9.73858e-01,9.99999e-01,9.73859e-01,9.99999e-01,9.99998e-01
3.907960938e+00,9.70882e-01,9.99999e-01,9.70883e-01,9.99999e-01,9.99998e-01
3.927500742e+00,8.26237e-01,9.99999e-01,8.26238e-01,9.99999e-01,9.99998e-01
3.947138246e+00,8.90086e-01,9.99999e-01,8.90087e-01,9.99999e-01,9.99998e-01
3.966873937e+00,7.37245e-01,9.99999e-01,7.37246e-01,9.99999e-01,9.99998e-01
3.986708307e+00,9.49245e-01,9.99999e-01,9.49246e-01,9.99999e-01,9.99998e-01
4.006641849e+00,9.81657e-01,9.99999e-01,9.81658e-01,9.99999e-01,9.99998e-01
4.026675058e+00,9.78853e-01,9.99999e-01,9.78855e-01,9.99999e-01,9.99998e-01
4.046808433e+00,9.74600e-01,9.99999e-01,9.74601e-01,9.99999e-01,9.99998e-01
4.067042475e+00,9.70745e-01,9.99999e-01,9.70746e-01,9.99999e-01,9.99998e-01
4.087377688e+00,9.68707e-01,9.99999e-01,9.68708e-01,9.99999e-01,9.99998e-01
4.107814576e+00,9.56821e-01,9.99999e-01,9.56823e-01,9.99999e-01,9.99998e-01
4.128353649e+00,9.32945e-01,9.99999e-01,9.32946e-01,9.99999e-01,9.99998e-01
4.148995417e+00,9.17315e-01,9.99999e-01,9.17316e-01,9.99999e-01,9.99998e-01
4.169740394e+00,8.71738e-01,9.99999e-01,8.71739e-01,9.99999e-01,9.99997e-01
4.190589096e+00,8.45183e-01,9.99999e-01,8.45184e-01,9.99999e-01,9.99997e-01
4.211542042e+00,7.67756e-01,9.99999e-01,7.67757e-01,9.99999e-01,9.99997e-01
4.232599752e+00,7.46955e-01,9.99999e-01,7.46956e-01,9.99999e-01,9.99997e-01
4.253762751e+00,6.90630e-01,9.99999e-01,6.90631e-01,9.99999e-01,9.99997e-01
4.275031564e+00,5.99696e-01,9.99999e-01,5.99697e-01,9.99999e-01,9.99997e-01
4.296406722e+00,5.10523e-01,9.99999e-01,5.10524e-01,9.99999e-01,9.99997e-01
4.317888756e+00,5.57148e-01,9.99999e-01,5.57149e-01,9.99999e-01,9.99997e-01
4.339478200e+00,4.79953e-01,9.99999e-01,4.79954e-01,9.99999e-01,9.99996e-01
4.361175591e+00,4.19989e-01,9.99999e-01,4.19990e-01,9.99999e-01,9.99996e-01
4.382981469e+00,4.25232e-01,9.99999e-01,4.25234e-01,9.99999e-01,9.99996e-01
4.404896376e+00,4.05076e-01,9.99999e-01,4.05078e-01,9.99999e-01,9.99996e-01
4.426920858e+00,2.90534e-01,9.99999e-01,2.90535e-01,9.99999e-01,9.99995e-01
4.449055462e+00,4.18256e-01,9.99999e-01,4.18258e-01,9.99999e-01,9.99995e-01
4.471300739e+00,3.25810e-01,9.99999e-01,3.25812e-01,9.99999e-01,9.99995e-01
4.493657243e+00,4.13917e-01,9.99999e-01,4.13919e-01,9.99999e-01,9.99994e-01
4.516125529e+00,2.46687e-01,9.99999e-01,2.46688e-01,9.99999e-01,9.99994e-01
4.538706157e+00,3.34749e-01,9.99999e-01,3.34751e-01,9.99999e-01,9.99993e-01
4.561399688e+00,3.05988e-01,9.99999e-01,3.05990e-01,9.99999e-01,9.99992e-01
4.584206686e+00,4.05917e-01,9.99999e-01,4.05920e-01,9.99999e-01,9.99991e-01
4.607127720e+00,3.02239e-01,9.99999e-01,3.02242e-01,9.99999e-01,9.99990e-01
4.630163358e+00,1.48293e-01,9.99999e-01,1.48294e-01,9.99999e-01,9.99989e-01
4.653314175e+00,1.51506e-01,9.99999e-01,1.51508e-01,9.99999e-01,9.99988e-01
4.676580746e+00,3.98432e-02,9.99999e-01,3.98437e-02,9.99999e-01,9.99986e-01
4.699963650e+00,1.30730e-01,9.99999e-01,1.30732e-01,9.99999e-01,9.99984e-01
4.723463468e+00,4.42556e-02,9.99999e-01,4.42564e-02,9.99999e-01,9.99981e-01
4.747080785e+00,1.82677e-01,9.99999e-01,1.82681e-01,9.99999e-01,9.99978e-01
4.770816189e+00,5.52454e-02,9.99999e-01,5.52468e-02,9.99999e-01,9.99974e-01
4.794670270e+00,2.49643e-02,9.99999e-01,2.49651e-02,9.99999e-01,9.99969e-01
4.818643622e+00,3.21055e-02,9.99999e-01,3.21067e-02,9.99999e-01,9.99963e-01
4.842736840e+00,5.12536e-03,9.99999e-01,5.12557e-03,9.99999e-01,9.99957e-01
4.866950524e+00,5.50040e-02,9.99999e-01,5.50068e-02,9.99999e-01,9.99949e-01
4.891285276e+00,6.28887e-03,9.99999e-01,6.28925e-03,9.99999e-01,9.99939e-01
4.915741703e+00,2.36028e-02,9.99999e-01,2.36045e-02,9.99999e-01,9.99929e-01
4.940320411e+00,3.96804e-03,9.99999e-01,3.96837e-03,9.99999e-01,9.99915e-01
4.965022013e+00,1.66421e-03,9.99999e-01,1.66437e-03,9.99999e-01,9.99901e-01
4.989847123e+00,6.80816e-03,9.99999e-01,6.80891e-03,9.99999e-01,9.99889e-01
5.014796359e+00,2.40453e-04,9.99999e-01,2.40484e-04,9.99999e-01,9.99872e-01
5.039870341e+00,1.11408e-03,9.99999e-01,1.11425e-03,9.99999e-01,9.99851e-01
5.065069693e+00,1.91622e-03,9.99999e-01,1.91656e-03,9.99999e-01,9.99822e-01
5.090395041e+00,1.13694e-04,9.99999e-01,1.13717e-04,9.99999e-01,9.99795e-01
5.115847016e+00,6.40314e-05,9.99999e-01,6.40466e-05,9.99999e-01,9.99762e-01
5.141426251e+00,1.80948e-06,9.99999e-01,1.80998e-06,9.99999e-01,9.99725e-01
5.167133383e+00,7.98065e-07,9.99999e-01,7.98313e-07,9.99999e-01,9.99688e-01
5.192969049e+00,6.19270e-07,9.99999e-01,6.19489e-07,9.99999e-01,9.99646e-01
5.218933895e+00,2.70475e-10,9.99999e-01,2.70581e-10,9.99999e-01,9.99607e-01
5.245028564e+00,7.85017e-08,9.99999e-01,7.85356e-08,9.99999e-01,9.99568e-01
5.271253707e+00,8.91179e-09,9.99999e-01,8.91611e-09,9.99999e-01,9.99515e-01
5.297609976e+00,9.65121e-10,9.99999e-01,9.65639e-10,9.99999e-01,9.99463e-01
5.324098025e+00,3.97741e-10,9.99999e-01,3.97973e-10,9.99999e-01,9.99415e-01
5.350718516e+00,2.64640e-12,9.99999e-01,2.64817e-12,9.99999e-01,9.99330e-01
5.377472108e+00,2.69838e-12,9.99999e-01,2.70030e-12,9.99999e-01,9.99288e-01
5.404359469e+00,2.25054e-12,9.99999e-01,2.25235e-12,9.99999e-01,9.99192e-01
5.431381266e+00,9.80633e-22,9.99999e-01,9.81485e-22,9.99999e-01,9.99131e-01
5.458538172e+00,5.94150e-22,9.99999e-01,5.94722e-22,9.99999e-01,9.99038e-01
5.485830863e+00,4.82729e-23,9.99999e-01,4.83247e-23,9.99999e-01,9.98927e-01
5.513260018e+00,2.68873e-24,9.99999e-01,2.69191e-24,9.99999e-01,9.98817e-01
5.540826318e+00,8.78342e-26,9.99999e-01,8.79498e-26,9.99999e-01,9.98685e-01
5.568530449e+00,1.36905e-39,9.99999e-01,1.37102e-39,9.99999e-01,9.98557e-01
5.596373101e+00,6.06855e-38,9.99999e-01,6.07829e-38,9.99999e-01,9.98397e-01
5.624354967e+00,4.49928e-34,9.99999e-01,4.50740e-34,9.99999e-01,9.98196e-01
5.652476742e+00,2.00291e-37,9.99999e-01,2.00685e-37,9.99999e-01,9.98032e-01
5.680739126e+00,8.33210e-43,9.99999e-01,8.35011e-43,9.99999e-01,9.97841e-01
5.709142821e+00,1.17216e-46,9.99999e-01,1.17492e-46,9.99999e-01,9.97651e-01
5.737688535e+00,5.71746e-45,9.99999e-01,5.73236e-45,9.99999e-01,9.97400e-01
5.766376978e+00,8.68056e-35,9.99999e-01,8.70415e-35,9.99999e-01,9.97289e-01
5.795208863e+00,1.97626e-31,9.99999e-01,1.98193e-31,9.99999e-01,9.97136e-01
5.824184907e+00,1.82494e-38,9.99999e-01,1.83048e-38,9.99999e-01,9.96972e-01
5.853305832e+00,1.69007e-37,9.99999e-01,1.69536e-37,9.99999e-01,9.96880e-01
5.882572361e+00,3.31136e-46,9.99999e-01,3.32201e-46,9.99999e-01,9.96794e-01
5.911985223e+00,5.07949e-44,9.99999e-01,5.09628e-44,9.99999e-01,9.96704e-01
5.941545149e+00,1.06643e-45,9.99999e-01,1.06997e-45,9.99999e-01,9.96685e-01
5.971252874e+00,1.91381e-39,9.99999e-01,1.92034e-39,9.99999e-01,9.96594e-01
6.001109139e+00,8.62981e-27,9.99999e-01,8.65982e-27,9.99999e-01,9.96533e-01
6.031114685e+00,1.20287e-29,9.99999e-01,1.20702e-29,9.99999e-01,9.96558e-01
6.061270258e+00,1.21028e-29,9.99999e-01,1.21436e-29,9.99999e-01,9.96634e-01
6.091576609e+00,6.75732e-25,9.99999e-01,6.78011e-25,9.99999e-01,9.96639e-01
6.122034492e+00,3.04839e-16,9.99999e-01,3.05868e-16,9.99999e-01,9.96634e-01
6.152644665e+00,7.70450e-17,9.99999e-01,7.73060e-17,9.99999e-01,9.96622e-01
6.183407888e+00,8.87476e-12,9.99999e-01,8.90485e-12,9.99999e-01,9.96620e-01
6.214324928e+00,5.02613e-08,9.99999e-01,5.04312e-08,9.99999e-01,9.96631e-01
6.245396552e+00,1.27272e-05,9.99999e-01,1.27705e-05,9.99999e-01,9.96608e-01
6.276623535e+00,6.36983e-06,9.99999e-01,6.39224e-06,9.99999e-01,9.96492e-01
6.308006653e+00,6.66618e-06,9.99999e-01,6.69098e-06,9.99999e-01,9.96293e-01
6.339546686e+00,5.44638e-12,9.99999e-01,5.46762e-12,9.99999e-01,9.96114e-01
6.371244419e+00,3.71621e-24,9.99999e-01,3.73101e-24,9.99999e-01,9.96034e-01
6.403100641e+00,1.36094e-33,9.99999e-01,1.36633e-33,9.99999e-01,9.96058e-01
6.435116145e+00,3.87562e-72,9.99999e-01,3.89087e-72,9.99999e-01,9.96079e-01
6.467291725e+00,1.76369e-72,9.99999e-01,1.77062e-72,9.99999e-01,9.96085e-01
6.499628184e+00,1.15580e-82,9.99999e-01,1.16032e-82,9.99999e-01,9.96103e-01
6.532126325e+00,7.73937e-73,9.99999e-01,7.76901e-73,9.99999e-01,9.96185e-01
6.564786956e+00,1.22030e-87,9.99999e-01,1.22469e-87,9.99999e-01,9.96413e-01
6.597610891e+00,1.14040e-117,9.99999e-01,1.14436e-117,9.99999e-01,9.96534e-01
6.630598946e+00,7.89530e-78,9.99999e-01,7.92194e-78,9.99999e-01,9.96635e-01
6.663751940e+00,1.52242e-72,9.99999e-01,1.52727e-72,9.99999e-01,9.96828e-01
6.697070700e+00,1.19443e-57,9.99999e-01,1.19796e-57,9.99999e-01,9.97056e-01
6.730556054e+00,1.03558e-39,9.99999e-01,1.03842e-39,9.99999e-01,9.97265e-01
6.764208834e+00,6.29053e-40,9.99999e-01,6.30651e-40,9.99999e-01,9.97465e-01
6.798029878e+00,1.76067e-48,9.99999e-01,1.76478e-48,9.99999e-01,9.97670e-01
6.832020027e+00,1.13087e-48,9.99999e-01,1.13342e-48,9.99999e-01,9.97748e-01
6.866180128e+00,9.61825e-56,9.99999e-01,9.63860e-56,9.99999e-01,9.97887e-01
6.900511028e+00,1.68863e-32,9.99999e-01,1.69190e-32,9.99999e-01,9.98063e-01
6.935013583e+00,3.75171e-32,9.99999e-01,3.75859e-32,9.99999e-01,9.98170e-01
6.969688651e+00,1.82884e-40,9.99999e-01,1.83198e-40,9.99999e-01,9.98286e-01
7.004537095e+00,1.62107e-39,9.99999e-01,1.62373e-39,9.99999e-01,9.98357e-01
7.039559780e+00,3.26452e-43,9.99999e-01,3.26987e-43,9.99999e-01,9.98363e-01
7.074757579e+00,5.26707e-34,9.99999e-01,5.27476e-34,9.99999e-01,9.98542e-01
7.110131367e+00,1.13016e-33,9.99999e-01,1.13169e-33,9.99999e-01,9.98651e-01
7.145682024e+00,9.33517e-38,9.99999e-01,9.34713e-38,9.99999e-01,9.98718e-01
7.181410434e+00,2.19548e-47,9.99999e-01,2.19804e-47,9.99999e-01,9.98833e-01
7.217317486e+00,2.24048e-35,9.99999e-01,2.24288e-35,9.99999e-01,9.98925e-01
7.253404073e+00,1.11104e-35,9.99999e-01,1.11215e-35,9.99999e-01,9.99008e-01
7.289671094e+00,1.94836e-31,9.99999e-01,1.95013e-31,9.99999e-01,9.99090e-01
7.326119449e+00,2.95632e-31,9.99999e-01,2.95875e-31,9.99999e-01,9.99180e-01
7.362750046e+00,2.71913e-23,9.99999e-01,2.72112e-23,9.99999e-01,9.99266e-01
7.399563797e+00,9.53150e-19,9.99999e-01,9.53779e-19,9.99999e-01,9.99339e-01
7.436561616e+00,8.54057e-21,9.99999e-01,8.54558e-21,9.99999e-01,9.99412e-01
7.473744424e+00,8.32468e-20,9.99999e-01,8.32897e-20,9.99999e-01,9.99484e-01
7.511113146e+00,1.03241e-16,9.99999e-01,1.03287e-16,9.99999e-01,9.99556e-01
7.548668712e+00,5.35930e-18,9.99999e-01,5.36138e-18,9.99999e-01,9.99611e-01
7.586412055e+00,2.53801e-31,9.99999e-01,2.53886e-31,9.99999e-01,9.99663e-01
7.624344115e+00,3.51107e-16,9.99999e-01,3.51208e-16,9.99999e-01,9.99712e-01
7.662465836e+00,4.58472e-10,9.99999e-01,4.58584e-10,9.99999e-01,9.99754e-01
7.700778165e+00,2.57110e-10,9.99999e-01,2.57164e-10,9.99999e-01,9.99790e-01
7.739282056e+00,4.35774e-16,9.99999e-01,4.35853e-16,9.99999e-01,9.99818e-01
7.777978466e+00,3.84054e-11,9.99999e-01,3.84113e-11,9.99999e-01,9.99844e-01
7.816868359e+00,2.73828e-09,9.99999e-01,2.73864e-09,9.99999e-01,9.99868e-01
7.855952700e+00,8.11641e-10,9.99999e-01,8.11734e-10,9.99999e-01,9.99884e-01
7.895232464e+00,6.98241e-10,9.99999e-01,6.98312e-10,9.99999e-01,9.99898e-01
7.934708626e+00,8.83963e-07,9.99999e-01,8.84042e-07,9.99999e-01,9.99910e-01
7.974382169e+00,1.23842e-04,9.99999e-01,1.23852e-04,9.99999e-01,9.99918e-01
8.014254080e+00,2.72870e-05,9.99999e-01,2.72890e-05,9.99999e-01,9.99926e-01
8.054325351e+00,3.71803e-05,9.99999e-01,3.71827e-05,9.99999e-01,9.99933e-01
8.094596977e+00,8.96595e-04,9.99999e-01,8.96649e-04,9.99999e-01,9.99939e-01
8.135069962e+00,7.43576e-04,9.99999e-01,7.43616e-04,9.99999e-01,9.99944e-01
8.175745312e+00,1.53222e-04,9.99999e-01,1.53230e-04,9.99999e-01,9.99948e-01
8.216624039e+00,3.03777e-03,9.99999e-01,3.03792e-03,9.99999e-01,9.99952e-01
8.257707159e+00,7.17003e-03,9.99999e-01,7.17035e-03,9.99999e-01,9.99955e-01
8.298995695e+00,3.94983e-02,9.99999e-01,3.94999e-02,9.99999e-01,9.99957e-01
8.340490673e+00,1.79583e-02,9.99999e-01,1.79590e-02,9.99999e-01,9.99959e-01
8.382193126e+00,6.05459e-02,9.99999e-01,6.05482e-02,9.99999e-01,9.99961e-01
8.424104092e+00,2.47535e-02,9.99999e-01,2.47544e-02,9.99999e-01,9.99963e-01
8.466224613e+00,5.41248e-02,9.99999e-01,5.41267e-02,9.99999e-01,9.99964e-01
8.508555736e+00,2.22957e-02,9.99999e-01,2.22964e-02,9.99999e-01,9.99965e-01
8.551098514e+00,1.61093e-01,9.99999e-01,1.61098e-01,9.99999e-01,9.99967e-01
8.593854007e+00,3.17250e-01,9.99999e-01,3.17260e-01,9.99999e-01,9.99967e-01
8.636823277e+00,3.59051e-01,9.99999e-01,3.59062e-01,9.99999e-01,9.99968e-01
8.680007393e+00,1.88686e-01,9.99999e-01,1.88691e-01,9.99999e-01,9.99969e-01
8.723407430e+00,2.69976e-01,9.99999e-01,2.69984e-01,9.99999e-01,9.99969e-01
8.767024467e+00,2.10439e-01,9.99999e-01,2.10445e-01,9.99999e-01,9.99970e-01
8.810859590e+00,2.08945e-01,9.99999e-01,2.08951e-01,9.99999e-01,9.99970e-01
8.854913888e+00,5.19875e-01,9.99999e-01,5.19890e-01,9.99999e-01,9.99970e-01
8.899188457e+00,4.67030e-01,9.99999e-01,4.67043e-01,9.99999e-01,9.99970e-01
8.943684399e+00,3.78475e-01,9.99999e-01,3.78486e-01,9.99999e-01,9.99970e-01
8.988402821e+00,3.54428e-01,9.99999e-01,3.54438e-01,9.99999e-01,9.99970e-01
9.033344836e+00,2.70653e-01,9.99999e-01,2.70661e-01,9.99999e-01,9.99971e-01
9.078511560e+00,3.81823e-01,9.99999e-01,3.81834e-01,9.99999e-01,9.99971e-01
9.123904118e+00,5.09887e-01,9.99999e-01,5.09901e-01,9.99999e-01,9.99970e-01
9.169523638e+00,4.20157e-01,9.99999e-01,4.20169e-01,9.99999e-01,9.99970e-01
9.215371256e+00,6.45151e-01,9.99999e-01,6.45170e-01,9.99999e-01,9.99970e-01
9.261448113e+00,6.20060e-01,9.99999e-01,6.20078e-01,9.99999e-01,9.99970e-01
9.307755353e+00,4.94733e-01,9.99999e-01,4.94747e-01,9.99999e-01,9.99970e-01
9.354294130e+00,4.20674e-01,9.99999e-01,4.20686e-01,9.99999e-01,9.99970e-01
9.401065601e+00,2.67685e-01,9.99999e-01,2.67693e-01,9.99999e-01,9.99970e-01
9.448070929e+00,3.50053e-01,9.99999e-01,3.50063e-01,9.99999e-01,9.99969e-01
9.495311283e+00,5.84607e-01,9.99999e-01,5.84624e-01,9.99999e-01,9.99969e-01
9.542787840e+00,6.82917e-01,9.99999e-01,6.82938e-01,9.99999e-01,9.99969e-01
9.590501779e+00,5.48134e-01,9.99999e-01,5.48151e-01,9.99999e-01,9.99969e-01
9.638454288e+00,5.41276e-01,9.99999e-01,5.41293e-01,9.99999e-01,9.99968e-01
9.686646559e+00,5.67836e-01,9.99999e-01,5.67854e-01,9.99999e-01,9.99968e-01
9.735079792e+00,6.53311e-01,9.99999e-01,6.53331e-01,9.99999e-01,9.99968e-01
9.783755191e+00,5.89097e-01,9.99999e-01,5.89116e-01,9.99999e-01,9.99967e-01
9.832673967e+00,3.12083e-01,9.99999e-01,3.12093e-01,9.99999e-01,9.99967e-01
9.881837337e+00,1.55957e-01,9.99999e-01,1.55962e-01,9.99999e-01,9.99967e-01
9.931246523e+00,4.46529e-01,9.99999e-01,4.46544e-01,9.99999e-01,9.99967e-01
9.980902756e+00,6.02550e-01,9.99999e-01,6.02569e-01,9.99999e-01,9.99966e-01
1.003080727e+01,6.04401e-01,9.99999e-01,6.04421e-01,9.99999e-01,9.99966e-01
1.008096131e+01,6.44986e-01,9.99999e-01,6.45007e-01,9.99999e-01,9.99965e-01
1.013136611e+01,7.13286e-01,9.99999e-01,7.13310e-01,9.99999e-01,9.99965e-01
1.018202294e+01,7.41620e-01,9.99999e-01,7.41645e-01,9.99999e-01,9.99965e-01
1.023293306e+01,5.87292e-01,9.99999e-01,5.87312e-01,9.99999e-01,9.99964e-01
1.028409772e+01,3.89871e-01,9.99999e-01,3.89885e-01,9.99999e-01,9.99964e-01
1.033551821e+01,3.57949e-01,9.99999e-01,3.57961e-01,9.99999e-01,9.99964e-01
1.038719580e+01,1.87006e-01,9.99999e-01,1.87013e-01,9.99999e-01,9.99963e-01
1.043913178e+01,1.98986e-01,9.99999e-01,1.98993e-01,9.99999e-01,9.99963e-01
1.049132744e+01,3.84490e-01,9.99999e-01,3.84504e-01,9.99999e-01,9.99962e-01
1.054378408e+01,4.92659e-01,9.99999e-01,4.92677e-01,9.99999e-01,9.99962e-01
1.059650300e+01,4.74075e-01,9.99999e-01,4.74093e-01,9.99999e-01,9.99961e-01
1.064948551e+01,4.37982e-01,9.99999e-01,4.37999e-01,9.99999e-01,9.99961e-01
1.070273294e+01,3.08242e-01,9.99999e-01,3.08254e-01,9.99999e-01,9.99960e-01
1.075624661e+01,3.30616e-01,9.99999e-01,3.30629e-01,9.99999e-01,9.99959e-01
1.081002784e+01,3.37390e-01,9.99999e-01,3.37404e-01,9.99999e-01,9.99958e-01
1.086407798e+01,1.64064e-01,9.99999e-01,1.64071e-01,9.99999e-01,9.99958e-01
1.091839837e+01,6.87426e-02,9.99999e-01,6.87455e-02,9.99999e-01,9.99957e-01
1.097299036e+01,1.77016e-02,9.99999e-01,1.77023e-02,9.99999e-01,9.99956e-01
1.102785531e+01,1.20506e-02,9.99999e-01,1.20512e-02,9.99999e-01,9.99956e-01
1.108299459e+01,1.00576e-01,9.99999e-01,1.00580e-01,9.99999e-01,9.99955e-01
1.113840956e+01,2.97703e-01,9.99999e-01,2.97716e-01,9.99999e-01,9.99955e-01
1.119410161e+01,3.92000e-01,9.99999e-01,3.92018e-01,9.99999e-01,9.99954e-01
1.125007212e+01,2.76681e-01,9.99999e-01,2.76693e-01,9.99999e-01,9.99953e-01
1.130632248e+01,2.34802e-01,9.99999e-01,2.34813e-01,9.99999e-01,9.99953e-01
1.136285409e+01,3.39540e-01,9.99999e-01,3.39556e-01,9.99999e-01,9.99952e-01
1.141966836e+01,3.76581e-01,9.99999e-01,3.76599e-01,9.99999e-01,9.99952e-01
1.147676670e+01,3.03430e-01,9.99999e-01,3.03445e-01,9.99999e-01,9.99951e-01
1.153415054e+01,1.13715e-01,9.99999e-01,1.13720e-01,9.99999e-01,9.99950e-01
1.159182129e+01,6.76386e-02,9.99999e-01,6.76419e-02,9.99999e-01,9.99949e-01
1.164978039e+01,1.37772e-02,9.99999e-01,1.37779e-02,9.99999e-01,9.99949e-01
1.170802930e+01,3.42087e-03,9.99999e-01,3.42105e-03,9.99999e-01,9.99948e-01
1.176656944e+01,3.08404e-02,9.99999e-01,3.08420e-02,9.99999e-01,9.99947e-01
1.182540229e+01,1.18138e-01,9.99999e-01,1.18144e-01,9.99999e-01,9.99947e-01
1.188452930e+01,1.21138e-01,9.99999e-01,1.21144e-01,9.99999e-01,9.99946e-01
1.194395195e+01,1.64916e-01,9.99999e-01,1.64925e-01,9.99999e-01,9.99945e-01
1.200367171e+01,2.41171e-01,9.99999e-01,2.41184e-01,9.99999e-01,9.99944e-01
1.206369007e+01,1.31142e-01,9.99999e-01,1.31149e-01,9.99999e-01,9.99943e-01
1.212400852e+01,2.28299e-01,9.99999e-01,2.28312e-01,9.99999e-01,9.99942e-01
1.218462856e+01,2.25630e-01,9.99999e-01,2.25643e-01,9.99999e-01,9.99941e-01
1.224555170e+01,4.26590e-02,9.99999e-01,4.26615e-02,9.99999e-01,9.99940e-01
1.230677946e+01,2.41499e-02,9.99999e-01,2.41514e-02,9.99999e-01,9.99939e-01
1.236831336e+01,1.96921e-03,9.99999e-01,1.96933e-03,9.99999e-01,9.99938e-01
1.243015492e+01,3.57407e-04,9.99999e-01,3.57429e-04,9.99999e-01,9.99936e-01
1.249230570e+01,4.54013e-04,9.99999e-01,4.54042e-04,9.99999e-01,9.99935e-01
1.255476723e+01,1.39427e-03,9.99999e-01,1.39436e-03,9.99999e-01,9.99934e-01
1.261754106e+01,2.54464e-02,9.99999e-01,2.54481e-02,9.99999e-01,9.99932e-01
1.268062877e+01,8.17332e-02,9.99999e-01,8.17388e-02,9.99999e-01,9.99931e-01
1.274403191e+01,5.70844e-02,9.99999e-01,5.70884e-02,9.99999e-01,9.99929e-01
1.280775207e+01,1.09147e-01,9.99999e-01,1.09154e-01,9.99999e-01,9.99927e-01
1.287179083e+01,5.06085e-02,9.99999e-01,5.06122e-02,9.99999e-01,9.99926e-01
1.293614979e+01,7.26370e-02,9.99999e-01,7.26425e-02,9.99999e-01,9.99924e-01
1.300083054e+01,1.04021e-02,9.99999e-01,1.04029e-02,9.99999e-01,9.99922e-01
1.306583469e+01,1.25148e-02,9.99999e-01,1.25158e-02,9.99999e-01,9.99920e-01
1.313116386e+01,1.01401e-02,9.99999e-01,1.01409e-02,9.99999e-01,9.99918e-01
1.319681968e+01,5.68991e-03,9.99999e-01,5.69038e-03,9.99999e-01,9.99916e-01
1.326280378e+01,1.34744e-04,9.99999e-01,1.34755e-04,9.99999e-01,9.99913e-01
1.332911780e+01,2.81829e-04,9.99999e-01,2.81854e-04,9.99999e-01,9.99911e-01
1.339576339e+01,9.17385e-05,9.99999e-01,9.17468e-05,9.99999e-01,9.99909e-01
1.346274221e+01,1.25089e-06,9.99999e-01,1.25100e-06,9.99999e-01,9.99906e-01
1.353005592e+01,9.99183e-04,9.99999e-01,9.99279e-04,9.99999e-01,9.99903e-01
1.359770620e+01,2.41872e-03,9.99999e-01,2.41896e-03,9.99999e-01,9.99900e-01
1.366569473e+01,1.78570e-03,9.99999e-01,1.78589e-03,9.99999e-01,9.99898e-01
1.373402320e+01,1.09954e-02,9.99999e-01,1.09966e-02,9.99999e-01,9.99894e-01
1.380269332e+01,1.89093e-02,9.99999e-01,1.89114e-02,9.99999e-01,9.99891e-01
1.387170678e+01,4.32432e-03,9.99999e-01,4.32480e-03,9.99999e-01,9.99888e-01
1.394106532e+01,2.11479e-03,9.99999e-01,2.11504e-03,9.99999e-01,9.99884e-01
1.401077064e+01,3.62996e-04,9.99999e-01,3.63039e-04,9.99999e-01,9.99881e-01
1.408082450e+01,5.05114e-04,9.99999e-01,5.05176e-04,9.99999e-01,9.99877e-01
1.415122862e+01,8.07267e-06,9.99999e-01,8.07369e-06,9.99999e-01,9.99873e-01
1.422198476e+01,2.00924e-07,9.99999e-01,2.00950e-07,9.99999e-01,9.99869e-01
1.429309469e+01,8.10103e-07,9.99999e-01,8.10211e-07,9.99999e-01,9.99865e-01
1.436456016e+01,2.08575e-08,9.99999e-01,2.08604e-08,9.99999e-01,9.99861e-01
1.443638296e+01,1.87321e-09,9.99999e-01,1.87348e-09,9.99999e-01,9.99856e-01
1.450856487e+01,1.72279e-07,9.99999e-01,1.72304e-07,9.99999e-01,9.99851e-01
1.458110770e+01,4.03105e-05,9.99999e-01,4.03167e-05,9.99999e-01,9.99846e-01
1.465401324e+01,1.94994e-04,9.99999e-01,1.95025e-04,9.99999e-01,9.99841e-01
1.472728330e+01,2.00174e-04,9.99999e-01,2.00207e-04,9.99999e-01,9.99836e-01
1.480091972e+01,1.93598e-05,9.99999e-01,1.93631e-05,9.99999e-01,9.99830e-01
1.487492432e+01,1.93805e-08,9.99999e-01,1.93839e-08,9.99999e-01,9.99824e-01
1.494929894e+01,4.57576e-07,9.99999e-01,4.57659e-07,9.99999e-01,9.99818e-01
1.502404544e+01,1.73190e-05,9.99999e-01,1.73222e-05,9.99999e-01,9.99811e-01
1.509916566e+01,3.21660e-05,9.99999e-01,3.21722e-05,9.99999e-01,9.99805e-01
1.517466149e+01,4.34032e-06,9.99999e-01,4.34119e-06,9.99999e-01,9.99798e-01
1.525053480e+01,3.92094e-05,9.99999e-01,3.92176e-05,9.99999e-01,9.99790e-01
1.532678747e+01,1.72006e-06,9.99999e-01,1.72043e-06,9.99999e-01,9.99783e-01
1.540342141e+01,1.84364e-07,9.99999e-01,1.84405e-07,9.99999e-01,9.99775e-01
1.548043852e+01,2.49120e-08,9.99999e-01,2.49178e-08,9.99999e-01,9.99766e-01
1.555784071e+01,5.61466e-11,9.99999e-01,5.61602e-11,9.99999e-01,9.99758e-01
1.563562991e+01,5.55191e-15,9.99999e-01,5.55330e-15,9.99999e-01,9.99749e-01
1.571380806e+01,2.12189e-15,9.99999e-01,2.12244e-15,9.99999e-01,9.99739e-01
1.579237710e+01,1.07959e-11,9.99999e-01,1.07988e-11,9.99999e-01,9.99730e-01
1.587133899e+01,1.45115e-09,9.99999e-01,1.45156e-09,9.99999e-01,9.99720e-01
1.595069568e+01,5.38639e-11,9.99999e-01,5.38795e-11,9.99999e-01,9.99709e-01
1.603044916e+01,3.76808e-14,9.99999e-01,3.76921e-14,9.99999e-01,9.99698e-01
1.611060141e+01,3.16310e-14,9.99999e-01,3.16409e-14,9.99999e-01,9.99686e-01
1.619115441e+01,2.12258e-13,9.99999e-01,2.12327e-13,9.99999e-01,9.99674e-01
1.627211019e+01,5.18109e-15,9.99999e-01,5.18284e-15,9.99999e-01,9.99661e-01
1.635347074e+01,1.20218e-13,9.99999e-01,1.20260e-13,9.99999e-01,9.99648e-01
1.643523809e+01,7.51525e-14,9.99999e-01,7.51799e-14,9.99999e-01,9.99634e-01
1.651741428e+01,2.73993e-15,9.99999e-01,2.74097e-15,9.99999e-01,9.99620e-01
1.660000135e+01,5.76280e-19,9.99999e-01,5.76507e-19,9.99999e-01,9.99605e-01
1.668300136e+01,1.14618e-19,9.99999e-01,1.14665e-19,9.99999e-01,9.99591e-01
1.676641637e+01,7.01557e-17,9.99999e-01,7.01854e-17,9.99999e-01,9.99575e-01
1.685024845e+01,1.42196e-17,9.99999e-01,1.42258e-17,9.99999e-01,9.99560e-01
1.693449969e+01,1.96566e-21,9.99999e-01,1.96656e-21,9.99999e-01,9.99544e-01
1.701917219e+01,3.39677e-23,9.99999e-01,3.39837e-23,9.99999e-01,9.99526e-01
1.710426805e+01,1.40521e-29,9.99999e-01,1.40589e-29,9.99999e-01,9.99509e-01
1.718978939e+01,6.69707e-32,9.99999e-01,6.70047e-32,9.99999e-01,9.99491e-01
1.727573834e+01,2.33833e-32,9.99999e-01,2.33957e-32,9.99999e-01,9.99471e-01
1.736211703e+01,3.25683e-35,9.99999e-01,3.25862e-35,9.99999e-01,9.99450e-01
1.744892761e+01,2.51230e-30,9.99999e-01,2.51373e-30,9.99999e-01,9.99429e-01
1.753617225e+01,1.30703e-24,9.99999e-01,1.30780e-24,9.99999e-01,9.99408e-01
1.762385311e+01,1.30462e-23,9.99999e-01,1.30542e-23,9.99999e-01,9.99385e-01
1.771197238e+01,8.79707e-26,9.99999e-01,8.80268e-26,9.99999e-01,9.99362e-01
1.780053224e+01,2.93187e-27,9.99999e-01,2.93380e-27,9.99999e-01,9.99339e-01
1.788953490e+01,7.12380e-30,9.99999e-01,7.12869e-30,9.99999e-01,9.99314e-01
1.797898258e+01,1.91463e-33,9.99999e-01,1.91599e-33,9.99999e-01,9.99286e-01
1.806887749e+01,1.59311e-34,9.99999e-01,1.59429e-34,9.99999e-01,9.99258e-01
1.815922188e+01,7.57844e-46,9.99999e-01,7.58427e-46,9.99999e-01,9.99231e-01
1.825001799e+01,4.86760e-36,9.99999e-01,4.87150e-36,9.99999e-01,9.99199e-01
1.834126808e+01,3.10214e-33,9.99999e-01,3.10472e-33,9.99999e-01,9.99168e-01
1.843297442e+01,2.29860e-33,9.99999e-01,2.30058e-33,9.99999e-01,9.99136e-01
1.852513929e+01,2.28206e-37,9.99999e-01,2.28411e-37,9.99999e-01,9.99103e-01
1.861776499e+01,9.02385e-54,9.99999e-01,9.03226e-54,9.99999e-01,9.99068e-01
1.871085381e+01,9.18438e-43,9.99999e-01,9.19326e-43,9.99999e-01,9.99032e-01
1.880440808e+01,5.12505e-36,9.99999e-01,5.13020e-36,9.99999e-01,9.98997e-01
1.889843012e+01,9.28875e-37,9.99999e-01,9.29842e-37,9.99999e-01,9.98959e-01
1.899292227e+01,6.89001e-51,9.99999e-01,6.89746e-51,9.99999e-01,9.98918e-01
1.908788688e+01,3.60297e-48,9.99999e-01,3.60701e-48,9.99999e-01,9.98878e-01
1.918332632e+01,1.15776e-48,9.99999e-01,1.15910e-48,9.99999e-01,9.98837e-01
1.927924295e+01,4.06295e-60,9.99999e-01,4.06785e-60,9.99999e-01,9.98794e-01
1.937563916e+01,1.04019e-92,9.99999e-01,1.04149e-92,9.99999e-01,9.98751e-01
1.947251736e+01,2.53491e-94,9.99999e-01,2.53819e-94,9.99999e-01,9.98707e-01
1.956987994e+01,1.93188e-90,9.99999e-01,1.93446e-90,9.99999e-01,9.98663e-01
1.966772934e+01,1.21216e-74,9.99999e-01,1.21385e-74,9.99999e-01,9.98612e-01
1.976606799e+01,9.23590e-73,9.99999e-01,9.24922e-73,9.99999e-01,9.98559e-01
1.986489833e+01,6.79172e-78,9.99999e-01,6.80188e-78,9.99999e-01,9.98505e-01
1.996422282e+01,7.07906e-73,9.99999e-01,7.09004e-73,9.99999e-01,9.98451e-01
