#,Wave/freq,Total,O2,H2O,Rayleigh,CIA
4.000000000e-01,9.99883e-01,9.99999e-01,9.99982e-01,9.99899e-01,9.99999e-01
4.020000000e-01,9.99891e-01,9.99999e-01,9.99989e-01,9.99901e-01,9.99999e-01
4.040100000e-01,9.99899e-01,9.99999e-01,9.99995e-01,9.99903e-01,9.99999e-01
4.060300500e-01,9.99904e-01,9.99999e-01,9.99998e-01,9.99905e-01,9.99999e-01
4.080602003e-01,9.99907e-01,9.99999e-01,9.99999e-01,9.99907e-01,9.99999e-01
4.101005013e-01,9.99909e-01,9.99999e-01,9.99999e-01,9.99909e-01,9.99999e-01
4.121510038e-01,9.99910e-01,9.99999e-01,9.99998e-01,9.99911e-01,9.99999e-01
4.142117588e-01,9.99908e-01,9.99999e-01,9.99994e-01,9.99912e-01,9.99999e-01
4.162828176e-01,9.99893e-01,9.99999e-01,9.99978e-01,9.99914e-01,9.99999e-01
4.183642317e-01,9.99903e-01,9.99999e-01,9.99987e-01,9.99916e-01,9.99999e-01
4.204560528e-01,9.99910e-01,9.99999e-01,9.99991e-01,9.99917e-01,9.99999e-01
4.225583331e-01,9.99916e-01,9.99999e-01,9.99996e-01,9.99919e-01,9.99999e-01
4.246711247e-01,9.99918e-01,9.99999e-01,9.99997e-01,9.99921e-01,9.99999e-01
4.267944804e-01,9.99919e-01,9.99999e-01,9.99996e-01,9.99922e-01,9.99999e-01
4.289284528e-01,9.99921e-01,9.99999e-01,9.99996e-01,9.99924e-01,9.99999e-01
4.310730950e-01,9.99924e-01,9.99999e-01,9.99998e-01,9.99925e-01,9.99999e-01
4.332284605e-01,9.99926e-01,9.99999e-01,9.99999e-01,9.99927e-01,9.99999e-01
4.353946028e-01,9.99928e-01,9.99999e-01,9.99999e-01,9.99928e-01,9.99999e-01
4.375715758e-01,9.99927e-01,9.99999e-01,9.99997e-01,9.99929e-01,9.99999e-01
4.397594337e-01,9.99913e-01,9.99999e-01,9.99981e-01,9.99931e-01,9.99999e-01
4.419582309e-01,9.99840e-01,9.99999e-01,9.99907e-01,9.99932e-01,9.99999e-01
4.441680220e-01,9.99861e-01,9.99999e-01,9.99926e-01,9.99933e-01,9.99999e-01
4.463888621e-01,9.99859e-01,9.99999e-01,9.99924e-01,9.99935e-01,9.99999e-01
4.486208064e-01,9.99889e-01,9.99999e-01,9.99952e-01,9.99936e-01,9.99999e-01
4.508639105e-01,9.99915e-01,9.99999e-01,9.99977e-01,9.99937e-01,9.99999e-01
4.531182300e-01,9.99930e-01,9.99999e-01,9.99990e-01,9.99938e-01,9.99999e-01
4.553838212e-01,9.99934e-01,9.99999e-01,9.99993e-01,9.99940e-01,9.99999e-01
4.576607403e-01,9.99938e-01,9.99999e-01,9.99996e-01,9.99941e-01,9.99999e-01
4.599490440e-01,9.99940e-01,9.99999e-01,9.99997e-01,9.99942e-01,9.99999e-01
4.622487892e-01,9.99943e-01,9.99999e-01,9.99999e-01,9.99943e-01,9.99999e-01
4.645600332e-01,9.99943e-01,9.99999e-01,9.99998e-01,9.99944e-01,9.99999e-01
4.668828333e-01,9.99923e-01,9.99999e-01,9.99977e-01,9.99945e-01,9.99999e-01
4.692172475e-01,9.99899e-01,9.99999e-01,9.99952e-01,9.99946e-01,9.99999e-01
4.715633337e-01,9.99917e-01,9.99999e-01,9.99968e-01,9.99947e-01,9.99999e-01
4.739211504e-01,9.99919e-01,9.99999e-01,9.99969e-01,9.99948e-01,9.99999e-01
4.762907561e-01,9.99934e-01,9.99999e-01,9.99984e-01,9.99949e-01,9.99999e-01
4.786722099e-01,9.99944e-01,9.99999e-01,9.99993e-01,9.99950e-01,9.99999e-01
4.810655710e-01,9.99949e-01,9.99999e-01,9.99997e-01,9.99951e-01,9.99999e-01
4.834708988e-01,9.99934e-01,9.99999e-01,9.99981e-01,9.99952e-01,9.99999e-01
4.858882533e-01,9.99920e-01,9.99999e-01,9.99965e-01,9.99953e-01,9.99999e-01
4.883176946e-01,9.99926e-01,9.99999e-01,9.99971e-01,9.99954e-01,9.99999e-01
4.907592831e-01,9.99930e-01,9.99999e-01,9.99974e-01,9.99955e-01,9.99999e-01
4.932130795e-01,9.99938e-01,9.99999e-01,9.99981e-01,9.99956e-01,9.99999e-01
4.956791449e-01,9.99947e-01,9.99999e-01,9.99989e-01,9.99957e-01,9.99999e-01
4.981575406e-01,9.99910e-01,9.99999e-01,9.99952e-01,9.99958e-01,9.99999e-01
5.006483283e-01,9.99836e-01,9.99999e-01,9.99876e-01,9.99958e-01,9.99999e-01
5.031515699e-01,9.99334e-01,9.99999e-01,9.99374e-01,9.99959e-01,9.99999e-01
5.056673278e-01,9.99630e-01,9.99999e-01,9.99669e-01,9.99960e-01,9.99999e-01
5.081956644e-01,9.99544e-01,9.99999e-01,9.99582e-01,9.99961e-01,9.99999e-01
5.107366428e-01,9.99680e-01,9.99999e-01,9.99718e-01,9.99962e-01,9.99999e-01
5.132903260e-01,9.99801e-01,9.99999e-01,9.99838e-01,9.99962e-01,9.99999e-01
5.158567776e-01,9.99895e-01,9.99999e-01,9.99931e-01,9.99963e-01,9.99999e-01
5.184360615e-01,9.99936e-01,9.99999e-01,9.99972e-01,9.99964e-01,9.99999e-01
5.210282418e-01,9.99954e-01,9.99999e-01,9.99989e-01,9.99964e-01,9.99999e-01
5.236333830e-01,9.99924e-01,9.99999e-01,9.99958e-01,9.99965e-01,9.99999e-01
5.262515499e-01,9.99940e-01,9.99999e-01,9.99974e-01,9.99966e-01,9.99999e-01
5.288828077e-01,9.99943e-01,9.99999e-01,9.99976e-01,9.99966e-01,9.99999e-01
5.315272217e-01,9.99946e-01,9.99999e-01,9.99978e-01,9.99967e-01,9.99999e-01
5.341848578e-01,9.99954e-01,9.99999e-01,9.99986e-01,9.99968e-01,9.99999e-01
5.368557821e-01,9.99921e-01,9.99999e-01,9.99952e-01,9.99968e-01,9.99999e-01
5.395400610e-01,9.99799e-01,9.99999e-01,9.99829e-01,9.99969e-01,9.99999e-01
5.422377613e-01,9.99748e-01,9.99999e-01,9.99777e-01,9.99969e-01,9.99999e-01
5.449489501e-01,9.99765e-01,9.99999e-01,9.99794e-01,9.99970e-01,9.99999e-01
5.476736949e-01,9.99788e-01,9.99999e-01,9.99816e-01,9.99971e-01,9.99999e-01
5.504120634e-01,9.99839e-01,9.99999e-01,9.99866e-01,9.99971e-01,9.99999e-01
5.531641237e-01,9.99905e-01,9.99999e-01,9.99932e-01,9.99972e-01,9.99999e-01
5.559299443e-01,9.99940e-01,9.99999e-01,9.99967e-01,9.99972e-01,9.99999e-01
5.587095940e-01,9.99953e-01,9.99999e-01,9.99979e-01,9.99973e-01,9.99999e-01
5.615031420e-01,9.99951e-01,9.99999e-01,9.99977e-01,9.99973e-01,9.99999e-01
5.643106577e-01,9.99949e-01,9.99999e-01,9.99974e-01,9.99974e-01,9.99999e-01
5.671322110e-01,9.99668e-01,9.99999e-01,9.99693e-01,9.99974e-01,9.99999e-01
5.699678720e-01,9.99644e-01,9.99999e-01,9.99669e-01,9.99975e-01,9.99999e-01
5.728177114e-01,9.99633e-01,9.99999e-01,9.99657e-01,9.99975e-01,9.99999e-01
5.756818000e-01,9.99661e-01,9.99999e-01,9.99685e-01,9.99976e-01,9.99999e-01
5.785602090e-01,9.99702e-01,9.99999e-01,9.99725e-01,9.99976e-01,9.99999e-01
5.814530100e-01,9.99702e-01,9.99999e-01,9.99724e-01,9.99977e-01,9.99999e-01
5.843602750e-01,9.99650e-01,9.99999e-01,9.99672e-01,9.99977e-01,9.99999e-01
5.872820764e-01,9.97159e-01,9.99999e-01,9.97181e-01,9.99978e-01,9.99999e-01
5.902184868e-01,9.96550e-01,9.99999e-01,9.96571e-01,9.99978e-01,9.99999e-01
5.931695792e-01,9.97559e-01,9.99999e-01,9.97580e-01,9.99978e-01,9.99999e-01
5.961354271e-01,9.97324e-01,9.99999e-01,9.97344e-01,9.99979e-01,9.99999e-01
5.991161043e-01,9.98042e-01,9.99999e-01,9.98062e-01,9.99979e-01,9.99999e-01
6.021116848e-01,9.98879e-01,9.99999e-01,9.98899e-01,9.99980e-01,9.99999e-01
6.051222432e-01,9.99423e-01,9.99999e-01,9.99442e-01,9.99980e-01,9.99999e-01
6.081478544e-01,9.99740e-01,9.99999e-01,9.99759e-01,9.99980e-01,9.99999e-01
6.111885937e-01,9.99879e-01,9.99999e-01,9.99897e-01,9.99981e-01,9.99999e-01
6.142445367e-01,9.99936e-01,9.99999e-01,9.99954e-01,9.99981e-01,9.99999e-01
6.173157594e-01,9.99956e-01,9.99999e-01,9.99974e-01,9.99981e-01,9.99999e-01
6.204023382e-01,9.99961e-01,9.99999e-01,9.99978e-01,9.99982e-01,9.99999e-01
6.235043498e-01,9.99890e-01,9.99999e-01,9.99907e-01,9.99982e-01,9.99999e-01
6.266218716e-01,9.99490e-01,9.99999e-01,9.99506e-01,9.99982e-01,9.99999e-01
6.297549810e-01,9.99802e-01,9.99999e-01,9.99818e-01,9.99983e-01,9.99999e-01
6.329037559e-01,9.99626e-01,9.99999e-01,9.99641e-01,9.99983e-01,9.99999e-01
6.360682746e-01,9.99680e-01,9.99999e-01,9.99695e-01,9.99983e-01,9.99999e-01
6.392486160e-01,9.99590e-01,9.99999e-01,9.99605e-01,9.99984e-01,9.99999e-01
6.424448591e-01,9.99459e-01,9.99999e-01,9.99474e-01,9.99984e-01,9.99999e-01
6.456570834e-01,9.97544e-01,9.99999e-01,9.97559e-01,9.99984e-01,9.99999e-01
6.488853688e-01,9.98188e-01,9.99999e-01,9.98203e-01,9.99985e-01,9.99999e-01
6.521297956e-01,9.98154e-01,9.99999e-01,9.98168e-01,9.99985e-01,9.99999e-01
6.553904446e-01,9.98175e-01,9.99999e-01,9.98189e-01,9.99985e-01,9.99999e-01
6.586673968e-01,9.98425e-01,9.99999e-01,9.98438e-01,9.99985e-01,9.99999e-01
6.619607338e-01,9.99083e-01,9.99999e-01,9.99097e-01,9.99986e-01,9.99999e-01
6.652705375e-01,9.99463e-01,9.99999e-01,9.99476e-01,9.99986e-01,9.99999e-01
6.685968902e-01,9.99743e-01,9.99999e-01,9.99756e-01,9.99986e-01,9.99999e-01
6.719398746e-01,9.99874e-01,9.99999e-01,9.99886e-01,9.99986e-01,9.99999e-01
6.752995740e-01,9.99926e-01,9.99999e-01,9.99938e-01,9.99987e-01,9.99999e-01
6.786760719e-01,9.99899e-01,9.99999e-01,9.99911e-01,9.99987e-01,9.99999e-01
6.820694522e-01,9.99837e-01,9.99999e-01,9.99849e-01,9.99987e-01,9.99999e-01
6.854797995e-01,9.99794e-01,9.99999e-01,9.99805e-01,9.99987e-01,9.99999e-01
6.889071985e-01,9.99522e-01,9.99999e-01,9.99534e-01,9.99988e-01,9.99999e-01
6.923517345e-01,9.92358e-01,9.99999e-01,9.92369e-01,9.99988e-01,9.99999e-01
6.958134932e-01,9.95976e-01,9.99999e-01,9.95987e-01,9.99988e-01,9.99999e-01
6.992925606e-01,9.96214e-01,9.99999e-01,9.96224e-01,9.99988e-01,9.99999e-01
7.027890234e-01,9.95311e-01,9.99999e-01,9.95322e-01,9.99989e-01,9.99999e-01
7.063029686e-01,9.96058e-01,9.99999e-01,9.96068e-01,9.99989e-01,9.99999e-01
7.098344834e-01,9.96217e-01,9.99999e-01,9.96227e-01,9.99989e-01,9.99999e-01
7.133836558e-01,9.94992e-01,9.99999e-01,9.95002e-01,9.99989e-01,9.99999e-01
7.169505741e-01,9.60251e-01,9.99999e-01,9.60261e-01,9.99989e-01,9.99999e-01
7.205353270e-01,9.80194e-01,9.99999e-01,9.80204e-01,9.99990e-01,9.99998e-01
7.241380036e-01,9.75100e-01,9.99999e-01,9.75110e-01,9.99990e-01,9.99998e-01
7.277586936e-01,9.77493e-01,9.99999e-01,9.77502e-01,9.99990e-01,9.99999e-01
7.313974871e-01,9.76024e-01,9.99999e-01,9.76033e-01,9.99990e-01,9.99999e-01
7.350544745e-01,9.86849e-01,9.99999e-01,9.86858e-01,9.99990e-01,9.99999e-01
7.387297469e-01,9.90306e-01,9.99999e-01,9.90314e-01,9.99990e-01,9.99999e-01
7.424233956e-01,9.95238e-01,9.99999e-01,9.95246e-01,9.99991e-01,9.99999e-01
7.461355126e-01,9.97111e-01,9.99999e-01,9.97119e-01,9.99991e-01,9.99999e-01
7.498661902e-01,9.98648e-01,9.99999e-01,9.98656e-01,9.99991e-01,9.99999e-01
7.536155211e-01,9.99333e-01,9.99999e-01,9.99341e-01,9.99991e-01,9.99999e-01
7.573835987e-01,9.99653e-01,9.99999e-01,9.99660e-01,9.99991e-01,9.99999e-01
7.611705167e-01,9.99781e-01,9.99999e-01,9.99789e-01,9.99991e-01,9.99999e-01
7.649763693e-01,9.99860e-01,9.99999e-01,9.99867e-01,9.99992e-01,9.99999e-01
7.688012511e-01,9.99900e-01,9.99999e-01,9.99907e-01,9.99992e-01,9.99999e-01
7.726452574e-01,9.99916e-01,9.99999e-01,9.99924e-01,9.99992e-01,9.99999e-01
7.765084837e-01,9.99885e-01,9.99999e-01,9.99892e-01,9.99992e-01,9.99999e-01
7.803910261e-01,9.99531e-01,9.99999e-01,9.99538e-01,9.99992e-01,9.99999e-01
7.842929812e-01,9.98382e-01,9.99999e-01,9.98389e-01,9.99992e-01,9.99999e-01
7.882144461e-01,9.96663e-01,9.99999e-01,9.96670e-01,9.99992e-01,9.99999e-01
7.921555184e-01,9.98162e-01,9.99999e-01,9.98168e-01,9.99993e-01,9.99999e-01
7.961162960e-01,9.96775e-01,9.99999e-01,9.96782e-01,9.99993e-01,9.99999e-01
8.000968774e-01,9.96267e-01,9.99999e-01,9.96274e-01,9.99993e-01,9.99999e-01
8.040973618e-01,9.96269e-01,9.99999e-01,9.96275e-01,9.99993e-01,9.99999e-01
8.081178486e-01,9.91635e-01,9.99999e-01,9.91641e-01,9.99993e-01,9.99999e-01
8.121584379e-01,9.65510e-01,9.99999e-01,9.65516e-01,9.99993e-01,9.99999e-01
8.162192301e-01,9.58977e-01,9.99999e-01,9.58983e-01,9.99993e-01,9.99998e-01
8.203003262e-01,9.79470e-01,9.99999e-01,9.79476e-01,9.99993e-01,9.99998e-01
8.244018279e-01,9.71040e-01,9.99999e-01,9.71046e-01,9.99993e-01,9.99998e-01
8.285238370e-01,9.75414e-01,9.99999e-01,9.75419e-01,9.99994e-01,9.99999e-01
8.326664562e-01,9.75093e-01,9.99999e-01,9.75098e-01,9.99994e-01,9.99999e-01
8.368297885e-01,9.82149e-01,9.99999e-01,9.82155e-01,9.99994e-01,9.99999e-01
8.410139374e-01,9.89357e-01,9.99999e-01,9.89362e-01,9.99994e-01,9.99999e-01
8.452190071e-01,9.94764e-01,9.99999e-01,9.94769e-01,9.99994e-01,9.99999e-01
8.494451021e-01,9.96964e-01,9.99999e-01,9.96968e-01,9.99994e-01,9.99999e-01
8.536923276e-01,9.98199e-01,9.99999e-01,9.98203e-01,9.99994e-01,9.99999e-01
8.579607893e-01,9.98890e-01,9.99999e-01,9.98895e-01,9.99994e-01,9.99999e-01
8.622505932e-01,9.99292e-01,9.99999e-01,9.99297e-01,9.99994e-01,9.99999e-01
8.665618462e-01,9.99561e-01,9.99999e-01,9.99565e-01,9.99994e-01,9.99999e-01
8.708946554e-01,9.99499e-01,9.99999e-01,9.99503e-01,9.99995e-01,9.99999e-01
8.752491287e-01,9.99331e-01,9.99999e-01,9.99335e-01,9.99995e-01,9.99999e-01
8.796253743e-01,9.99077e-01,9.99999e-01,9.99081e-01,9.99995e-01,9.99999e-01
8.840235012e-01,9.98946e-01,9.99999e-01,9.98950e-01,9.99995e-01,9.99999e-01
8.884436187e-01,9.96198e-01,9.99999e-01,9.96202e-01,9.99995e-01,9.99999e-01
8.928858368e-01,9.60385e-01,9.99999e-01,9.60390e-01,9.99995e-01,9.99998e-01
8.973502660e-01,9.30628e-01,9.99999e-01,9.30632e-01,9.99995e-01,9.99998e-01
9.018370173e-01,9.63839e-01,9.99999e-01,9.63843e-01,9.99995e-01,9.99998e-01
9.063462024e-01,9.68364e-01,9.99999e-01,9.68369e-01,9.99995e-01,9.99998e-01
9.108779334e-01,9.50973e-01,9.99999e-01,9.50978e-01,9.99995e-01,9.99998e-01
9.154323231e-01,9.44464e-01,9.99999e-01,9.44468e-01,9.99995e-01,9.99998e-01
9.200094847e-01,9.56167e-01,9.99999e-01,9.56172e-01,9.99995e-01,9.99997e-01
9.246095321e-01,9.32660e-01,9.99999e-01,9.32667e-01,9.99996e-01,9.99996e-01
9.292325798e-01,6.25114e-01,9.99999e-01,6.25120e-01,9.99996e-01,9.99992e-01
9.338787427e-01,5.43826e-01,9.99999e-01,5.43832e-01,9.99996e-01,9.99990e-01
9.385481364e-01,7.82192e-01,9.99999e-01,7.82201e-01,9.99996e-01,9.99990e-01
9.432408771e-01,7.10977e-01,9.99999e-01,7.10986e-01,9.99996e-01,9.99989e-01
9.479570815e-01,6.24437e-01,9.99999e-01,6.24444e-01,9.99996e-01,9.99990e-01
9.526968669e-01,7.02109e-01,9.99999e-01,7.02116e-01,9.99996e-01,9.99993e-01
9.574603512e-01,7.23367e-01,9.99999e-01,7.23373e-01,9.99996e-01,9.99994e-01
9.622476530e-01,7.68253e-01,9.99999e-01,7.68258e-01,9.99996e-01,9.99996e-01
9.670588912e-01,8.59206e-01,9.99999e-01,8.59210e-01,9.99996e-01,9.99997e-01
9.718941857e-01,9.09685e-01,9.99999e-01,9.09689e-01,9.99996e-01,9.99998e-01
9.767536566e-01,9.24459e-01,9.99999e-01,9.24463e-01,9.99996e-01,9.99998e-01
9.816374249e-01,9.43414e-01,9.99999e-01,9.43417e-01,9.99996e-01,9.99998e-01
9.865456120e-01,9.64269e-01,9.99999e-01,9.64271e-01,9.99996e-01,9.99999e-01
9.914783401e-01,9.77775e-01,9.99999e-01,9.77777e-01,9.99996e-01,9.99999e-01
9.964357318e-01,9.87834e-01,9.99999e-01,9.87837e-01,9.99996e-01,9.99999e-01
1.001417910e+00,9.92691e-01,9.99999e-01,9.92693e-01,9.99996e-01,9.99999e-01
1.006425000e+00,9.95831e-01,9.99999e-01,9.95833e-01,9.99997e-01,9.99999e-01
1.011457125e+00,9.97406e-01,9.99999e-01,9.97409e-01,9.99997e-01,9.99999e-01
1.016514411e+00,9.98239e-01,9.99999e-01,9.98241e-01,9.99997e-01,9.99999e-01
1.021596983e+00,9.98596e-01,9.99999e-01,9.98599e-01,9.99997e-01,9.99999e-01
1.026704968e+00,9.98905e-01,9.99999e-01,9.98907e-01,9.99997e-01,9.99999e-01
1.031838492e+00,9.99202e-01,9.99999e-01,9.99205e-01,9.99997e-01,9.99999e-01
1.036997685e+00,9.99526e-01,9.99999e-01,9.99528e-01,9.99997e-01,9.99999e-01
1.042182673e+00,9.99436e-01,9.99999e-01,9.99438e-01,9.99997e-01,9.99999e-01
1.047393587e+00,9.99252e-01,9.99999e-01,9.99254e-01,9.99997e-01,9.99999e-01
1.052630555e+00,9.98976e-01,9.99999e-01,9.98978e-01,9.99997e-01,9.99999e-01
1.057893707e+00,9.98294e-01,9.99999e-01,9.98296e-01,9.99997e-01,9.99999e-01
1.063183176e+00,9.97193e-01,9.99999e-01,9.97195e-01,9.99997e-01,9.99999e-01
1.068499092e+00,9.95301e-01,9.99999e-01,9.95303e-01,9.99997e-01,9.99999e-01
1.073841587e+00,9.94507e-01,9.99999e-01,9.94509e-01,9.99997e-01,9.99999e-01
1.079210795e+00,9.92956e-01,9.99999e-01,9.92958e-01,9.99997e-01,9.99999e-01
1.084606849e+00,9.89363e-01,9.99999e-01,9.89365e-01,9.99997e-01,9.99999e-01
1.090029883e+00,9.84788e-01,9.99999e-01,9.84790e-01,9.99997e-01,9.99998e-01
1.095480033e+00,9.59050e-01,9.99999e-01,9.59052e-01,9.99997e-01,9.99998e-01
1.100957433e+00,8.99136e-01,9.99999e-01,8.99139e-01,9.99997e-01,9.99997e-01
1.106462220e+00,7.63236e-01,9.99999e-01,7.63241e-01,9.99997e-01,9.99995e-01
1.111994531e+00,5.65790e-01,9.99999e-01,5.65796e-01,9.99997e-01,9.99991e-01
1.117554504e+00,3.97809e-01,9.99999e-01,3.97814e-01,9.99997e-01,9.99988e-01
1.123142276e+00,5.07145e-01,9.99999e-01,5.07152e-01,9.99997e-01,9.99986e-01
1.128757988e+00,6.47879e-01,9.99999e-01,6.47890e-01,9.99997e-01,9.99985e-01
1.134401778e+00,3.85541e-01,9.99999e-01,3.85548e-01,9.99997e-01,9.99983e-01
1.140073787e+00,7.72040e-01,9.99999e-01,7.72052e-01,9.99997e-01,9.99986e-01
1.145774156e+00,5.82499e-01,9.99999e-01,5.82506e-01,9.99998e-01,9.99988e-01
1.151503026e+00,5.47770e-01,9.99999e-01,5.47776e-01,9.99998e-01,9.99990e-01
1.157260541e+00,6.05236e-01,9.99999e-01,6.05241e-01,9.99998e-01,9.99992e-01
1.163046844e+00,6.89703e-01,9.99999e-01,6.89707e-01,9.99998e-01,9.99994e-01
1.168862078e+00,7.72616e-01,9.99999e-01,7.72619e-01,9.99998e-01,9.99997e-01
1.174706389e+00,8.52853e-01,9.99999e-01,8.52855e-01,9.99998e-01,9.99998e-01
1.180579921e+00,9.07620e-01,9.99999e-01,9.07622e-01,9.99998e-01,9.99998e-01
1.186482820e+00,9.46746e-01,9.99999e-01,9.46748e-01,9.99998e-01,9.99998e-01
1.192415234e+00,9.68592e-01,9.99999e-01,9.68594e-01,9.99998e-01,9.99998e-01
1.198377311e+00,9.73486e-01,9.99999e-01,9.73487e-01,9.99998e-01,9.99999e-01
1.204369197e+00,9.74877e-01,9.99999e-01,9.74879e-01,9.99998e-01,9.99999e-01
1.210391043e+00,9.75963e-01,9.99999e-01,9.75965e-01,9.99998e-01,9.99999e-01
1.216442998e+00,9.79496e-01,9.99999e-01,9.79497e-01,9.99998e-01,9.99999e-01
1.222525213e+00,9.84011e-01,9.99999e-01,9.84012e-01,9.99998e-01,9.99999e-01
1.228637839e+00,9.88876e-01,9.99999e-01,9.88877e-01,9.99998e-01,9.99999e-01
1.234781029e+00,9.91723e-01,9.99999e-01,9.91724e-01,9.99998e-01,9.99999e-01
1.240954934e+00,9.94761e-01,9.99999e-01,9.94763e-01,9.99998e-01,9.99999e-01
1.247159708e+00,9.95917e-01,9.99999e-01,9.95918e-01,9.99998e-01,9.99999e-01
1.253395507e+00,9.96377e-01,9.99999e-01,9.96378e-01,9.99998e-01,9.99999e-01
1.259662485e+00,9.96562e-01,9.99999e-01,9.96563e-01,9.99998e-01,9.99999e-01
1.265960797e+00,9.94505e-01,9.99999e-01,9.94506e-01,9.99998e-01,9.99999e-01
1.272290601e+00,9.91930e-01,9.99999e-01,9.91931e-01,9.99998e-01,9.99999e-01
1.278652054e+00,9.83002e-01,9.99999e-01,9.83004e-01,9.99998e-01,9.99999e-01
1.285045314e+00,9.73360e-01,9.99999e-01,9.73361e-01,9.99998e-01,9.99998e-01
1.291470541e+00,9.47140e-01,9.99999e-01,9.47142e-01,9.99998e-01,9.99998e-01
1.297927893e+00,9.31518e-01,9.99999e-01,9.31521e-01,9.99998e-01,9.99997e-01
1.304417533e+00,9.12618e-01,9.99999e-01,9.12622e-01,9.99998e-01,9.99996e-01
1.310939621e+00,9.00754e-01,9.99999e-01,9.00760e-01,9.99998e-01,9.99993e-01
1.317494319e+00,8.92528e-01,9.99999e-01,8.92538e-01,9.99998e-01,9.99989e-01
1.324081790e+00,8.43633e-01,9.99999e-01,8.43647e-01,9.99998e-01,9.99983e-01
1.330702199e+00,5.08053e-01,9.99999e-01,5.08067e-01,9.99998e-01,9.99972e-01
1.337355710e+00,1.76608e-01,9.99999e-01,1.76617e-01,9.99998e-01,9.99947e-01
1.344042489e+00,1.36903e-02,9.99999e-01,1.36918e-02,9.99998e-01,9.99888e-01
1.350762701e+00,1.50614e-04,9.99999e-01,1.50640e-04,9.99998e-01,9.99822e-01
1.357516515e+00,5.01464e-06,9.99999e-01,5.01574e-06,9.99998e-01,9.99780e-01
1.364304097e+00,3.49646e-04,9.99999e-01,3.49728e-04,9.99998e-01,9.99765e-01
1.371125618e+00,4.64404e-03,9.99999e-01,4.64514e-03,9.99998e-01,9.99763e-01
1.377981246e+00,1.05235e-02,9.99999e-01,1.05262e-02,9.99998e-01,9.99745e-01
1.384871152e+00,3.93773e-04,9.99999e-01,3.93872e-04,9.99998e-01,9.99748e-01
1.391795508e+00,4.82054e-04,9.99999e-01,4.82158e-04,9.99998e-01,9.99784e-01
1.398754485e+00,1.64065e-03,9.99999e-01,1.64095e-03,9.99998e-01,9.99819e-01
1.405748258e+00,1.51856e-03,9.99999e-01,1.51880e-03,9.99998e-01,9.99838e-01
1.412776999e+00,1.57502e-03,9.99999e-01,1.57523e-03,9.99998e-01,9.99870e-01
1.419840884e+00,2.48234e-03,9.99999e-01,2.48259e-03,9.99998e-01,9.99902e-01
1.426940089e+00,8.86988e-03,9.99999e-01,8.87042e-03,9.99998e-01,9.99939e-01
1.434074789e+00,2.72658e-02,9.99999e-01,2.72668e-02,9.99998e-01,9.99962e-01
1.441245163e+00,6.32412e-02,9.99999e-01,6.32431e-02,9.99998e-01,9.99970e-01
1.448451389e+00,1.40333e-01,9.99999e-01,1.40337e-01,9.99998e-01,9.99975e-01
1.455693646e+00,2.72516e-01,9.99999e-01,2.72521e-01,9.99998e-01,9.99979e-01
1.462972114e+00,3.27576e-01,9.99999e-01,3.27582e-01,9.99998e-01,9.99982e-01
1.470286975e+00,2.71769e-01,9.99999e-01,2.71773e-01,9.99998e-01,9.99984e-01
1.477638409e+00,3.12740e-01,9.99999e-01,3.12744e-01,9.99998e-01,9.99986e-01
1.485026601e+00,3.87399e-01,9.99999e-01,3.87403e-01,9.99998e-01,9.99989e-01
1.492451734e+00,4.91263e-01,9.99999e-01,4.91266e-01,9.99998e-01,9.99992e-01
1.499913993e+00,6.21086e-01,9.99999e-01,6.21089e-01,9.99998e-01,9.99995e-01
1.507413563e+00,7.09320e-01,9.99999e-01,7.09321e-01,9.99999e-01,9.99997e-01
1.514950631e+00,8.06231e-01,9.99999e-01,8.06232e-01,9.99999e-01,9.99998e-01
1.522525384e+00,8.70159e-01,9.99999e-01,8.70160e-01,9.99999e-01,9.99998e-01
1.530138011e+00,9.02888e-01,9.99999e-01,9.02889e-01,9.99999e-01,9.99999e-01
1.537788701e+00,9.44124e-01,9.99999e-01,9.44124e-01,9.99999e-01,9.99999e-01
1.545477645e+00,9.63871e-01,9.99999e-01,9.63872e-01,9.99999e-01,9.99999e-01
1.553205033e+00,9.70543e-01,9.99999e-01,9.70544e-01,9.99999e-01,9.99999e-01
1.560971058e+00,9.81581e-01,9.99999e-01,9.81581e-01,9.99999e-01,9.99999e-01
1.568775913e+00,9.87849e-01,9.99999e-01,9.87849e-01,9.99999e-01,9.99999e-01
1.576619793e+00,9.90535e-01,9.99999e-01,9.90536e-01,9.99999e-01,9.99999e-01
1.584502892e+00,9.94244e-01,9.99999e-01,9.94245e-01,9.99999e-01,9.99999e-01
1.592425406e+00,9.94671e-01,9.99999e-01,9.94671e-01,9.99999e-01,9.99999e-01
1.600387533e+00,9.96324e-01,9.99999e-01,9.96324e-01,9.99999e-01,9.99999e-01
1.608389471e+00,9.96196e-01,9.99999e-01,9.96197e-01,9.99999e-01,9.99999e-01
1.616431418e+00,9.96116e-01,9.99999e-01,9.96117e-01,9.99999e-01,9.99999e-01
1.624513575e+00,9.95846e-01,9.99999e-01,9.95846e-01,9.99999e-01,9.99999e-01
1.632636143e+00,9.93493e-01,9.99999e-01,9.93493e-01,9.99999e-01,9.99999e-01
1.640799324e+00,9.91331e-01,9.99999e-01,9.91332e-01,9.99999e-01,9.99999e-01
1.649003321e+00,9.88922e-01,9.99999e-01,9.88923e-01,9.99999e-01,9.99999e-01
1.657248337e+00,9.85438e-01,9.99999e-01,9.85438e-01,9.99999e-01,9.99999e-01
1.665534579e+00,9.80211e-01,9.99999e-01,9.80211e-01,9.99999e-01,9.99999e-01
1.673862252e+00,9.72989e-01,9.99999e-01,9.72989e-01,9.99999e-01,9.99999e-01
1.682231563e+00,9.76442e-01,9.99999e-01,9.76442e-01,9.99999e-01,9.99999e-01
1.690642721e+00,9.59061e-01,9.99999e-01,9.59062e-01,9.99999e-01,9.99999e-01
1.699095934e+00,9.52583e-01,9.99999e-01,9.52584e-01,9.99999e-01,9.99998e-01
1.707591414e+00,9.49545e-01,9.99999e-01,9.49546e-01,9.99999e-01,9.99998e-01
1.716129371e+00,9.37629e-01,9.99999e-01,9.37630e-01,9.99999e-01,9.99998e-01
1.724710018e+00,9.07376e-01,9.99999e-01,9.07378e-01,9.99999e-01,9.99997e-01
1.733333568e+00,8.81252e-01,9.99999e-01,8.81256e-01,9.99999e-01,9.99995e-01
1.742000236e+00,8.25841e-01,9.99999e-01,8.25846e-01,9.99999e-01,9.99993e-01
1.750710237e+00,6.98166e-01,9.99999e-01,6.98173e-01,9.99999e-01,9.99990e-01
1.759463788e+00,5.08500e-01,9.99999e-01,5.08508e-01,9.99999e-01,9.99985e-01
1.768261107e+00,2.79997e-01,9.99999e-01,2.80004e-01,9.99999e-01,9.99976e-01
1.777102413e+00,1.21210e-01,9.99999e-01,1.21214e-01,9.99999e-01,9.99964e-01
1.785987925e+00,2.73867e-02,9.99999e-01,2.73883e-02,9.99999e-01,9.99942e-01
1.794917864e+00,7.03230e-03,9.99999e-01,7.03299e-03,9.99999e-01,9.99900e-01
1.803892454e+00,2.76092e-04,9.99999e-01,2.76134e-04,9.99999e-01,9.99850e-01
1.812911916e+00,6.10129e-05,9.99999e-01,6.10249e-05,9.99999e-01,9.99804e-01
1.821976476e+00,8.22795e-05,9.99999e-01,8.22988e-05,9.99999e-01,9.99765e-01
1.831086358e+00,1.64196e-05,9.99999e-01,1.64241e-05,9.99999e-01,9.99729e-01
1.840241790e+00,1.05891e-04,9.99999e-01,1.05923e-04,9.99999e-01,9.99700e-01
1.849442999e+00,3.41639e-04,9.99999e-01,3.41749e-04,9.99999e-01,9.99677e-01
1.858690214e+00,5.48939e-06,9.99999e-01,5.49144e-06,9.99999e-01,9.99627e-01
1.867983665e+00,1.07724e-06,9.99999e-01,1.07769e-06,9.99999e-01,9.99584e-01
1.877323583e+00,4.45603e-03,9.99999e-01,4.45779e-03,9.99999e-01,9.99604e-01
1.886710201e+00,6.91195e-03,9.99999e-01,6.91427e-03,9.99999e-01,9.99665e-01
1.896143752e+00,1.36130e-02,9.99999e-01,1.36171e-02,9.99999e-01,9.99697e-01
1.905624471e+00,5.62634e-04,9.99999e-01,5.62793e-04,9.99999e-01,9.99718e-01
1.915152593e+00,7.94013e-05,9.99999e-01,7.94221e-05,9.99999e-01,9.99737e-01
1.924728356e+00,2.23926e-05,9.99999e-01,2.23977e-05,9.99999e-01,9.99768e-01
1.934351998e+00,1.49863e-05,9.99999e-01,1.49892e-05,9.99999e-01,9.99809e-01
1.944023758e+00,5.56268e-04,9.99999e-01,5.56345e-04,9.99999e-01,9.99862e-01
1.953743877e+00,1.97651e-03,9.99999e-01,1.97669e-03,9.99999e-01,9.99909e-01
1.963512596e+00,1.65205e-02,9.99999e-01,1.65215e-02,9.99999e-01,9.99943e-01
1.973330159e+00,4.12676e-02,9.99999e-01,4.12690e-02,9.99999e-01,9.99965e-01
1.983196810e+00,2.03964e-01,9.99999e-01,2.03969e-01,9.99999e-01,9.99977e-01
1.993112794e+00,2.89904e-01,9.99999e-01,2.89908e-01,9.99999e-01,9.99985e-01
2.003078358e+00,4.73718e-01,9.99999e-01,4.73723e-01,9.99999e-01,9.99990e-01
2.013093750e+00,6.16557e-01,9.99999e-01,6.16561e-01,9.99999e-01,9.99993e-01
2.023159218e+00,7.56679e-01,9.99999e-01,7.56683e-01,9.99999e-01,9.99995e-01
2.033275015e+00,8.06234e-01,9.99999e-01,8.06236e-01,9.99999e-01,9.99997e-01
2.043441390e+00,8.75174e-01,9.99999e-01,8.75176e-01,9.99999e-01,9.99997e-01
2.053658597e+00,8.97776e-01,9.99999e-01,8.97777e-01,9.99999e-01,9.99998e-01
2.063926890e+00,9.30482e-01,9.99999e-01,9.30483e-01,9.99999e-01,9.99998e-01
2.074246524e+00,9.39485e-01,9.99999e-01,9.39486e-01,9.99999e-01,9.99998e-01
2.084617757e+00,9.60020e-01,9.99999e-01,9.60021e-01,9.99999e-01,9.99999e-01
2.095040845e+00,9.68422e-01,9.99999e-01,9.68422e-01,9.99999e-01,9.99999e-01
2.105516050e+00,9.72783e-01,9.99999e-01,9.72784e-01,9.99999e-01,9.99999e-01
2.116043630e+00,9.73949e-01,9.99999e-01,9.73949e-01,9.99999e-01,9.99999e-01
2.126623848e+00,9.84104e-01,9.99999e-01,9.84104e-01,9.99999e-01,9.99999e-01
2.137256967e+00,9.84911e-01,9.99999e-01,9.84911e-01,9.99999e-01,9.99999e-01
2.147943252e+00,9.85453e-01,9.99999e-01,9.85453e-01,9.99999e-01,9.99999e-01
2.158682968e+00,9.86715e-01,9.99999e-01,9.86715e-01,9.99999e-01,9.99999e-01
2.169476383e+00,9.85848e-01,9.99999e-01,9.85848e-01,9.99999e-01,9.99999e-01
2.180323765e+00,9.83857e-01,9.99999e-01,9.83857e-01,9.99999e-01,9.99999e-01
2.191225384e+00,9.80302e-01,9.99999e-01,9.80303e-01,9.99999e-01,9.99999e-01
2.202181511e+00,9.75471e-01,9.99999e-01,9.75471e-01,9.99999e-01,9.99999e-01
2.213192418e+00,9.75419e-01,9.99999e-01,9.75419e-01,9.99999e-01,9.99999e-01
2.224258381e+00,9.70735e-01,9.99999e-01,9.70735e-01,9.99999e-01,9.99998e-01
2.235379672e+00,9.75439e-01,9.99999e-01,9.75439e-01,9.99999e-01,9.99998e-01
2.246556571e+00,9.56217e-01,9.99999e-01,9.56217e-01,9.99999e-01,9.99998e-01
2.257789354e+00,9.66688e-01,9.99999e-01,9.66689e-01,9.99999e-01,9.99998e-01
2.269078300e+00,9.18501e-01,9.99999e-01,9.18502e-01,9.99999e-01,9.99998e-01
2.280423692e+00,9.32648e-01,9.99999e-01,9.32650e-01,9.99999e-01,9.99998e-01
2.291825810e+00,8.71179e-01,9.99999e-01,8.71181e-01,9.99999e-01,9.99997e-01
2.303284939e+00,8.84091e-01,9.99999e-01,8.84094e-01,9.99999e-01,9.99996e-01
2.314801364e+00,8.09687e-01,9.99999e-01,8.09690e-01,9.99999e-01,9.99995e-01
2.326375371e+00,8.01370e-01,9.99999e-01,8.01374e-01,9.99999e-01,9.99994e-01
2.338007248e+00,7.74896e-01,9.99999e-01,7.74901e-01,9.99999e-01,9.99992e-01
2.349697284e+00,6.49649e-01,9.99999e-01,6.49655e-01,9.99999e-01,9.99989e-01
2.361445770e+00,7.03776e-01,9.99999e-01,7.03786e-01,9.99999e-01,9.99986e-01
2.373252999e+00,6.22805e-01,9.99999e-01,6.22816e-01,9.99999e-01,9.99981e-01
2.385119264e+00,4.44261e-01,9.99999e-01,4.44272e-01,9.99999e-01,9.99974e-01
2.397044861e+00,5.98811e-01,9.99999e-01,5.98834e-01,9.99999e-01,9.99961e-01
2.409030085e+00,3.92479e-01,9.99999e-01,3.92501e-01,9.99999e-01,9.99943e-01
2.421075235e+00,4.01247e-01,9.99999e-01,4.01278e-01,9.99999e-01,9.99922e-01
2.433180612e+00,2.57866e-01,9.99999e-01,2.57893e-01,9.99999e-01,9.99895e-01
2.445346515e+00,1.14475e-01,9.99999e-01,1.14491e-01,9.99999e-01,9.99859e-01
2.457573247e+00,7.22262e-02,9.99999e-01,7.22398e-02,9.99999e-01,9.99811e-01
2.469861113e+00,6.80909e-03,9.99999e-01,6.81082e-03,9.99999e-01,9.99745e-01
2.482210419e+00,1.50176e-04,9.99999e-01,1.50230e-04,9.99999e-01,9.99641e-01
2.494621471e+00,1.44937e-06,9.99999e-01,1.45010e-06,9.99999e-01,9.99492e-01
2.507094578e+00,6.69665e-10,9.99999e-01,6.70161e-10,9.99999e-01,9.99258e-01
2.519630051e+00,9.75729e-17,9.99999e-01,9.76786e-17,9.99999e-01,9.98916e-01
2.532228202e+00,7.83272e-22,9.99999e-01,7.84409e-22,9.99999e-01,9.98550e-01
2.544889343e+00,2.58780e-29,9.99999e-01,2.59260e-29,9.99999e-01,9.98147e-01
2.557613789e+00,1.21180e-28,9.99999e-01,1.21445e-28,9.99999e-01,9.97819e-01
2.570401858e+00,8.56323e-47,9.99999e-01,8.58347e-47,9.99999e-01,9.97640e-01
2.583253867e+00,8.32162e-40,9.99999e-01,8.34314e-40,9.99999e-01,9.97420e-01
2.596170137e+00,5.98568e-34,9.99999e-01,6.00139e-34,9.99999e-01,9.97380e-01
2.609150988e+00,4.09627e-24,9.99999e-01,4.10776e-24,9.99999e-01,9.97203e-01
2.622196742e+00,2.35060e-20,9.99999e-01,2.35737e-20,9.99999e-01,9.97126e-01
2.635307726e+00,9.90419e-10,9.99999e-01,9.93402e-10,9.99999e-01,9.96996e-01
2.648484265e+00,1.34513e-11,9.99999e-01,1.34976e-11,9.99999e-01,9.96570e-01
2.661726686e+00,4.93336e-20,9.99999e-01,4.95228e-20,9.99999e-01,9.96180e-01
2.675035320e+00,1.75833e-69,9.99999e-01,1.76473e-69,9.99999e-01,9.96373e-01
2.688410496e+00,1.99980e-34,9.99999e-01,2.00666e-34,9.99999e-01,9.96579e-01
2.701852549e+00,4.53788e-30,9.99999e-01,4.55198e-30,9.99999e-01,9.96901e-01
2.715361811e+00,7.21321e-30,9.99999e-01,7.23404e-30,9.99999e-01,9.97119e-01
2.728938620e+00,2.12952e-21,9.99999e-01,2.13496e-21,9.99999e-01,9.97447e-01
2.742583314e+00,6.70122e-23,9.99999e-01,6.71773e-23,9.99999e-01,9.97542e-01
2.756296230e+00,5.51755e-24,9.99999e-01,5.53060e-24,9.99999e-01,9.97640e-01
2.770077711e+00,2.59220e-32,9.99999e-01,2.59747e-32,9.99999e-01,9.97971e-01
2.783928100e+00,2.34121e-32,9.99999e-01,2.34556e-32,9.99999e-01,9.98144e-01
2.797847740e+00,9.76188e-25,9.99999e-01,9.77746e-25,9.99999e-01,9.98406e-01
2.811836979e+00,3.00296e-26,9.99999e-01,3.00678e-26,9.99999e-01,9.98731e-01
2.825896164e+00,8.82027e-23,9.99999e-01,8.82890e-23,9.99999e-01,9.99021e-01
2.840025645e+00,8.70873e-18,9.99999e-01,8.71548e-18,9.99999e-01,9.99224e-01
2.854225773e+00,6.68217e-16,9.99999e-01,6.68627e-16,9.99999e-01,9.99386e-01
2.868496902e+00,5.70439e-15,9.99999e-01,5.70691e-15,9.99999e-01,9.99558e-01
2.882839386e+00,5.47920e-12,9.99999e-01,5.48097e-12,9.99999e-01,9.99676e-01
2.897253583e+00,3.08372e-10,9.99999e-01,3.08453e-10,9.99999e-01,9.99739e-01
2.911739851e+00,3.61502e-07,9.99999e-01,3.61576e-07,9.99999e-01,9.99792e-01
2.926298550e+00,1.12971e-05,9.99999e-01,1.12989e-05,9.99999e-01,9.99843e-01
2.940930043e+00,1.73132e-05,9.99999e-01,1.73154e-05,9.99999e-01,9.99874e-01
2.955634693e+00,3.96687e-05,9.99999e-01,3.96728e-05,9.99999e-01,9.99895e-01
2.970412867e+00,5.38706e-05,9.99999e-01,5.38750e-05,9.99999e-01,9.99918e-01
2.985264931e+00,1.00815e-03,9.99999e-01,1.00822e-03,9.99999e-01,9.99934e-01
3.000191256e+00,1.41765e-03,9.99999e-01,1.41773e-03,9.99999e-01,9.99943e-01
3.015192212e+00,6.35427e-03,9.99999e-01,6.35456e-03,9.99999e-01,9.99954e-01
3.030268173e+00,1.55573e-02,9.99999e-01,1.55579e-02,9.99999e-01,9.99960e-01
3.045419514e+00,4.41092e-03,9.99999e-01,4.41107e-03,9.99999e-01,9.99964e-01
3.060646612e+00,4.34258e-02,9.99999e-01,4.34271e-02,9.99999e-01,9.99968e-01
3.075949845e+00,4.81029e-02,9.99999e-01,4.81043e-02,9.99999e-01,9.99970e-01
3.091329594e+00,3.21036e-02,9.99999e-01,3.21045e-02,9.99999e-01,9.99972e-01
3.106786242e+00,8.22960e-02,9.99999e-01,8.22981e-02,9.99999e-01,9.99974e-01
3.122320173e+00,1.12444e-01,9.99999e-01,1.12447e-01,9.99999e-01,9.99975e-01
3.137931774e+00,1.26841e-01,9.99999e-01,1.26844e-01,9.99999e-01,9.99976e-01
3.153621433e+00,2.47576e-01,9.99999e-01,2.47581e-01,9.99999e-01,9.99976e-01
3.169389540e+00,2.83834e-01,9.99999e-01,2.83841e-01,9.99999e-01,9.99973e-01
3.185236488e+00,2.10798e-01,9.99999e-01,2.10805e-01,9.99999e-01,9.99969e-01
3.201162670e+00,4.32723e-02,9.99999e-01,4.32737e-02,9.99999e-01,9.99967e-01
3.217168483e+00,1.09210e-01,9.99999e-01,1.09213e-01,9.99999e-01,9.99966e-01
3.233254326e+00,2.16230e-01,9.99999e-01,2.16237e-01,9.99999e-01,9.99967e-01
3.249420598e+00,3.38486e-01,9.99999e-01,3.38496e-01,9.99999e-01,9.99969e-01
3.265667701e+00,2.17795e-01,9.99999e-01,2.17801e-01,9.99999e-01,9.99971e-01
3.281996039e+00,2.98076e-01,9.99999e-01,2.98084e-01,9.99999e-01,9.99972e-01
3.298406019e+00,1.20868e-01,9.99999e-01,1.20871e-01,9.99999e-01,9.99974e-01
3.314898049e+00,1.04242e-01,9.99999e-01,1.04244e-01,9.99999e-01,9.99975e-01
3.331472540e+00,1.89482e-01,9.99999e-01,1.89486e-01,9.99999e-01,9.99977e-01
3.348129902e+00,1.75206e-01,9.99999e-01,1.75210e-01,9.99999e-01,9.99980e-01
3.364870552e+00,2.44303e-01,9.99999e-01,2.44307e-01,9.99999e-01,9.99984e-01
3.381694905e+00,2.79864e-01,9.99999e-01,2.79867e-01,9.99999e-01,9.99987e-01
3.398603379e+00,4.06050e-01,9.99999e-01,4.06054e-01,9.99999e-01,9.99990e-01
3.415596396e+00,5.08337e-01,9.99999e-01,5.08340e-01,9.99999e-01,9.99993e-01
3.432674378e+00,5.36912e-01,9.99999e-01,5.36915e-01,9.99999e-01,9.99995e-01
3.449837750e+00,6.54383e-01,9.99999e-01,6.54385e-01,9.99999e-01,9.99996e-01
3.467086939e+00,7.45753e-01,9.99999e-01,7.45755e-01,9.99999e-01,9.99996e-01
3.484422373e+00,7.61283e-01,9.99999e-01,7.61285e-01,9.99999e-01,9.99997e-01
3.501844485e+00,8.54586e-01,9.99999e-01,8.54588e-01,9.99999e-01,9.99997e-01
3.519353708e+00,8.76530e-01,9.99999e-01,8.76532e-01,9.99999e-01,9.99997e-01
3.536950476e+00,8.88557e-01,9.99999e-01,8.88559e-01,9.99999e-01,9.99997e-01
3.554635228e+00,9.29487e-01,9.99999e-01,9.29488e-01,9.99999e-01,9.99997e-01
3.572408405e+00,9.32021e-01,9.99999e-01,9.32022e-01,9.99999e-01,9.99997e-01
3.590270447e+00,9.52317e-01,9.99999e-01,9.52319e-01,9.99999e-01,9.99998e-01
3.608221799e+00,9.62758e-01,9.99999e-01,9.62760e-01,9.99999e-01,9.99998e-01
3.626262908e+00,9.68085e-01,9.99999e-01,9.68086e-01,9.99999e-01,9.99998e-01
3.644394222e+00,9.80832e-01,9.99999e-01,9.80833e-01,9.99999e-01,9.99998e-01
3.662616193e+00,9.68531e-01,9.99999e-01,9.68532e-01,9.99999e-01,9.99998e-01
3.680929274e+00,9.49068e-01,9.99999e-01,9.49069e-01,9.99999e-01,9.99998e-01
3.699333921e+00,9.75842e-01,9.99999e-01,9.75844e-01,9.99999e-01,9.99998e-01
3.717830590e+00,9.81141e-01,9.99999e-01,9.81142e-01,9.99999e-01,9.99998e-01
3.736419743e+00,9.77946e-01,9.99999e-01,9.77948e-01,9.99999e-01,9.99998e-01
3.755101842e+00,9.76370e-01,9.99999e-01,9.76372e-01,9.99999e-01,9.99998e-01
3.773877351e+00,9.80486e-01,9.99999e-01,9.80488e-01,9.99999e-01,9.99998e-01
3.792746738e+00,9.76436e-01,9.99999e-01,9.76437e-01,9.99999e-01,9.99998e-01
3.811710472e+00,9.71170e-01,9.99999e-01,9.71171e-01,9.99999e-01,9.99998e-01
3.830769024e+00,9.68915e-01,9.99999e-01,9.68916e-01,9.99999e-01,9.99998e-01
3.849922869e+00,9.55017e-01,9.99999e-01,9.55018e-01,9.99999e-01,9.99998e-01
3.869172484e+00,9.47091e-01,9.99999e-01,9.47093e-01,9.99999e-01,9.99998e-01
3.888518346e+00,9.70498e-01,9.99999e-01,9.70499e-01,9.99999e-01,9.99998e-01
3.907960938e+00,9.67123e-01,9.99999e-01,9.67124e-01,9.99999e-01,9.99998e-01
3.927500742e+00,8.06597e-01,9.99999e-01,8.06598e-01,9.99999e-01,9.99998e-01
3.947138246e+00,8.76776e-01,9.99999e-01,8.76777e-01,9.99999e-01,9.99998e-01
3.966873937e+00,7.10108e-01,9.99999e-01,7.10109e-01,9.99999e-01,9.99998e-01
3.986708307e+00,9.42961e-01,9.99999e-01,9.42962e-01,9.99999e-01,9.99998e-01
4.006641849e+00,9.79318e-01,9.99999e-01,9.79319e-01,9.99999e-01,9.99998e-01
4.026675058e+00,9.76147e-01,9.99999e-01,9.76148e-01,9.99999e-01,9.99998e-01
4.046808433e+00,9.71311e-01,9.99999e-01,9.71313e-01,9.99999e-01,9.99998e-01
4.067042475e+00,9.66984e-01,9.99999e-01,9.66985e-01,9.99999e-01,9.99998e-01
4.087377688e+00,9.64671e-01,9.99999e-01,9.64672e-01,9.99999e-01,9.99998e-01
4.107814576e+00,9.51333e-01,9.99999e-01,9.51334e-01,9.99999e-01,9.99998e-01
4.128353649e+00,9.24540e-01,9.99999e-01,9.24541e-01,9.99999e-01,9.99997e-01
4.148995417e+00,9.06999e-01,9.99999e-01,9.07000e-01,9.99999e-01,9.99997e-01
4.169740394e+00,8.56170e-01,9.99999e-01,8.56172e-01,9.99999e-01,9.99997e-01
4.190589096e+00,8.26962e-01,9.99999e-01,8.26964e-01,9.99999e-01,9.99997e-01
4.211542042e+00,7.41787e-01,9.99999e-01,7.41788e-01,9.99999e-01,9.99997e-01
4.232599752e+00,7.19004e-01,9.99999e-01,7.19005e-01,9.99999e-01,9.99997e-01
4.253762751e+00,6.58229e-01,9.99999e-01,6.58231e-01,9.99999e-01,9.99997e-01
4.275031564e+00,5.61191e-01,9.99999e-01,5.61192e-01,9.99999e-01,9.99997e-01
4.296406722e+00,4.68157e-01,9.99999e-01,4.68158e-01,9.99999e-01,9.99997e-01
4.317888756e+00,5.16430e-01,9.99999e-01,5.16432e-01,9.99999e-01,9.99996e-01
4.339478200e+00,4.36238e-01,9.99999e-01,4.36240e-01,9.99999e-01,9.99996e-01
4.361175591e+00,3.76210e-01,9.99999e-01,3.76211e-01,9.99999e-01,9.99996e-01
4.382981469e+00,3.80801e-01,9.99999e-01,3.80802e-01,9.99999e-01,9.99996e-01
4.404896376e+00,3.61886e-01,9.99999e-01,3.61888e-01,9.99999e-01,9.99995e-01
4.426920858e+00,2.49464e-01,9.99999e-01,2.49465e-01,9.99999e-01,9.99995e-01
4.449055462e+00,3.73811e-01,9.99999e-01,3.73812e-01,9.99999e-01,9.99995e-01
4.471300739e+00,2.82117e-01,9.99999e-01,2.82118e-01,9.99999e-01,9.99994e-01
4.493657243e+00,3.69164e-01,9.99999e-01,3.69166e-01,9.99999e-01,9.99994e-01
4.516125529e+00,2.07540e-01,9.99999e-01,2.07542e-01,9.99999e-01,9.99993e-01
4.538706157e+00,2.94713e-01,9.99999e-01,2.94715e-01,9.99999e-01,9.99992e-01
4.561399688e+00,2.67705e-01,9.99999e-01,2.67707e-01,9.99999e-01,9.99992e-01
4.584206686e+00,3.63817e-01,9.99999e-01,3.63820e-01,9.99999e-01,9.99991e-01
4.607127720e+00,2.62143e-01,9.99999e-01,2.62146e-01,9.99999e-01,9.99989e-01
4.630163358e+00,1.19330e-01,9.99999e-01,1.19331e-01,9.99999e-01,9.99988e-01
4.653314175e+00,1.19401e-01,9.99999e-01,1.19403e-01,9.99999e-01,9.99986e-01
4.676580746e+00,2.92193e-02,9.99999e-01,2.92197e-02,9.99999e-01,9.99984e-01
4.699963650e+00,1.01502e-01,9.99999e-01,1.01503e-01,9.99999e-01,9.99982e-01
4.723463468e+00,3.21807e-02,9.99999e-01,3.21813e-02,9.99999e-01,9.99978e-01
4.747080785e+00,1.47286e-01,9.99999e-01,1.47289e-01,9.99999e-01,9.99975e-01
4.770816189e+00,4.06828e-02,9.99999e-01,4.06839e-02,9.99999e-01,9.99970e-01
4.794670270e+00,2.25240e-02,9.99999e-01,2.25247e-02,9.99999e-01,9.99965e-01
4.818643622e+00,2.05747e-02,9.99999e-01,2.05755e-02,9.99999e-01,9.99958e-01
4.842736840e+00,3.03446e-03,9.99999e-01,3.03461e-03,9.99999e-01,9.99951e-01
4.866950524e+00,3.81664e-02,9.99999e-01,3.81685e-02,9.99999e-01,9.99942e-01
4.891285276e+00,3.73016e-03,9.99999e-01,3.73042e-03,9.99999e-01,9.99931e-01
4.915741703e+00,1.48694e-02,9.99999e-01,1.48706e-02,9.99999e-01,9.99919e-01
4.940320411e+00,2.31609e-03,9.99999e-01,2.31631e-03,9.99999e-01,9.99904e-01
4.965022013e+00,8.09264e-04,9.99999e-01,8.09353e-04,9.99999e-01,9.99889e-01
4.989847123e+00,3.65706e-03,9.99999e-01,3.65751e-03,9.99999e-01,9.99875e-01
5.014796359e+00,1.18094e-04,9.99999e-01,1.18111e-04,9.99999e-01,9.99855e-01
5.039870341e+00,5.24319e-04,9.99999e-01,5.24407e-04,9.99999e-01,9.99832e-01
5.065069693e+00,9.02020e-04,9.99999e-01,9.02200e-04,9.99999e-01,9.99799e-01
5.090395041e+00,3.88713e-05,9.99999e-01,3.88802e-05,9.99999e-01,9.99768e-01
5.115847016e+00,1.99607e-05,9.99999e-01,1.99661e-05,9.99999e-01,9.99731e-01
5.141426251e+00,4.35471e-07,9.99999e-01,4.35606e-07,9.99999e-01,9.99689e-01
5.167133383e+00,1.46477e-07,9.99999e-01,1.46529e-07,9.99999e-01,9.99648e-01
5.192969049e+00,1.20197e-07,9.99999e-01,1.20245e-07,9.99999e-01,9.99600e-01
5.218933895e+00,1.97407e-11,9.99999e-01,1.97495e-11,9.99999e-01,9.99556e-01
5.245028564e+00,1.07094e-08,9.99999e-01,1.07146e-08,9.99999e-01,9.99512e-01
5.271253707e+00,1.20158e-09,9.99999e-01,1.20223e-09,9.99999e-01,9.99452e-01
5.297609976e+00,7.95410e-11,9.99999e-01,7.95893e-11,9.99999e-01,9.99393e-01
5.324098025e+00,2.98379e-11,9.99999e-01,2.98576e-11,9.99999e-01,9.99339e-01
5.350718516e+00,1.26482e-13,9.99999e-01,1.26578e-13,9.99999e-01,9.99243e-01
5.377472108e+00,1.04106e-13,9.99999e-01,1.04190e-13,9.99999e-01,9.99195e-01
5.404359469e+00,8.98453e-14,9.99999e-01,8.99274e-14,9.99999e-01,9.99087e-01
5.431381266e+00,2.25043e-24,9.99999e-01,2.25264e-24,9.99999e-01,9.99017e-01
5.458538172e+00,1.40736e-24,9.99999e-01,1.40889e-24,9.99999e-01,9.98912e-01
5.485830863e+00,7.22308e-26,9.99999e-01,7.23184e-26,9.99999e-01,9.98786e-01
5.513260018e+00,2.74930e-27,9.99999e-01,2.75297e-27,9.99999e-01,9.98663e-01
5.540826318e+00,6.59963e-29,9.99999e-01,6.60945e-29,9.99999e-01,9.98513e-01
5.568530449e+00,1.65476e-44,9.99999e-01,1.65746e-44,9.99999e-01,9.98368e-01
5.596373101e+00,1.28625e-42,9.99999e-01,1.28859e-42,9.99999e-01,9.98188e-01
5.624354967e+00,2.61132e-38,9.99999e-01,2.61666e-38,9.99999e-01,9.97961e-01
5.652476742e+00,5.17224e-42,9.99999e-01,5.18377e-42,9.99999e-01,9.97775e-01
5.680739126e+00,3.83715e-48,9.99999e-01,3.84653e-48,9.99999e-01,9.97560e-01
5.709142821e+00,1.88858e-52,9.99999e-01,1.89361e-52,9.99999e-01,9.97344e-01
5.737688535e+00,1.29094e-50,9.99999e-01,1.29474e-50,9.99999e-01,9.97061e-01
5.766376978e+00,4.94852e-39,9.99999e-01,4.96372e-39,9.99999e-01,9.96936e-01
5.795208863e+00,2.42620e-35,9.99999e-01,2.43408e-35,9.99999e-01,9.96763e-01
5.824184907e+00,3.44787e-43,9.99999e-01,3.45971e-43,9.99999e-01,9.96578e-01
5.853305832e+00,3.47314e-42,9.99999e-01,3.48543e-42,9.99999e-01,9.96473e-01
5.882572361e+00,6.11825e-52,9.99999e-01,6.14050e-52,9.99999e-01,9.96376e-01
5.911985223e+00,1.44397e-49,9.99999e-01,1.44937e-49,9.99999e-01,9.96275e-01
5.941545149e+00,2.29497e-51,9.99999e-01,2.30360e-51,9.99999e-01,9.96254e-01
5.971252874e+00,2.36472e-44,9.99999e-01,2.37385e-44,9.99999e-01,9.96151e-01
6.001109139e+00,4.28511e-30,9.99999e-01,4.30196e-30,9.99999e-01,9.96082e-01
6.031114685e+00,2.85651e-33,9.99999e-01,2.86766e-33,9.99999e-01,9.96110e-01
6.061270258e+00,3.23459e-33,9.99999e-01,3.24694e-33,9.99999e-01,9.96196e-01
6.091576609e+00,5.88009e-28,9.99999e-01,5.90250e-28,9.99999e-01,9.96201e-01
6.122034492e+00,3.61603e-18,9.99999e-01,3.62984e-18,9.99999e-01,9.96196e-01
6.152644665e+00,9.26443e-19,9.99999e-01,9.29993e-19,9.99999e-01,9.96182e-01
6.183407888e+00,5.06902e-13,9.99999e-01,5.08845e-13,9.99999e-01,9.96180e-01
6.214324928e+00,7.00645e-09,9.99999e-01,7.03322e-09,9.99999e-01,9.96192e-01
6.245396552e+00,3.24698e-06,9.99999e-01,3.25947e-06,9.99999e-01,9.96167e-01
6.276623535e+00,1.49188e-06,9.99999e-01,1.49781e-06,9.99999e-01,9.96035e-01
6.308006653e+00,1.66278e-06,9.99999e-01,1.66977e-06,9.99999e-01,9.95810e-01
6.339546686e+00,2.70792e-13,9.99999e-01,2.71987e-13,9.99999e-01,9.95608e-01
6.371244419e+00,4.78011e-27,9.99999e-01,4.80163e-27,9.99999e-01,9.95518e-01
6.403100641e+00,1.10655e-37,9.99999e-01,1.11150e-37,9.99999e-01,9.95545e-01
6.435116145e+00,2.91088e-81,9.99999e-01,2.92384e-81,9.99999e-01,9.95569e-01
6.467291725e+00,1.12657e-81,9.99999e-01,1.13157e-81,9.99999e-01,9.95576e-01
6.499628184e+00,3.74905e-93,9.99999e-01,3.76563e-93,9.99999e-01,9.95596e-01
6.532126325e+00,4.04454e-82,9.99999e-01,4.06205e-82,9.99999e-01,9.95688e-01
6.564786956e+00,8.89054e-99,9.99999e-01,8.92671e-99,9.99999e-01,9.95946e-01
6.597610891e+00,9.33638e-133,9.99999e-01,9.37309e-133,9.99999e-01,9.96083e-01
6.630598946e+00,1.09492e-87,9.99999e-01,1.09910e-87,9.99999e-01,9.96198e-01
6.663751940e+00,1.01175e-81,9.99999e-01,1.01539e-81,9.99999e-01,9.96416e-01
6.697070700e+00,6.99523e-65,9.99999e-01,7.01857e-65,9.99999e-01,9.96673e-01
6.730556054e+00,1.17528e-44,9.99999e-01,1.17892e-44,9.99999e-01,9.96909e-01
6.764208834e+00,7.57658e-45,9.99999e-01,7.59834e-45,9.99999e-01,9.97136e-01
6.798029878e+00,1.44561e-54,9.99999e-01,1.44943e-54,9.99999e-01,9.97367e-01
6.832020027e+00,9.95443e-55,9.99999e-01,9.97982e-55,9.99999e-01,9.97455e-01
6.866180128e+00,1.01340e-62,9.99999e-01,1.01583e-62,9.99999e-01,9.97613e-01
6.900511028e+00,1.91428e-36,9.99999e-01,1.91847e-36,9.99999e-01,9.97811e-01
6.935013583e+00,3.91867e-36,9.99999e-01,3.92679e-36,9.99999e-01,9.97932e-01
6.969688651e+00,1.89329e-45,9.99999e-01,1.89696e-45,9.99999e-01,9.98063e-01
7.004537095e+00,1.75992e-44,9.99999e-01,1.76319e-44,9.99999e-01,9.98144e-01
7.039559780e+00,1.48218e-48,9.99999e-01,1.48492e-48,9.99999e-01,9.98150e-01
7.074757579e+00,3.27124e-38,9.99999e-01,3.27664e-38,9.99999e-01,9.98352e-01
7.110131367e+00,7.53923e-38,9.99999e-01,7.55074e-38,9.99999e-01,9.98475e-01
7.145682024e+00,1.94889e-42,9.99999e-01,1.95171e-42,9.99999e-01,9.98552e-01
7.181410434e+00,2.23405e-53,9.99999e-01,2.23700e-53,9.99999e-01,9.98682e-01
7.217317486e+00,8.97495e-40,9.99999e-01,8.98585e-40,9.99999e-01,9.98786e-01
7.253404073e+00,4.63805e-40,9.99999e-01,4.64324e-40,9.99999e-01,9.98879e-01
7.289671094e+00,2.95628e-35,9.99999e-01,2.95932e-35,9.99999e-01,9.98971e-01
7.326119449e+00,4.38503e-35,9.99999e-01,4.38909e-35,9.99999e-01,9.99074e-01
7.362750046e+00,4.86291e-26,9.99999e-01,4.86694e-26,9.99999e-01,9.99171e-01
7.399563797e+00,4.94678e-21,9.99999e-01,4.95047e-21,9.99999e-01,9.99253e-01
7.436561616e+00,2.93173e-23,9.99999e-01,2.93367e-23,9.99999e-01,9.99336e-01
7.473744424e+00,4.26961e-22,9.99999e-01,4.27210e-22,9.99999e-01,9.99418e-01
7.511113146e+00,9.77029e-19,9.99999e-01,9.77518e-19,9.99999e-01,9.99499e-01
7.548668712e+00,4.34883e-20,9.99999e-01,4.35073e-20,9.99999e-01,9.99561e-01
7.586412055e+00,4.02341e-35,9.99999e-01,4.02494e-35,9.99999e-01,9.99619e-01
7.624344115e+00,5.19494e-18,9.99999e-01,5.19662e-18,9.99999e-01,9.99674e-01
7.662465836e+00,3.37470e-11,9.99999e-01,3.37564e-11,9.99999e-01,9.99722e-01
7.700778165e+00,1.82949e-11,9.99999e-01,1.82992e-11,9.99999e-01,9.99763e-01
7.739282056e+00,5.47958e-18,9.99999e-01,5.48070e-18,9.99999e-01,9.99795e-01
7.777978466e+00,1.90532e-12,9.99999e-01,1.90566e-12,9.99999e-01,9.99824e-01
7.816868359e+00,2.35965e-10,9.99999e-01,2.36000e-10,9.99999e-01,9.99850e-01
7.855952700e+00,6.98184e-11,9.99999e-01,6.98275e-11,9.99999e-01,9.99869e-01
7.895232464e+00,6.25700e-11,9.99999e-01,6.25771e-11,9.99999e-01,9.99884e-01
7.934708626e+00,2.21369e-07,9.99999e-01,2.21391e-07,9.99999e-01,9.99898e-01
7.974382169e+00,4.06230e-05,9.99999e-01,4.06267e-05,9.99999e-01,9.99908e-01
8.014254080e+00,8.37283e-06,9.99999e-01,8.37352e-06,9.99999e-01,9.99916e-01
8.054325351e+00,1.25976e-05,9.99999e-01,1.25985e-05,9.99999e-01,9.99924e-01
8.094596977e+00,3.67464e-04,9.99999e-01,3.67489e-04,9.99999e-01,9.99931e-01
8.135069962e+00,3.13483e-04,9.99999e-01,3.13502e-04,9.99999e-01,9.99937e-01
8.175745312e+00,5.76485e-05,9.99999e-01,5.76518e-05,9.99999e-01,9.99942e-01
8.216624039e+00,1.47963e-03,9.99999e-01,1.47971e-03,9.99999e-01,9.99946e-01
8.257707159e+00,4.14061e-03,9.99999e-01,4.14082e-03,9.99999e-01,9.99949e-01
8.298995695e+00,2.61269e-02,9.99999e-01,2.61282e-02,9.99999e-01,9.99952e-01
8.340490673e+00,1.07349e-02,9.99999e-01,1.07354e-02,9.99999e-01,9.99954e-01
8.382193126e+00,4.25512e-02,9.99999e-01,4.25530e-02,9.99999e-01,9.99956e-01
8.424104092e+00,1.59148e-02,9.99999e-01,1.59154e-02,9.99999e-01,9.99958e-01
8.466224613e+00,3.72050e-02,9.99999e-01,3.72065e-02,9.99999e-01,9.99960e-01
8.508555736e+00,1.45410e-02,9.99999e-01,1.45415e-02,9.99999e-01,9.99961e-01
8.551098514e+00,1.28156e-01,9.99999e-01,1.28161e-01,9.99999e-01,9.99962e-01
8.593854007e+00,2.74125e-01,9.99999e-01,2.74134e-01,9.99999e-01,9.99963e-01
8.636823277e+00,3.14226e-01,9.99999e-01,3.14237e-01,9.99999e-01,9.99964e-01
8.680007393e+00,1.52459e-01,9.99999e-01,1.52464e-01,9.99999e-01,9.99965e-01
8.723407430e+00,2.27644e-01,9.99999e-01,2.27651e-01,9.99999e-01,9.99965e-01
8.767024467e+00,1.72022e-01,9.99999e-01,1.72028e-01,9.99999e-01,9.99966e-01
8.810859590e+00,1.74073e-01,9.99999e-01,1.74079e-01,9.99999e-01,9.99966e-01
8.854913888e+00,4.77954e-01,9.99999e-01,4.77969e-01,9.99999e-01,9.99966e-01
8.899188457e+00,4.23588e-01,9.99999e-01,4.23602e-01,9.99999e-01,9.99967e-01
8.943684399e+00,3.33704e-01,9.99999e-01,3.33714e-01,9.99999e-01,9.99967e-01
8.988402821e+00,3.09715e-01,9.99999e-01,3.09725e-01,9.99999e-01,9.99967e-01
9.033344836e+00,2.30141e-01,9.99999e-01,2.30148e-01,9.99999e-01,9.99967e-01
9.078511560e+00,3.37475e-01,9.99999e-01,3.37486e-01,9.99999e-01,9.99967e-01
9.123904118e+00,4.67109e-01,9.99999e-01,4.67124e-01,9.99999e-01,9.99967e-01
9.169523638e+00,3.78007e-01,9.99999e-01,3.78019e-01,9.99999e-01,9.99967e-01
9.215371256e+00,6.09402e-01,9.99999e-01,6.09422e-01,9.99999e-01,9.99967e-01
9.261448113e+00,5.82539e-01,9.99999e-01,5.82558e-01,9.99999e-01,9.99966e-01
9.307755353e+00,4.51599e-01,9.99999e-01,4.51614e-01,9.99999e-01,9.99966e-01
9.354294130e+00,3.76975e-01,9.99999e-01,3.76988e-01,9.99999e-01,9.99966e-01
9.401065601e+00,2.36907e-01,9.99999e-01,2.36915e-01,9.99999e-01,9.99966e-01
9.448070929e+00,3.07576e-01,9.99999e-01,3.07586e-01,9.99999e-01,9.99966e-01
9.495311283e+00,5.45549e-01,9.99999e-01,5.45568e-01,9.99999e-01,9.99965e-01
9.542787840e+00,6.49930e-01,9.99999e-01,6.49952e-01,9.99999e-01,9.99965e-01
9.590501779e+00,5.06980e-01,9.99999e-01,5.06998e-01,9.99999e-01,9.99965e-01
9.638454288e+00,5.00133e-01,9.99999e-01,5.00151e-01,9.99999e-01,9.99964e-01
9.686646559e+00,5.27384e-01,9.99999e-01,5.27403e-01,9.99999e-01,9.99964e-01
9.735079792e+00,6.18427e-01,9.99999e-01,6.18449e-01,9.99999e-01,9.99964e-01
9.783755191e+00,5.50049e-01,9.99999e-01,5.50069e-01,9.99999e-01,9.99963e-01
9.832673967e+00,2.68818e-01,9.99999e-01,2.68828e-01,9.99999e-01,9.99963e-01
9.881837337e+00,1.23015e-01,9.99999e-01,1.23020e-01,9.99999e-01,9.99963e-01
9.931246523e+00,4.04758e-01,9.99999e-01,4.04773e-01,9.99999e-01,9.99962e-01
9.980902756e+00,5.64091e-01,9.99999e-01,5.64112e-01,9.99999e-01,9.99962e-01
1.003080727e+01,5.66059e-01,9.99999e-01,5.66080e-01,9.99999e-01,9.99961e-01
1.008096131e+01,6.09192e-01,9.99999e-01,6.09215e-01,9.99999e-01,9.99961e-01
1.013136611e+01,6.82919e-01,9.99999e-01,6.82945e-01,9.99999e-01,9.99961e-01
1.018202294e+01,7.13306e-01,9.99999e-01,7.13334e-01,9.99999e-01,9.99960e-01
1.023293306e+01,5.48127e-01,9.99999e-01,5.48148e-01,9.99999e-01,9.99960e-01
1.028409772e+01,3.45084e-01,9.99999e-01,3.45098e-01,9.99999e-01,9.99959e-01
1.033551821e+01,3.13137e-01,9.99999e-01,3.13149e-01,9.99999e-01,9.99959e-01
1.038719580e+01,1.51840e-01,9.99999e-01,1.51846e-01,9.99999e-01,9.99958e-01
1.043913178e+01,1.63305e-01,9.99999e-01,1.63311e-01,9.99999e-01,9.99958e-01
1.049132744e+01,3.41163e-01,9.99999e-01,3.41177e-01,9.99999e-01,9.99957e-01
1.054378408e+01,4.49273e-01,9.99999e-01,4.49292e-01,9.99999e-01,9.99957e-01
1.059650300e+01,4.30317e-01,9.99999e-01,4.30335e-01,9.99999e-01,9.99956e-01
1.064948551e+01,3.93364e-01,9.99999e-01,3.93381e-01,9.99999e-01,9.99956e-01
1.070273294e+01,2.64832e-01,9.99999e-01,2.64844e-01,9.99999e-01,9.99955e-01
1.075624661e+01,2.86626e-01,9.99999e-01,2.86639e-01,9.99999e-01,9.99954e-01
1.081002784e+01,2.93350e-01,9.99999e-01,2.93364e-01,9.99999e-01,9.99953e-01
1.086407798e+01,1.30124e-01,9.99999e-01,1.30131e-01,9.99999e-01,9.99952e-01
1.091839837e+01,4.96270e-02,9.99999e-01,4.96294e-02,9.99999e-01,9.99951e-01
1.097299036e+01,1.06042e-02,9.99999e-01,1.06047e-02,9.99999e-01,9.99951e-01
1.102785531e+01,6.86259e-03,9.99999e-01,6.86292e-03,9.99999e-01,9.99950e-01
1.108299459e+01,7.72302e-02,9.99999e-01,7.72340e-02,9.99999e-01,9.99949e-01
1.113840956e+01,2.55197e-01,9.99999e-01,2.55210e-01,9.99999e-01,9.99949e-01
1.119410161e+01,3.47023e-01,9.99999e-01,3.47041e-01,9.99999e-01,9.99948e-01
1.125007212e+01,2.34335e-01,9.99999e-01,2.34347e-01,9.99999e-01,9.99947e-01
1.130632248e+01,1.95323e-01,9.99999e-01,1.95333e-01,9.99999e-01,9.99947e-01
1.136285409e+01,2.95480e-01,9.99999e-01,2.95495e-01,9.99999e-01,9.99946e-01
1.141966836e+01,3.31639e-01,9.99999e-01,3.31657e-01,9.99999e-01,9.99945e-01
1.147676670e+01,2.59897e-01,9.99999e-01,2.59911e-01,9.99999e-01,9.99945e-01
1.153415054e+01,8.76911e-02,9.99999e-01,8.76959e-02,9.99999e-01,9.99944e-01
1.159182129e+01,4.80848e-02,9.99999e-01,4.80875e-02,9.99999e-01,9.99943e-01
1.164978039e+01,8.06316e-03,9.99999e-01,8.06362e-03,9.99999e-01,9.99942e-01
1.170802930e+01,1.78343e-03,9.99999e-01,1.78353e-03,9.99999e-01,9.99941e-01
1.176656944e+01,2.07013e-02,9.99999e-01,2.07026e-02,9.99999e-01,9.99941e-01
1.182540229e+01,9.02101e-02,9.99999e-01,9.02154e-02,9.99999e-01,9.99940e-01
1.188452930e+01,9.25799e-02,9.99999e-01,9.25854e-02,9.99999e-01,9.99939e-01
1.194395195e+01,1.30626e-01,9.99999e-01,1.30634e-01,9.99999e-01,9.99938e-01
1.200367171e+01,2.00704e-01,9.99999e-01,2.00717e-01,9.99999e-01,9.99937e-01
1.206369007e+01,1.01739e-01,9.99999e-01,1.01745e-01,9.99999e-01,9.99936e-01
1.212400852e+01,1.89341e-01,9.99999e-01,1.89353e-01,9.99999e-01,9.99935e-01
1.218462856e+01,1.86161e-01,9.99999e-01,1.86173e-01,9.99999e-01,9.99934e-01
1.224555170e+01,2.94816e-02,9.99999e-01,2.94836e-02,9.99999e-01,9.99932e-01
1.230677946e+01,1.50398e-02,9.99999e-01,1.50408e-02,9.99999e-01,9.99931e-01
1.236831336e+01,1.03831e-03,9.99999e-01,1.03838e-03,9.99999e-01,9.99930e-01
1.243015492e+01,1.30874e-04,9.99999e-01,1.30883e-04,9.99999e-01,9.99928e-01
1.249230570e+01,1.77621e-04,9.99999e-01,1.77634e-04,9.99999e-01,9.99927e-01
1.255476723e+01,6.14286e-04,9.99999e-01,6.14331e-04,9.99999e-01,9.99925e-01
1.261754106e+01,1.66115e-02,9.99999e-01,1.66128e-02,9.99999e-01,9.99923e-01
1.268062877e+01,5.90693e-02,9.99999e-01,5.90739e-02,9.99999e-01,9.99922e-01
1.274403191e+01,3.97629e-02,9.99999e-01,3.97660e-02,9.99999e-01,9.99920e-01
1.280775207e+01,8.19298e-02,9.99999e-01,8.19365e-02,9.99999e-01,9.99918e-01
1.287179083e+01,3.46618e-02,9.99999e-01,3.46647e-02,9.99999e-01,9.99916e-01
1.293614979e+01,5.18624e-02,9.99999e-01,5.18668e-02,9.99999e-01,9.99914e-01
1.300083054e+01,6.10902e-03,9.99999e-01,6.10955e-03,9.99999e-01,9.99912e-01
1.306583469e+01,7.24227e-03,9.99999e-01,7.24292e-03,9.99999e-01,9.99910e-01
1.313116386e+01,5.62365e-03,9.99999e-01,5.62417e-03,9.99999e-01,9.99907e-01
1.319681968e+01,3.02033e-03,9.99999e-01,3.02062e-03,9.99999e-01,9.99905e-01
1.326280378e+01,4.83577e-05,9.99999e-01,4.83624e-05,9.99999e-01,9.99902e-01
1.332911780e+01,1.01225e-04,9.99999e-01,1.01235e-04,9.99999e-01,9.99900e-01
1.339576339e+01,3.13909e-05,9.99999e-01,3.13941e-05,9.99999e-01,9.99897e-01
1.346274221e+01,2.47285e-07,9.99999e-01,2.47311e-07,9.99999e-01,9.99894e-01
1.353005592e+01,4.31074e-04,9.99999e-01,4.31121e-04,9.99999e-01,9.99891e-01
1.359770620e+01,1.11868e-03,9.99999e-01,1.11881e-03,9.99999e-01,9.99888e-01
1.366569473e+01,8.12333e-04,9.99999e-01,8.12427e-04,9.99999e-01,9.99884e-01
1.373402320e+01,6.28645e-03,9.99999e-01,6.28719e-03,9.99999e-01,9.99881e-01
1.380269332e+01,1.13212e-02,9.99999e-01,1.13226e-02,9.99999e-01,9.99877e-01
1.387170678e+01,2.17098e-03,9.99999e-01,2.17125e-03,9.99999e-01,9.99874e-01
1.394106532e+01,9.57816e-04,9.99999e-01,9.57940e-04,9.99999e-01,9.99869e-01
1.401077064e+01,1.41126e-04,9.99999e-01,1.41145e-04,9.99999e-01,9.99865e-01
1.408082450e+01,1.93883e-04,9.99999e-01,1.93910e-04,9.99999e-01,9.99861e-01
1.415122862e+01,2.10796e-06,9.99999e-01,2.10826e-06,9.99999e-01,9.99857e-01
1.422198476e+01,3.19638e-08,9.99999e-01,3.19685e-08,9.99999e-01,9.99852e-01
1.429309469e+01,1.38599e-07,9.99999e-01,1.38620e-07,9.99999e-01,9.99848e-01
1.436456016e+01,2.25030e-09,9.99999e-01,2.25065e-09,9.99999e-01,9.99842e-01
1.443638296e+01,1.48056e-10,9.99999e-01,1.48079e-10,9.99999e-01,9.99837e-01
1.450856487e+01,3.53824e-08,9.99999e-01,3.53883e-08,9.99999e-01,9.99832e-01
1.458110770e+01,1.18331e-05,9.99999e-01,1.18352e-05,9.99999e-01,9.99826e-01
1.465401324e+01,6.45254e-05,9.99999e-01,6.45369e-05,9.99999e-01,9.99821e-01
1.472728330e+01,6.69890e-05,9.99999e-01,6.70014e-05,9.99999e-01,9.99814e-01
1.480091972e+01,5.54102e-06,9.99999e-01,5.54208e-06,9.99999e-01,9.99808e-01
1.487492432e+01,2.47869e-09,9.99999e-01,2.47918e-09,9.99999e-01,9.99801e-01
1.494929894e+01,8.68758e-08,9.99999e-01,8.68936e-08,9.99999e-01,9.99794e-01
1.502404544e+01,4.33290e-06,9.99999e-01,4.33382e-06,9.99999e-01,9.99787e-01
1.509916566e+01,8.52952e-06,9.99999e-01,8.53140e-06,9.99999e-01,9.99779e-01
1.517466149e+01,1.02759e-06,9.99999e-01,1.02783e-06,9.99999e-01,9.99771e-01
1.525053480e+01,1.05624e-05,9.99999e-01,1.05649e-05,9.99999e-01,9.99763e-01
1.532678747e+01,3.68709e-07,9.99999e-01,3.68799e-07,9.99999e-01,9.99754e-01
1.540342141e+01,2.52925e-08,9.99999e-01,2.52989e-08,9.99999e-01,9.99746e-01
1.548043852e+01,2.74541e-09,9.99999e-01,2.74614e-09,9.99999e-01,9.99736e-01
1.555784071e+01,3.78820e-12,9.99999e-01,3.78923e-12,9.99999e-01,9.99726e-01
1.563562991e+01,8.96415e-17,9.99999e-01,8.96669e-17,9.99999e-01,9.99716e-01
1.571380806e+01,3.30480e-17,9.99999e-01,3.30577e-17,9.99999e-01,9.99706e-01
1.579237710e+01,5.58314e-13,9.99999e-01,5.58484e-13,9.99999e-01,9.99695e-01
1.587133899e+01,1.05081e-10,9.99999e-01,1.05115e-10,9.99999e-01,9.99684e-01
1.595069568e+01,3.16257e-12,9.99999e-01,3.16361e-12,9.99999e-01,9.99671e-01
1.603044916e+01,7.08985e-16,9.99999e-01,7.09227e-16,9.99999e-01,9.99658e-01
1.611060141e+01,7.24389e-16,9.99999e-01,7.24646e-16,9.99999e-01,9.99645e-01
1.619115441e+01,5.24393e-15,9.99999e-01,5.24586e-15,9.99999e-01,9.99631e-01
1.627211019e+01,7.78854e-17,9.99999e-01,7.79151e-17,9.99999e-01,9.99617e-01
1.635347074e+01,2.62429e-15,9.99999e-01,2.62533e-15,9.99999e-01,9.99602e-01
1.643523809e+01,1.51509e-15,9.99999e-01,1.51572e-15,9.99999e-01,9.99586e-01
1.651741428e+01,4.36244e-17,9.99999e-01,4.36431e-17,9.99999e-01,9.99570e-01
1.660000135e+01,3.22263e-21,9.99999e-01,3.22406e-21,9.99999e-01,9.99554e-01
1.668300136e+01,6.12873e-22,9.99999e-01,6.13156e-22,9.99999e-01,9.99537e-01
1.676641637e+01,6.14885e-19,9.99999e-01,6.15180e-19,9.99999e-01,9.99520e-01
1.685024845e+01,1.09151e-19,9.99999e-01,1.09205e-19,9.99999e-01,9.99502e-01
1.693449969e+01,4.54708e-24,9.99999e-01,4.54942e-24,9.99999e-01,9.99484e-01
1.701917219e+01,5.07315e-26,9.99999e-01,5.07586e-26,9.99999e-01,9.99465e-01
1.710426805e+01,3.51514e-33,9.99999e-01,3.51709e-33,9.99999e-01,9.99445e-01
1.718978939e+01,7.33499e-36,9.99999e-01,7.33921e-36,9.99999e-01,9.99424e-01
1.727573834e+01,1.97165e-36,9.99999e-01,1.97283e-36,9.99999e-01,9.99402e-01
1.736211703e+01,1.63362e-39,9.99999e-01,1.63463e-39,9.99999e-01,9.99379e-01
1.744892761e+01,4.84397e-34,9.99999e-01,4.84710e-34,9.99999e-01,9.99355e-01
1.753617225e+01,1.44599e-27,9.99999e-01,1.44695e-27,9.99999e-01,9.99331e-01
1.762385311e+01,1.50935e-26,9.99999e-01,1.51040e-26,9.99999e-01,9.99305e-01
1.771197238e+01,7.30171e-29,9.99999e-01,7.30697e-29,9.99999e-01,9.99279e-01
1.780053224e+01,1.16739e-30,9.99999e-01,1.16826e-30,9.99999e-01,9.99253e-01
1.788953490e+01,1.54596e-33,9.99999e-01,1.54716e-33,9.99999e-01,9.99224e-01
1.797898258e+01,1.15813e-37,9.99999e-01,1.15907e-37,9.99999e-01,9.99193e-01
1.806887749e+01,8.13858e-39,9.99999e-01,8.14540e-39,9.99999e-01,9.99162e-01
1.815922188e+01,1.54247e-51,9.99999e-01,1.54382e-51,9.99999e-01,9.99130e-01
1.825001799e+01,6.16089e-39,9.99999e-01,6.16647e-39,9.99999e-01,9.99095e-01
1.834126808e+01,2.25037e-37,9.99999e-01,2.25249e-37,9.99999e-01,9.99059e-01
1.843297442e+01,1.55406e-37,9.99999e-01,1.55558e-37,9.99999e-01,9.99023e-01
1.852513929e+01,5.99335e-42,9.99999e-01,5.99942e-42,9.99999e-01,9.98986e-01
1.861776499e+01,1.41347e-60,9.99999e-01,1.41496e-60,9.99999e-01,9.98946e-01
1.871085381e+01,4.76886e-48,9.99999e-01,4.77408e-48,9.99999e-01,9.98906e-01
1.880440808e+01,1.47535e-40,9.99999e-01,1.47702e-40,9.99999e-01,9.98866e-01
1.889843012e+01,2.58738e-41,9.99999e-01,2.59043e-41,9.99999e-01,9.98823e-01
1.899292227e+01,3.11685e-57,9.99999e-01,3.12066e-57,9.99999e-01,9.98777e-01
1.908788688e+01,2.69861e-54,9.99999e-01,2.70204e-54,9.99999e-01,9.98731e-01
1.918332632e+01,8.56956e-55,9.99999e-01,8.58083e-55,9.99999e-01,9.98685e-01
1.927924295e+01,1.15067e-67,9.99999e-01,1.15224e-67,9.99999e-01,9.98637e-01
1.937563916e+01,1.65139e-104,9.99999e-01,1.65372e-104,9.99999e-01,9.98588e-01
1.947251736e+01,2.25655e-106,9.99999e-01,2.25985e-106,9.99999e-01,9.98538e-01
1.956987994e+01,5.74997e-102,9.99999e-01,5.75867e-102,9.99999e-01,9.98489e-01
1.966772934e+01,4.34612e-84,9.99999e-01,4.35294e-84,9.99999e-01,9.98431e-01
1.976606799e+01,4.42388e-82,9.99999e-01,4.43109e-82,9.99999e-01,9.98371e-01
1.986489833e+01,9.23418e-88,9.99999e-01,9.24981e-88,9.99999e-01,9.98310e-01
1.996422282e+01,4.31658e-82,9.99999e-01,4.32415e-82,9.99999e-01,9.98249e-01
