#,Wave/freq,Total,O2,H2O,Rayleigh,CIA
4.000000000e-01,9.99916e-01,9.99999e-01,9.99987e-01,9.99928e-01,9.99999e-01
4.020000000e-01,9.99922e-01,9.99999e-01,9.99992e-01,9.99930e-01,9.99999e-01
4.040100000e-01,9.99928e-01,9.99999e-01,9.99996e-01,9.99931e-01,9.99999e-01
4.060300500e-01,9.99932e-01,9.99999e-01,9.99998e-01,9.99932e-01,9.99999e-01
4.080602003e-01,9.99934e-01,9.99999e-01,9.99999e-01,9.99934e-01,9.99999e-01
4.101005013e-01,9.99935e-01,9.99999e-01,9.99999e-01,9.99935e-01,9.99999e-01
4.121510038e-01,9.99936e-01,9.99999e-01,9.99999e-01,9.99936e-01,9.99999e-01
4.142117588e-01,9.99934e-01,9.99999e-01,9.99996e-01,9.99938e-01,9.99999e-01
4.162828176e-01,9.99924e-01,9.99999e-01,9.99984e-01,9.99939e-01,9.99999e-01
4.183642317e-01,9.99931e-01,9.99999e-01,9.99990e-01,9.99940e-01,9.99999e-01
4.204560528e-01,9.99936e-01,9.99999e-01,9.99994e-01,9.99941e-01,9.99999e-01
4.225583331e-01,9.99940e-01,9.99999e-01,9.99997e-01,9.99942e-01,9.99999e-01
4.246711247e-01,9.99942e-01,9.99999e-01,9.99997e-01,9.99943e-01,9.99999e-01
4.267944804e-01,9.99942e-01,9.99999e-01,9.99997e-01,9.99944e-01,9.99999e-01
4.289284528e-01,9.99944e-01,9.99999e-01,9.99997e-01,9.99946e-01,9.99999e-01
4.310730950e-01,9.99946e-01,9.99999e-01,9.99998e-01,9.99947e-01,9.99999e-01
4.332284605e-01,9.99947e-01,9.99999e-01,9.99999e-01,9.99948e-01,9.99999e-01
4.353946028e-01,9.99949e-01,9.99999e-01,9.99999e-01,9.99949e-01,9.99999e-01
4.375715758e-01,9.99948e-01,9.99999e-01,9.99998e-01,9.99950e-01,9.99999e-01
4.397594337e-01,9.99938e-01,9.99999e-01,9.99986e-01,9.99951e-01,9.99999e-01
4.419582309e-01,9.99885e-01,9.99999e-01,9.99932e-01,9.99952e-01,9.99999e-01
4.441680220e-01,9.99901e-01,9.99999e-01,9.99948e-01,9.99953e-01,9.99999e-01
4.463888621e-01,9.99900e-01,9.99999e-01,9.99945e-01,9.99953e-01,9.99999e-01
4.486208064e-01,9.99921e-01,9.99999e-01,9.99966e-01,9.99954e-01,9.99999e-01
4.508639105e-01,9.99940e-01,9.99999e-01,9.99984e-01,9.99955e-01,9.99999e-01
4.531182300e-01,9.99950e-01,9.99999e-01,9.99993e-01,9.99956e-01,9.99999e-01
4.553838212e-01,9.99953e-01,9.99999e-01,9.99995e-01,9.99957e-01,9.99999e-01
4.576607403e-01,9.99956e-01,9.99999e-01,9.99997e-01,9.99958e-01,9.99999e-01
4.599490440e-01,9.99957e-01,9.99999e-01,9.99998e-01,9.99959e-01,9.99999e-01
4.622487892e-01,9.99959e-01,9.99999e-01,9.99999e-01,9.99959e-01,9.99999e-01
4.645600332e-01,9.99959e-01,9.99999e-01,9.99998e-01,9.99960e-01,9.99999e-01
4.668828333e-01,9.99945e-01,9.99999e-01,9.99983e-01,9.99961e-01,9.99999e-01
4.692172475e-01,9.99928e-01,9.99999e-01,9.99965e-01,9.99962e-01,9.99999e-01
4.715633337e-01,9.99940e-01,9.99999e-01,9.99977e-01,9.99962e-01,9.99999e-01
4.739211504e-01,9.99942e-01,9.99999e-01,9.99978e-01,9.99963e-01,9.99999e-01
4.762907561e-01,9.99953e-01,9.99999e-01,9.99988e-01,9.99964e-01,9.99999e-01
4.786722099e-01,9.99960e-01,9.99999e-01,9.99995e-01,9.99965e-01,9.99999e-01
4.810655710e-01,9.99964e-01,9.99999e-01,9.99998e-01,9.99965e-01,9.99999e-01
4.834708988e-01,9.99953e-01,9.99999e-01,9.99986e-01,9.99966e-01,9.99999e-01
4.858882533e-01,9.99943e-01,9.99999e-01,9.99975e-01,9.99967e-01,9.99999e-01
4.883176946e-01,9.99947e-01,9.99999e-01,9.99979e-01,9.99967e-01,9.99999e-01
4.907592831e-01,9.99950e-01,9.99999e-01,9.99981e-01,9.99968e-01,9.99999e-01
4.932130795e-01,9.99956e-01,9.99999e-01,9.99986e-01,9.99968e-01,9.99999e-01
4.956791449e-01,9.99962e-01,9.99999e-01,9.99992e-01,9.99969e-01,9.99999e-01
4.981575406e-01,9.99936e-01,9.99999e-01,9.99965e-01,9.99970e-01,9.99999e-01
5.006483283e-01,9.99882e-01,9.99999e-01,9.99911e-01,9.99970e-01,9.99999e-01
5.031515699e-01,9.99526e-01,9.99999e-01,9.99554e-01,9.99971e-01,9.99999e-01
5.056673278e-01,9.99737e-01,9.99999e-01,9.99765e-01,9.99971e-01,9.99999e-01
5.081956644e-01,9.99677e-01,9.99999e-01,9.99704e-01,9.99972e-01,9.99999e-01
5.107366428e-01,9.99773e-01,9.99999e-01,9.99800e-01,9.99972e-01,9.99999e-01
5.132903260e-01,9.99859e-01,9.99999e-01,9.99886e-01,9.99973e-01,9.99999e-01
5.158567776e-01,9.99926e-01,9.99999e-01,9.99951e-01,9.99973e-01,9.99999e-01
5.184360615e-01,9.99955e-01,9.99999e-01,9.99980e-01,9.99974e-01,9.99999e-01
5.210282418e-01,9.99967e-01,9.99999e-01,9.99992e-01,9.99974e-01,9.99999e-01
5.236333830e-01,9.99946e-01,9.99999e-01,9.99970e-01,9.99975e-01,9.99999e-01
5.262515499e-01,9.99957e-01,9.99999e-01,9.99981e-01,9.99975e-01,9.99999e-01
5.288828077e-01,9.99959e-01,9.99999e-01,9.99982e-01,9.99976e-01,9.99999e-01
5.315272217e-01,9.99962e-01,9.99999e-01,9.99985e-01,9.99976e-01,9.99999e-01
5.341848578e-01,9.99967e-01,9.99999e-01,9.99989e-01,9.99977e-01,9.99999e-01
5.368557821e-01,9.99943e-01,9.99999e-01,9.99965e-01,9.99977e-01,9.99999e-01
5.395400610e-01,9.99855e-01,9.99999e-01,9.99876e-01,9.99978e-01,9.99999e-01
5.422377613e-01,9.99821e-01,9.99999e-01,9.99842e-01,9.99978e-01,9.99999e-01
5.449489501e-01,9.99832e-01,9.99999e-01,9.99852e-01,9.99978e-01,9.99999e-01
5.476736949e-01,9.99850e-01,9.99999e-01,9.99870e-01,9.99979e-01,9.99999e-01
5.504120634e-01,9.99886e-01,9.99999e-01,9.99905e-01,9.99979e-01,9.99999e-01
5.531641237e-01,9.99933e-01,9.99999e-01,9.99952e-01,9.99980e-01,9.99999e-01
5.559299443e-01,9.99957e-01,9.99999e-01,9.99976e-01,9.99980e-01,9.99999e-01
5.587095940e-01,9.99966e-01,9.99999e-01,9.99985e-01,9.99980e-01,9.99999e-01
5.615031420e-01,9.99965e-01,9.99999e-01,9.99983e-01,9.99981e-01,9.99999e-01
5.643106577e-01,9.99963e-01,9.99999e-01,9.99981e-01,9.99981e-01,9.99999e-01
5.671322110e-01,9.99758e-01,9.99999e-01,9.99776e-01,9.99982e-01,9.99999e-01
5.699678720e-01,9.99750e-01,9.99999e-01,9.99768e-01,9.99982e-01,9.99999e-01
5.728177114e-01,9.99739e-01,9.99999e-01,9.99756e-01,9.99982e-01,9.99999e-01
5.756818000e-01,9.99760e-01,9.99999e-01,9.99776e-01,9.99983e-01,9.99999e-01
5.785602090e-01,9.99789e-01,9.99999e-01,9.99805e-01,9.99983e-01,9.99999e-01
5.814530100e-01,9.99788e-01,9.99999e-01,9.99804e-01,9.99983e-01,9.99999e-01
5.843602750e-01,9.99749e-01,9.99999e-01,9.99765e-01,9.99983e-01,9.99999e-01
5.872820764e-01,9.97963e-01,9.99999e-01,9.97978e-01,9.99984e-01,9.99999e-01
5.902184868e-01,9.97558e-01,9.99999e-01,9.97573e-01,9.99984e-01,9.99999e-01
5.931695792e-01,9.98265e-01,9.99999e-01,9.98279e-01,9.99984e-01,9.99999e-01
5.961354271e-01,9.98104e-01,9.99999e-01,9.98118e-01,9.99985e-01,9.99999e-01
5.991161043e-01,9.98615e-01,9.99999e-01,9.98629e-01,9.99985e-01,9.99999e-01
6.021116848e-01,9.99209e-01,9.99999e-01,9.99222e-01,9.99985e-01,9.99999e-01
6.051222432e-01,9.99593e-01,9.99999e-01,9.99606e-01,9.99986e-01,9.99999e-01
6.081478544e-01,9.99816e-01,9.99999e-01,9.99829e-01,9.99986e-01,9.99999e-01
6.111885937e-01,9.99915e-01,9.99999e-01,9.99927e-01,9.99986e-01,9.99999e-01
6.142445367e-01,9.99954e-01,9.99999e-01,9.99967e-01,9.99986e-01,9.99999e-01
6.173157594e-01,9.99969e-01,9.99999e-01,9.99981e-01,9.99987e-01,9.99999e-01
6.204023382e-01,9.99972e-01,9.99999e-01,9.99984e-01,9.99987e-01,9.99999e-01
6.235043498e-01,9.99920e-01,9.99999e-01,9.99932e-01,9.99987e-01,9.99999e-01
6.266218716e-01,9.99637e-01,9.99999e-01,9.99649e-01,9.99987e-01,9.99999e-01
6.297549810e-01,9.99859e-01,9.99999e-01,9.99871e-01,9.99987e-01,9.99999e-01
6.329037559e-01,9.99735e-01,9.99999e-01,9.99746e-01,9.99988e-01,9.99999e-01
6.360682746e-01,9.99772e-01,9.99999e-01,9.99783e-01,9.99988e-01,9.99999e-01
6.392486160e-01,9.99708e-01,9.99999e-01,9.99719e-01,9.99988e-01,9.99999e-01
6.424448591e-01,9.99611e-01,9.99999e-01,9.99622e-01,9.99988e-01,9.99999e-01
6.456570834e-01,9.98237e-01,9.99999e-01,9.98247e-01,9.99989e-01,9.99999e-01
6.488853688e-01,9.98719e-01,9.99999e-01,9.98729e-01,9.99989e-01,9.99999e-01
6.521297956e-01,9.98695e-01,9.99999e-01,9.98705e-01,9.99989e-01,9.99999e-01
6.553904446e-01,9.98696e-01,9.99999e-01,9.98706e-01,9.99989e-01,9.99999e-01
6.586673968e-01,9.98886e-01,9.99999e-01,9.98896e-01,9.99989e-01,9.99999e-01
6.619607338e-01,9.99375e-01,9.99999e-01,9.99384e-01,9.99990e-01,9.99999e-01
6.652705375e-01,9.99621e-01,9.99999e-01,9.99630e-01,9.99990e-01,9.99999e-01
6.685968902e-01,9.99833e-01,9.99999e-01,9.99842e-01,9.99990e-01,9.99999e-01
6.719398746e-01,9.99911e-01,9.99999e-01,9.99920e-01,9.99990e-01,9.99999e-01
6.752995740e-01,9.99948e-01,9.99999e-01,9.99957e-01,9.99990e-01,9.99999e-01
6.786760719e-01,9.99928e-01,9.99999e-01,9.99936e-01,9.99990e-01,9.99999e-01
6.820694522e-01,9.99884e-01,9.99999e-01,9.99892e-01,9.99991e-01,9.99999e-01
6.854797995e-01,9.99853e-01,9.99999e-01,9.99861e-01,9.99991e-01,9.99999e-01
6.889071985e-01,9.99653e-01,9.99999e-01,9.99661e-01,9.99991e-01,9.99999e-01
6.923517345e-01,9.94519e-01,9.99999e-01,9.94527e-01,9.99991e-01,9.99999e-01
6.958134932e-01,9.97198e-01,9.99999e-01,9.97205e-01,9.99991e-01,9.99999e-01
6.992925606e-01,9.97288e-01,9.99999e-01,9.97295e-01,9.99991e-01,9.99999e-01
7.027890234e-01,9.96679e-01,9.99999e-01,9.96686e-01,9.99992e-01,9.99999e-01
7.063029686e-01,9.97204e-01,9.99999e-01,9.97212e-01,9.99992e-01,9.99999e-01
7.098344834e-01,9.97318e-01,9.99999e-01,9.97325e-01,9.99992e-01,9.99999e-01
7.133836558e-01,9.96385e-01,9.99999e-01,9.96392e-01,9.99992e-01,9.99999e-01
7.169505741e-01,9.71375e-01,9.99999e-01,9.71382e-01,9.99992e-01,9.99999e-01
7.205353270e-01,9.86146e-01,9.99999e-01,9.86153e-01,9.99992e-01,9.99999e-01
7.241380036e-01,9.82183e-01,9.99999e-01,9.82189e-01,9.99992e-01,9.99999e-01
7.277586936e-01,9.83921e-01,9.99999e-01,9.83928e-01,9.99993e-01,9.99999e-01
7.313974871e-01,9.83030e-01,9.99999e-01,9.83036e-01,9.99993e-01,9.99999e-01
7.350544745e-01,9.90685e-01,9.99999e-01,9.90692e-01,9.99993e-01,9.99999e-01
7.387297469e-01,9.93145e-01,9.99999e-01,9.93151e-01,9.99993e-01,9.99999e-01
7.424233956e-01,9.96646e-01,9.99999e-01,9.96652e-01,9.99993e-01,9.99999e-01
7.461355126e-01,9.97961e-01,9.99999e-01,9.97967e-01,9.99993e-01,9.99999e-01
7.498661902e-01,9.99050e-01,9.99999e-01,9.99055e-01,9.99993e-01,9.99999e-01
7.536155211e-01,9.99529e-01,9.99999e-01,9.99535e-01,9.99993e-01,9.99999e-01
7.573835987e-01,9.99755e-01,9.99999e-01,9.99760e-01,9.99994e-01,9.99999e-01
7.611705167e-01,9.99845e-01,9.99999e-01,9.99851e-01,9.99994e-01,9.99999e-01
7.649763693e-01,9.99901e-01,9.99999e-01,9.99906e-01,9.99994e-01,9.99999e-01
7.688012511e-01,9.99929e-01,9.99999e-01,9.99934e-01,9.99994e-01,9.99999e-01
7.726452574e-01,9.99940e-01,9.99999e-01,9.99946e-01,9.99994e-01,9.99999e-01
7.765084837e-01,9.99918e-01,9.99999e-01,9.99923e-01,9.99994e-01,9.99999e-01
7.803910261e-01,9.99663e-01,9.99999e-01,9.99668e-01,9.99994e-01,9.99999e-01
7.842929812e-01,9.98838e-01,9.99999e-01,9.98843e-01,9.99994e-01,9.99999e-01
7.882144461e-01,9.97632e-01,9.99999e-01,9.97636e-01,9.99994e-01,9.99999e-01
7.921555184e-01,9.98705e-01,9.99999e-01,9.98709e-01,9.99994e-01,9.99999e-01
7.961162960e-01,9.97691e-01,9.99999e-01,9.97695e-01,9.99994e-01,9.99999e-01
8.000968774e-01,9.97349e-01,9.99999e-01,9.97353e-01,9.99995e-01,9.99999e-01
8.040973618e-01,9.97344e-01,9.99999e-01,9.97349e-01,9.99995e-01,9.99999e-01
8.081178486e-01,9.93988e-01,9.99999e-01,9.93993e-01,9.99995e-01,9.99999e-01
8.121584379e-01,9.75173e-01,9.99999e-01,9.75178e-01,9.99995e-01,9.99999e-01
8.162192301e-01,9.70840e-01,9.99999e-01,9.70845e-01,9.99995e-01,9.99999e-01
8.203003262e-01,9.85053e-01,9.99999e-01,9.85057e-01,9.99995e-01,9.99999e-01
8.244018279e-01,9.79615e-01,9.99999e-01,9.79619e-01,9.99995e-01,9.99999e-01
8.285238370e-01,9.82422e-01,9.99999e-01,9.82426e-01,9.99995e-01,9.99999e-01
8.326664562e-01,9.82291e-01,9.99999e-01,9.82295e-01,9.99995e-01,9.99999e-01
8.368297885e-01,9.87360e-01,9.99999e-01,9.87364e-01,9.99995e-01,9.99999e-01
8.410139374e-01,9.92478e-01,9.99999e-01,9.92481e-01,9.99995e-01,9.99999e-01
8.452190071e-01,9.96309e-01,9.99999e-01,9.96313e-01,9.99995e-01,9.99999e-01
8.494451021e-01,9.97849e-01,9.99999e-01,9.97853e-01,9.99996e-01,9.99999e-01
8.536923276e-01,9.98730e-01,9.99999e-01,9.98733e-01,9.99996e-01,9.99999e-01
8.579607893e-01,9.99214e-01,9.99999e-01,9.99217e-01,9.99996e-01,9.99999e-01
8.622505932e-01,9.99500e-01,9.99999e-01,9.99504e-01,9.99996e-01,9.99999e-01
8.665618462e-01,9.99688e-01,9.99999e-01,9.99692e-01,9.99996e-01,9.99999e-01
8.708946554e-01,9.99643e-01,9.99999e-01,9.99646e-01,9.99996e-01,9.99999e-01
8.752491287e-01,9.99524e-01,9.99999e-01,9.99528e-01,9.99996e-01,9.99999e-01
8.796253743e-01,9.99341e-01,9.99999e-01,9.99344e-01,9.99996e-01,9.99999e-01
8.840235012e-01,9.99248e-01,9.99999e-01,9.99251e-01,9.99996e-01,9.99999e-01
8.884436187e-01,9.97221e-01,9.99999e-01,9.97224e-01,9.99996e-01,9.99999e-01
8.928858368e-01,9.71361e-01,9.99999e-01,9.71364e-01,9.99996e-01,9.99999e-01
8.973502660e-01,9.50247e-01,9.99999e-01,9.50251e-01,9.99996e-01,9.99998e-01
9.018370173e-01,9.74473e-01,9.99999e-01,9.74476e-01,9.99996e-01,9.99998e-01
9.063462024e-01,9.77183e-01,9.99999e-01,9.77186e-01,9.99996e-01,9.99998e-01
9.108779334e-01,9.64800e-01,9.99999e-01,9.64804e-01,9.99996e-01,9.99998e-01
9.154323231e-01,9.60215e-01,9.99999e-01,9.60218e-01,9.99996e-01,9.99998e-01
9.200094847e-01,9.68753e-01,9.99999e-01,9.68756e-01,9.99996e-01,9.99998e-01
9.246095321e-01,9.50146e-01,9.99999e-01,9.50150e-01,9.99997e-01,9.99997e-01
9.292325798e-01,7.11555e-01,9.99999e-01,7.11561e-01,9.99997e-01,9.99994e-01
9.338787427e-01,6.46266e-01,9.99999e-01,6.46271e-01,9.99997e-01,9.99993e-01
9.385481364e-01,8.39243e-01,9.99999e-01,8.39250e-01,9.99997e-01,9.99993e-01
9.432408771e-01,7.80007e-01,9.99999e-01,7.80014e-01,9.99997e-01,9.99992e-01
9.479570815e-01,7.07578e-01,9.99999e-01,7.07584e-01,9.99997e-01,9.99993e-01
9.526968669e-01,7.75340e-01,9.99999e-01,7.75345e-01,9.99997e-01,9.99994e-01
9.574603512e-01,7.93508e-01,9.99999e-01,7.93513e-01,9.99997e-01,9.99996e-01
9.622476530e-01,8.29399e-01,9.99999e-01,8.29403e-01,9.99997e-01,9.99997e-01
9.670588912e-01,8.97819e-01,9.99999e-01,8.97822e-01,9.99997e-01,9.99998e-01
9.718941857e-01,9.35025e-01,9.99999e-01,9.35027e-01,9.99997e-01,9.99998e-01
9.767536566e-01,9.45762e-01,9.99999e-01,9.45765e-01,9.99997e-01,9.99998e-01
9.816374249e-01,9.59651e-01,9.99999e-01,9.59653e-01,9.99997e-01,9.99999e-01
9.865456120e-01,9.74621e-01,9.99999e-01,9.74623e-01,9.99997e-01,9.99999e-01
9.914783401e-01,9.84237e-01,9.99999e-01,9.84239e-01,9.99997e-01,9.99999e-01
9.964357318e-01,9.91388e-01,9.99999e-01,9.91389e-01,9.99997e-01,9.99999e-01
1.001417910e+00,9.94832e-01,9.99999e-01,9.94834e-01,9.99997e-01,9.99999e-01
1.006425000e+00,9.97045e-01,9.99999e-01,9.97047e-01,9.99997e-01,9.99999e-01
1.011457125e+00,9.98168e-01,9.99999e-01,9.98170e-01,9.99997e-01,9.99999e-01
1.016514411e+00,9.98754e-01,9.99999e-01,9.98756e-01,9.99997e-01,9.99999e-01
1.021596983e+00,9.99006e-01,9.99999e-01,9.99008e-01,9.99997e-01,9.99999e-01
1.026704968e+00,9.99224e-01,9.99999e-01,9.99226e-01,9.99997e-01,9.99999e-01
1.031838492e+00,9.99436e-01,9.99999e-01,9.99438e-01,9.99997e-01,9.99999e-01
1.036997685e+00,9.99664e-01,9.99999e-01,9.99665e-01,9.99997e-01,9.99999e-01
1.042182673e+00,9.99598e-01,9.99999e-01,9.99600e-01,9.99997e-01,9.99999e-01
1.047393587e+00,9.99469e-01,9.99999e-01,9.99470e-01,9.99997e-01,9.99999e-01
1.052630555e+00,9.99271e-01,9.99999e-01,9.99272e-01,9.99998e-01,9.99999e-01
1.057893707e+00,9.98783e-01,9.99999e-01,9.98784e-01,9.99998e-01,9.99999e-01
1.063183176e+00,9.98000e-01,9.99999e-01,9.98002e-01,9.99998e-01,9.99999e-01
1.068499092e+00,9.96659e-01,9.99999e-01,9.96660e-01,9.99998e-01,9.99999e-01
1.073841587e+00,9.96082e-01,9.99999e-01,9.96084e-01,9.99998e-01,9.99999e-01
1.079210795e+00,9.94999e-01,9.99999e-01,9.95000e-01,9.99998e-01,9.99999e-01
1.084606849e+00,9.92424e-01,9.99999e-01,9.92426e-01,9.99998e-01,9.99999e-01
1.090029883e+00,9.89066e-01,9.99999e-01,9.89068e-01,9.99998e-01,9.99999e-01
1.095480033e+00,9.70536e-01,9.99999e-01,9.70538e-01,9.99998e-01,9.99998e-01
1.100957433e+00,9.26704e-01,9.99999e-01,9.26706e-01,9.99998e-01,9.99998e-01
1.106462220e+00,8.22862e-01,9.99999e-01,8.22865e-01,9.99998e-01,9.99996e-01
1.111994531e+00,6.63999e-01,9.99999e-01,6.64004e-01,9.99998e-01,9.99993e-01
1.117554504e+00,5.14652e-01,9.99999e-01,5.14657e-01,9.99998e-01,9.99991e-01
1.123142276e+00,6.11165e-01,9.99999e-01,6.11171e-01,9.99998e-01,9.99990e-01
1.128757988e+00,7.30653e-01,9.99999e-01,7.30661e-01,9.99998e-01,9.99989e-01
1.134401778e+00,4.85254e-01,9.99999e-01,4.85261e-01,9.99998e-01,9.99988e-01
1.140073787e+00,8.30432e-01,9.99999e-01,8.30441e-01,9.99998e-01,9.99990e-01
1.145774156e+00,6.77688e-01,9.99999e-01,6.77694e-01,9.99998e-01,9.99991e-01
1.151503026e+00,6.46787e-01,9.99999e-01,6.46792e-01,9.99998e-01,9.99992e-01
1.157260541e+00,6.98429e-01,9.99999e-01,6.98433e-01,9.99998e-01,9.99994e-01
1.163046844e+00,7.67807e-01,9.99999e-01,7.67811e-01,9.99998e-01,9.99996e-01
1.168862078e+00,8.32984e-01,9.99999e-01,8.32986e-01,9.99998e-01,9.99997e-01
1.174706389e+00,8.93358e-01,9.99999e-01,8.93359e-01,9.99998e-01,9.99998e-01
1.180579921e+00,9.33714e-01,9.99999e-01,9.33716e-01,9.99998e-01,9.99998e-01
1.186482820e+00,9.62004e-01,9.99999e-01,9.62005e-01,9.99998e-01,9.99999e-01
1.192415234e+00,9.77643e-01,9.99999e-01,9.77644e-01,9.99998e-01,9.99999e-01
1.198377311e+00,9.81092e-01,9.99999e-01,9.81093e-01,9.99998e-01,9.99999e-01
1.204369197e+00,9.82104e-01,9.99999e-01,9.82106e-01,9.99998e-01,9.99999e-01
1.210391043e+00,9.82890e-01,9.99999e-01,9.82891e-01,9.99998e-01,9.99999e-01
1.216442998e+00,9.85455e-01,9.99999e-01,9.85456e-01,9.99998e-01,9.99999e-01
1.222525213e+00,9.88654e-01,9.99999e-01,9.88655e-01,9.99998e-01,9.99999e-01
1.228637839e+00,9.92104e-01,9.99999e-01,9.92105e-01,9.99998e-01,9.99999e-01
1.234781029e+00,9.94138e-01,9.99999e-01,9.94138e-01,9.99998e-01,9.99999e-01
1.240954934e+00,9.96286e-01,9.99999e-01,9.96287e-01,9.99998e-01,9.99999e-01
1.247159708e+00,9.97109e-01,9.99999e-01,9.97110e-01,9.99998e-01,9.99999e-01
1.253395507e+00,9.97430e-01,9.99999e-01,9.97431e-01,9.99998e-01,9.99999e-01
1.259662485e+00,9.97553e-01,9.99999e-01,9.97554e-01,9.99998e-01,9.99999e-01
1.265960797e+00,9.96101e-01,9.99999e-01,9.96102e-01,9.99998e-01,9.99999e-01
1.272290601e+00,9.93861e-01,9.99999e-01,9.93862e-01,9.99998e-01,9.99999e-01
1.278652054e+00,9.87829e-01,9.99999e-01,9.87830e-01,9.99998e-01,9.99999e-01
1.285045314e+00,9.77992e-01,9.99999e-01,9.77993e-01,9.99998e-01,9.99999e-01
1.291470541e+00,9.61952e-01,9.99999e-01,9.61953e-01,9.99998e-01,9.99998e-01
1.297927893e+00,9.46274e-01,9.99999e-01,9.46276e-01,9.99998e-01,9.99998e-01
1.304417533e+00,9.37027e-01,9.99999e-01,9.37030e-01,9.99998e-01,9.99997e-01
1.310939621e+00,9.21032e-01,9.99999e-01,9.21036e-01,9.99998e-01,9.99995e-01
1.317494319e+00,9.22477e-01,9.99999e-01,9.22484e-01,9.99998e-01,9.99992e-01
1.324081790e+00,8.87684e-01,9.99999e-01,8.87694e-01,9.99998e-01,9.99988e-01
1.330702199e+00,5.94990e-01,9.99999e-01,5.95002e-01,9.99998e-01,9.99980e-01
1.337355710e+00,2.79685e-01,9.99999e-01,2.79695e-01,9.99998e-01,9.99962e-01
1.344042489e+00,3.42833e-02,9.99999e-01,3.42860e-02,9.99998e-01,9.99921e-01
1.350762701e+00,1.28511e-03,9.99999e-01,1.28527e-03,9.99998e-01,9.99874e-01
1.357516515e+00,1.29623e-04,9.99999e-01,1.29644e-04,9.99998e-01,9.99844e-01
1.364304097e+00,2.58187e-03,9.99999e-01,2.58230e-03,9.99998e-01,9.99833e-01
1.371125618e+00,1.82927e-02,9.99999e-01,1.82957e-02,9.99998e-01,9.99831e-01
1.377981246e+00,3.25550e-02,9.99999e-01,3.25608e-02,9.99998e-01,9.99819e-01
1.384871152e+00,2.25281e-03,9.99999e-01,2.25321e-03,9.99999e-01,9.99824e-01
1.391795508e+00,3.51296e-03,9.99999e-01,3.51349e-03,9.99999e-01,9.99851e-01
1.398754485e+00,8.02637e-03,9.99999e-01,8.02739e-03,9.99999e-01,9.99871e-01
1.405748258e+00,7.21118e-03,9.99999e-01,7.21201e-03,9.99999e-01,9.99885e-01
1.412776999e+00,8.20469e-03,9.99999e-01,8.20545e-03,9.99999e-01,9.99907e-01
1.419840884e+00,1.10454e-02,9.99999e-01,1.10461e-02,9.99999e-01,9.99930e-01
1.426940089e+00,2.98406e-02,9.99999e-01,2.98419e-02,9.99999e-01,9.99957e-01
1.434074789e+00,6.79428e-02,9.99999e-01,6.79446e-02,9.99999e-01,9.99973e-01
1.441245163e+00,1.32691e-01,9.99999e-01,1.32694e-01,9.99999e-01,9.99978e-01
1.448451389e+00,2.35574e-01,9.99999e-01,2.35578e-01,9.99999e-01,9.99982e-01
1.455693646e+00,3.92544e-01,9.99999e-01,3.92550e-01,9.99999e-01,9.99985e-01
1.462972114e+00,4.47827e-01,9.99999e-01,4.47832e-01,9.99999e-01,9.99987e-01
1.470286975e+00,3.90980e-01,9.99999e-01,3.90984e-01,9.99999e-01,9.99988e-01
1.477638409e+00,4.32441e-01,9.99999e-01,4.32445e-01,9.99999e-01,9.99990e-01
1.485026601e+00,5.08811e-01,9.99999e-01,5.08815e-01,9.99999e-01,9.99992e-01
1.492451734e+00,6.01317e-01,9.99999e-01,6.01320e-01,9.99999e-01,9.99994e-01
1.499913993e+00,7.13422e-01,9.99999e-01,7.13424e-01,9.99999e-01,9.99996e-01
1.507413563e+00,7.84025e-01,9.99999e-01,7.84026e-01,9.99999e-01,9.99998e-01
1.514950631e+00,8.58453e-01,9.99999e-01,8.58454e-01,9.99999e-01,9.99998e-01
1.522525384e+00,9.06150e-01,9.99999e-01,9.06151e-01,9.99999e-01,9.99999e-01
1.530138011e+00,9.30475e-01,9.99999e-01,9.30475e-01,9.99999e-01,9.99999e-01
1.537788701e+00,9.60162e-01,9.99999e-01,9.60163e-01,9.99999e-01,9.99999e-01
1.545477645e+00,9.74321e-01,9.99999e-01,9.74322e-01,9.99999e-01,9.99999e-01
1.553205033e+00,9.78970e-01,9.99999e-01,9.78970e-01,9.99999e-01,9.99999e-01
1.560971058e+00,9.87015e-01,9.99999e-01,9.87015e-01,9.99999e-01,9.99999e-01
1.568775913e+00,9.91380e-01,9.99999e-01,9.91380e-01,9.99999e-01,9.99999e-01
1.576619793e+00,9.93309e-01,9.99999e-01,9.93310e-01,9.99999e-01,9.99999e-01
1.584502892e+00,9.95925e-01,9.99999e-01,9.95925e-01,9.99999e-01,9.99999e-01
1.592425406e+00,9.96223e-01,9.99999e-01,9.96223e-01,9.99999e-01,9.99999e-01
1.600387533e+00,9.97391e-01,9.99999e-01,9.97391e-01,9.99999e-01,9.99999e-01
1.608389471e+00,9.97302e-01,9.99999e-01,9.97302e-01,9.99999e-01,9.99999e-01
1.616431418e+00,9.97234e-01,9.99999e-01,9.97234e-01,9.99999e-01,9.99999e-01
1.624513575e+00,9.97041e-01,9.99999e-01,9.97041e-01,9.99999e-01,9.99999e-01
1.632636143e+00,9.95366e-01,9.99999e-01,9.95366e-01,9.99999e-01,9.99999e-01
1.640799324e+00,9.93821e-01,9.99999e-01,9.93821e-01,9.99999e-01,9.99999e-01
1.649003321e+00,9.92139e-01,9.99999e-01,9.92140e-01,9.99999e-01,9.99999e-01
1.657248337e+00,9.89579e-01,9.99999e-01,9.89579e-01,9.99999e-01,9.99999e-01
1.665534579e+00,9.85829e-01,9.99999e-01,9.85829e-01,9.99999e-01,9.99999e-01
1.673862252e+00,9.80807e-01,9.99999e-01,9.80807e-01,9.99999e-01,9.99999e-01
1.682231563e+00,9.83158e-01,9.99999e-01,9.83158e-01,9.99999e-01,9.99999e-01
1.690642721e+00,9.70600e-01,9.99999e-01,9.70600e-01,9.99999e-01,9.99999e-01
1.699095934e+00,9.66301e-01,9.99999e-01,9.66302e-01,9.99999e-01,9.99999e-01
1.707591414e+00,9.63687e-01,9.99999e-01,9.63688e-01,9.99999e-01,9.99998e-01
1.716129371e+00,9.55239e-01,9.99999e-01,9.55240e-01,9.99999e-01,9.99998e-01
1.724710018e+00,9.33130e-01,9.99999e-01,9.33132e-01,9.99999e-01,9.99997e-01
1.733333568e+00,9.13423e-01,9.99999e-01,9.13425e-01,9.99999e-01,9.99997e-01
1.742000236e+00,8.72078e-01,9.99999e-01,8.72082e-01,9.99999e-01,9.99995e-01
1.750710237e+00,7.72238e-01,9.99999e-01,7.72243e-01,9.99999e-01,9.99993e-01
1.759463788e+00,6.14782e-01,9.99999e-01,6.14788e-01,9.99999e-01,9.99989e-01
1.768261107e+00,3.98579e-01,9.99999e-01,3.98585e-01,9.99999e-01,9.99983e-01
1.777102413e+00,2.15378e-01,9.99999e-01,2.15384e-01,9.99999e-01,9.99974e-01
1.785987925e+00,6.80076e-02,9.99999e-01,6.80104e-02,9.99999e-01,9.99959e-01
1.794917864e+00,2.40679e-02,9.99999e-01,2.40696e-02,9.99999e-01,9.99929e-01
1.803892454e+00,2.16199e-03,9.99999e-01,2.16222e-03,9.99999e-01,9.99893e-01
1.812911916e+00,6.90398e-04,9.99999e-01,6.90498e-04,9.99999e-01,9.99854e-01
1.821976476e+00,8.41490e-04,9.99999e-01,8.41633e-04,9.99999e-01,9.99829e-01
1.831086358e+00,2.54136e-04,9.99999e-01,2.54185e-04,9.99999e-01,9.99807e-01
1.840241790e+00,9.04651e-04,9.99999e-01,9.04843e-04,9.99999e-01,9.99787e-01
1.849442999e+00,2.52529e-03,9.99999e-01,2.52587e-03,9.99999e-01,9.99770e-01
1.858690214e+00,1.33433e-04,9.99999e-01,1.33468e-04,9.99999e-01,9.99735e-01
1.867983665e+00,2.50282e-05,9.99999e-01,2.50356e-05,9.99999e-01,9.99705e-01
1.877323583e+00,1.70106e-02,9.99999e-01,1.70154e-02,9.99999e-01,9.99719e-01
1.886710201e+00,2.48258e-02,9.99999e-01,2.48317e-02,9.99999e-01,9.99762e-01
1.896143752e+00,3.70693e-02,9.99999e-01,3.70773e-02,9.99999e-01,9.99785e-01
1.905624471e+00,3.77981e-03,9.99999e-01,3.78056e-03,9.99999e-01,9.99800e-01
1.915152593e+00,8.67423e-04,9.99999e-01,8.67584e-04,9.99999e-01,9.99813e-01
1.924728356e+00,3.56180e-04,9.99999e-01,3.56239e-04,9.99999e-01,9.99835e-01
1.934351998e+00,2.91023e-04,9.99999e-01,2.91063e-04,9.99999e-01,9.99864e-01
1.944023758e+00,3.51984e-03,9.99999e-01,3.52018e-03,9.99999e-01,9.99902e-01
1.953743877e+00,9.23674e-03,9.99999e-01,9.23733e-03,9.99999e-01,9.99935e-01
1.963512596e+00,4.94905e-02,9.99999e-01,4.94925e-02,9.99999e-01,9.99959e-01
1.973330159e+00,9.80100e-02,9.99999e-01,9.80124e-02,9.99999e-01,9.99975e-01
1.983196810e+00,3.12368e-01,9.99999e-01,3.12373e-01,9.99999e-01,9.99984e-01
1.993112794e+00,4.07659e-01,9.99999e-01,4.07663e-01,9.99999e-01,9.99989e-01
2.003078358e+00,5.87480e-01,9.99999e-01,5.87484e-01,9.99999e-01,9.99992e-01
2.013093750e+00,7.08018e-01,9.99999e-01,7.08021e-01,9.99999e-01,9.99995e-01
2.023159218e+00,8.20437e-01,9.99999e-01,8.20440e-01,9.99999e-01,9.99996e-01
2.033275015e+00,8.58195e-01,9.99999e-01,8.58197e-01,9.99999e-01,9.99997e-01
2.043441390e+00,9.09687e-01,9.99999e-01,9.09688e-01,9.99999e-01,9.99998e-01
2.053658597e+00,9.26686e-01,9.99999e-01,9.26687e-01,9.99999e-01,9.99998e-01
2.063926890e+00,9.50120e-01,9.99999e-01,9.50121e-01,9.99999e-01,9.99998e-01
2.074246524e+00,9.56742e-01,9.99999e-01,9.56742e-01,9.99999e-01,9.99999e-01
2.084617757e+00,9.71568e-01,9.99999e-01,9.71569e-01,9.99999e-01,9.99999e-01
2.095040845e+00,9.77478e-01,9.99999e-01,9.77478e-01,9.99999e-01,9.99999e-01
2.105516050e+00,9.80674e-01,9.99999e-01,9.80674e-01,9.99999e-01,9.99999e-01
2.116043630e+00,9.81530e-01,9.99999e-01,9.81530e-01,9.99999e-01,9.99999e-01
2.126623848e+00,9.88718e-01,9.99999e-01,9.88718e-01,9.99999e-01,9.99999e-01
2.137256967e+00,9.89256e-01,9.99999e-01,9.89256e-01,9.99999e-01,9.99999e-01
2.147943252e+00,9.89664e-01,9.99999e-01,9.89664e-01,9.99999e-01,9.99999e-01
2.158682968e+00,9.90542e-01,9.99999e-01,9.90542e-01,9.99999e-01,9.99999e-01
2.169476383e+00,9.89932e-01,9.99999e-01,9.89932e-01,9.99999e-01,9.99999e-01
2.180323765e+00,9.88461e-01,9.99999e-01,9.88461e-01,9.99999e-01,9.99999e-01
2.191225384e+00,9.85926e-01,9.99999e-01,9.85926e-01,9.99999e-01,9.99999e-01
2.202181511e+00,9.82586e-01,9.99999e-01,9.82587e-01,9.99999e-01,9.99999e-01
2.213192418e+00,9.82378e-01,9.99999e-01,9.82378e-01,9.99999e-01,9.99999e-01
2.224258381e+00,9.79253e-01,9.99999e-01,9.79254e-01,9.99999e-01,9.99999e-01
2.235379672e+00,9.82276e-01,9.99999e-01,9.82277e-01,9.99999e-01,9.99999e-01
2.246556571e+00,9.68897e-01,9.99999e-01,9.68897e-01,9.99999e-01,9.99998e-01
2.257789354e+00,9.75893e-01,9.99999e-01,9.75893e-01,9.99999e-01,9.99998e-01
2.269078300e+00,9.41668e-01,9.99999e-01,9.41668e-01,9.99999e-01,9.99998e-01
2.280423692e+00,9.51480e-01,9.99999e-01,9.51481e-01,9.99999e-01,9.99998e-01
2.291825810e+00,9.06582e-01,9.99999e-01,9.06583e-01,9.99999e-01,9.99998e-01
2.303284939e+00,9.15974e-01,9.99999e-01,9.15976e-01,9.99999e-01,9.99997e-01
2.314801364e+00,8.59794e-01,9.99999e-01,8.59796e-01,9.99999e-01,9.99996e-01
2.326375371e+00,8.54800e-01,9.99999e-01,8.54803e-01,9.99999e-01,9.99995e-01
2.338007248e+00,8.31376e-01,9.99999e-01,8.31380e-01,9.99999e-01,9.99994e-01
2.349697284e+00,7.33828e-01,9.99999e-01,7.33833e-01,9.99999e-01,9.99992e-01
2.361445770e+00,7.78104e-01,9.99999e-01,7.78111e-01,9.99999e-01,9.99990e-01
2.373252999e+00,7.10906e-01,9.99999e-01,7.10916e-01,9.99999e-01,9.99986e-01
2.385119264e+00,5.61094e-01,9.99999e-01,5.61104e-01,9.99999e-01,9.99981e-01
2.397044861e+00,6.91163e-01,9.99999e-01,6.91182e-01,9.99999e-01,9.99972e-01
2.409030085e+00,5.10067e-01,9.99999e-01,5.10087e-01,9.99999e-01,9.99959e-01
2.421075235e+00,5.14282e-01,9.99999e-01,5.14310e-01,9.99999e-01,9.99944e-01
2.433180612e+00,3.66433e-01,9.99999e-01,3.66460e-01,9.99999e-01,9.99925e-01
2.445346515e+00,1.97908e-01,9.99999e-01,1.97928e-01,9.99999e-01,9.99900e-01
2.457573247e+00,1.44519e-01,9.99999e-01,1.44539e-01,9.99999e-01,9.99866e-01
2.469861113e+00,2.17500e-02,9.99999e-01,2.17539e-02,9.99999e-01,9.99818e-01
2.482210419e+00,1.63852e-03,9.99999e-01,1.63893e-03,9.99999e-01,9.99745e-01
2.494621471e+00,3.62334e-05,9.99999e-01,3.62465e-05,9.99999e-01,9.99639e-01
2.507094578e+00,1.60973e-08,9.99999e-01,1.61058e-08,9.99999e-01,9.99473e-01
2.519630051e+00,1.63558e-12,9.99999e-01,1.63684e-12,9.99999e-01,9.99231e-01
2.532228202e+00,4.02850e-16,9.99999e-01,4.03265e-16,9.99999e-01,9.98971e-01
2.544889343e+00,5.98642e-21,9.99999e-01,5.99430e-21,9.99999e-01,9.98684e-01
2.557613789e+00,7.18102e-21,9.99999e-01,7.19215e-21,9.99999e-01,9.98452e-01
2.570401858e+00,6.22837e-29,9.99999e-01,6.23882e-29,9.99999e-01,9.98325e-01
2.583253867e+00,7.99227e-29,9.99999e-01,8.00693e-29,9.99999e-01,9.98169e-01
2.596170137e+00,1.27842e-24,9.99999e-01,1.28080e-24,9.99999e-01,9.98141e-01
2.609150988e+00,1.33119e-17,9.99999e-01,1.33384e-17,9.99999e-01,9.98015e-01
2.622196742e+00,6.51987e-15,9.99999e-01,6.53319e-15,9.99999e-01,9.97960e-01
2.635307726e+00,2.72097e-07,9.99999e-01,2.72679e-07,9.99999e-01,9.97868e-01
2.648484265e+00,1.18387e-08,9.99999e-01,1.18676e-08,9.99999e-01,9.97565e-01
2.661726686e+00,7.22805e-15,9.99999e-01,7.24769e-15,9.99999e-01,9.97288e-01
2.675035320e+00,6.29833e-50,9.99999e-01,6.31459e-50,9.99999e-01,9.97425e-01
2.688410496e+00,4.43751e-25,9.99999e-01,4.44830e-25,9.99999e-01,9.97571e-01
2.701852549e+00,7.70009e-22,9.99999e-01,7.71704e-22,9.99999e-01,9.97803e-01
2.715361811e+00,9.95501e-22,9.99999e-01,9.97540e-22,9.99999e-01,9.97955e-01
2.728938620e+00,1.28099e-15,9.99999e-01,1.28332e-15,9.99999e-01,9.98188e-01
2.742583314e+00,1.03896e-16,9.99999e-01,1.04077e-16,9.99999e-01,9.98255e-01
2.756296230e+00,1.13677e-17,9.99999e-01,1.13867e-17,9.99999e-01,9.98324e-01
2.770077711e+00,1.80534e-23,9.99999e-01,1.80794e-23,9.99999e-01,9.98560e-01
2.783928100e+00,1.41649e-23,9.99999e-01,1.41835e-23,9.99999e-01,9.98684e-01
2.797847740e+00,4.62135e-18,9.99999e-01,4.62658e-18,9.99999e-01,9.98868e-01
2.811836979e+00,4.15263e-19,9.99999e-01,4.15637e-19,9.99999e-01,9.99099e-01
2.825896164e+00,1.31027e-16,9.99999e-01,1.31118e-16,9.99999e-01,9.99305e-01
2.840025645e+00,4.21966e-13,9.99999e-01,4.22197e-13,9.99999e-01,9.99451e-01
2.854225773e+00,7.29794e-12,9.99999e-01,7.30111e-12,9.99999e-01,9.99564e-01
2.868496902e+00,4.01376e-11,9.99999e-01,4.01502e-11,9.99999e-01,9.99686e-01
2.882839386e+00,6.19021e-09,9.99999e-01,6.19163e-09,9.99999e-01,9.99770e-01
2.897253583e+00,1.19986e-07,9.99999e-01,1.20008e-07,9.99999e-01,9.99815e-01
2.911739851e+00,2.00013e-05,9.99999e-01,2.00043e-05,9.99999e-01,9.99852e-01
2.926298550e+00,1.75748e-04,9.99999e-01,1.75767e-04,9.99999e-01,9.99888e-01
2.940930043e+00,2.47867e-04,9.99999e-01,2.47889e-04,9.99999e-01,9.99911e-01
2.955634693e+00,6.50488e-04,9.99999e-01,6.50536e-04,9.99999e-01,9.99925e-01
2.970412867e+00,7.44363e-04,9.99999e-01,7.44406e-04,9.99999e-01,9.99941e-01
2.985264931e+00,6.93112e-03,9.99999e-01,6.93143e-03,9.99999e-01,9.99954e-01
3.000191256e+00,7.82602e-03,9.99999e-01,7.82631e-03,9.99999e-01,9.99961e-01
3.015192212e+00,2.50248e-02,9.99999e-01,2.50256e-02,9.99999e-01,9.99967e-01
3.030268173e+00,5.01235e-02,9.99999e-01,5.01249e-02,9.99999e-01,9.99972e-01
3.045419514e+00,1.76300e-02,9.99999e-01,1.76305e-02,9.99999e-01,9.99974e-01
3.060646612e+00,1.04051e-01,9.99999e-01,1.04053e-01,9.99999e-01,9.99977e-01
3.075949845e+00,1.12044e-01,9.99999e-01,1.12047e-01,9.99999e-01,9.99978e-01
3.091329594e+00,7.56565e-02,9.99999e-01,7.56580e-02,9.99999e-01,9.99980e-01
3.106786242e+00,1.66033e-01,9.99999e-01,1.66036e-01,9.99999e-01,9.99981e-01
3.122320173e+00,2.07640e-01,9.99999e-01,2.07643e-01,9.99999e-01,9.99982e-01
3.137931774e+00,2.26637e-01,9.99999e-01,2.26641e-01,9.99999e-01,9.99983e-01
3.153621433e+00,3.68145e-01,9.99999e-01,3.68152e-01,9.99999e-01,9.99982e-01
3.169389540e+00,4.02799e-01,9.99999e-01,4.02806e-01,9.99999e-01,9.99981e-01
3.185236488e+00,3.19554e-01,9.99999e-01,3.19560e-01,9.99999e-01,9.99977e-01
3.201162670e+00,1.01003e-01,9.99999e-01,1.01006e-01,9.99999e-01,9.99976e-01
3.217168483e+00,2.03340e-01,9.99999e-01,2.03344e-01,9.99999e-01,9.99976e-01
3.233254326e+00,3.29699e-01,9.99999e-01,3.29707e-01,9.99999e-01,9.99976e-01
3.249420598e+00,4.49759e-01,9.99999e-01,4.49768e-01,9.99999e-01,9.99978e-01
3.265667701e+00,3.32714e-01,9.99999e-01,3.32721e-01,9.99999e-01,9.99979e-01
3.281996039e+00,4.17096e-01,9.99999e-01,4.17104e-01,9.99999e-01,9.99980e-01
3.298406019e+00,2.10514e-01,9.99999e-01,2.10517e-01,9.99999e-01,9.99981e-01
3.314898049e+00,1.85130e-01,9.99999e-01,1.85133e-01,9.99999e-01,9.99982e-01
3.331472540e+00,2.98887e-01,9.99999e-01,2.98891e-01,9.99999e-01,9.99984e-01
3.348129902e+00,2.86118e-01,9.99999e-01,2.86122e-01,9.99999e-01,9.99986e-01
3.364870552e+00,3.64460e-01,9.99999e-01,3.64464e-01,9.99999e-01,9.99988e-01
3.381694905e+00,4.00580e-01,9.99999e-01,4.00583e-01,9.99999e-01,9.99991e-01
3.398603379e+00,5.22498e-01,9.99999e-01,5.22501e-01,9.99999e-01,9.99993e-01
3.415596396e+00,6.17620e-01,9.99999e-01,6.17623e-01,9.99999e-01,9.99995e-01
3.432674378e+00,6.41906e-01,9.99999e-01,6.41908e-01,9.99999e-01,9.99996e-01
3.449837750e+00,7.39499e-01,9.99999e-01,7.39501e-01,9.99999e-01,9.99997e-01
3.467086939e+00,8.12304e-01,9.99999e-01,8.12305e-01,9.99999e-01,9.99997e-01
3.484422373e+00,8.23860e-01,9.99999e-01,8.23861e-01,9.99999e-01,9.99997e-01
3.501844485e+00,8.94496e-01,9.99999e-01,8.94497e-01,9.99999e-01,9.99998e-01
3.519353708e+00,9.11098e-01,9.99999e-01,9.11099e-01,9.99999e-01,9.99998e-01
3.536950476e+00,9.19177e-01,9.99999e-01,9.19178e-01,9.99999e-01,9.99998e-01
3.554635228e+00,9.49736e-01,9.99999e-01,9.49737e-01,9.99999e-01,9.99998e-01
3.572408405e+00,9.51417e-01,9.99999e-01,9.51418e-01,9.99999e-01,9.99998e-01
3.590270447e+00,9.65982e-01,9.99999e-01,9.65983e-01,9.99999e-01,9.99998e-01
3.608221799e+00,9.73499e-01,9.99999e-01,9.73500e-01,9.99999e-01,9.99998e-01
3.626262908e+00,9.77343e-01,9.99999e-01,9.77344e-01,9.99999e-01,9.99998e-01
3.644394222e+00,9.86345e-01,9.99999e-01,9.86346e-01,9.99999e-01,9.99998e-01
3.662616193e+00,9.77299e-01,9.99999e-01,9.77300e-01,9.99999e-01,9.99998e-01
3.680929274e+00,9.63759e-01,9.99999e-01,9.63760e-01,9.99999e-01,9.99998e-01
3.699333921e+00,9.82878e-01,9.99999e-01,9.82879e-01,9.99999e-01,9.99998e-01
3.717830590e+00,9.86554e-01,9.99999e-01,9.86555e-01,9.99999e-01,9.99998e-01
3.736419743e+00,9.84330e-01,9.99999e-01,9.84331e-01,9.99999e-01,9.99998e-01
3.755101842e+00,9.83155e-01,9.99999e-01,9.83156e-01,9.99999e-01,9.99998e-01
3.773877351e+00,9.86089e-01,9.99999e-01,9.86090e-01,9.99999e-01,9.99998e-01
3.792746738e+00,9.83269e-01,9.99999e-01,9.83270e-01,9.99999e-01,9.99998e-01
3.811710472e+00,9.79452e-01,9.99999e-01,9.79453e-01,9.99999e-01,9.99998e-01
3.830769024e+00,9.77824e-01,9.99999e-01,9.77824e-01,9.99999e-01,9.99998e-01
3.849922869e+00,9.67405e-01,9.99999e-01,9.67406e-01,9.99999e-01,9.99998e-01
3.869172484e+00,9.62480e-01,9.99999e-01,9.62481e-01,9.99999e-01,9.99998e-01
3.888518346e+00,9.78961e-01,9.99999e-01,9.78962e-01,9.99999e-01,9.99998e-01
3.907960938e+00,9.76433e-01,9.99999e-01,9.76433e-01,9.99999e-01,9.99998e-01
3.927500742e+00,8.55973e-01,9.99999e-01,8.55974e-01,9.99999e-01,9.99998e-01
3.947138246e+00,9.10732e-01,9.99999e-01,9.10733e-01,9.99999e-01,9.99998e-01
3.966873937e+00,7.82151e-01,9.99999e-01,7.82152e-01,9.99999e-01,9.99998e-01
3.986708307e+00,9.59514e-01,9.99999e-01,9.59515e-01,9.99999e-01,9.99998e-01
4.006641849e+00,9.85361e-01,9.99999e-01,9.85362e-01,9.99999e-01,9.99998e-01
4.026675058e+00,9.83076e-01,9.99999e-01,9.83076e-01,9.99999e-01,9.99998e-01
4.046808433e+00,9.79432e-01,9.99999e-01,9.79433e-01,9.99999e-01,9.99998e-01
4.067042475e+00,9.76414e-01,9.99999e-01,9.76415e-01,9.99999e-01,9.99998e-01
4.087377688e+00,9.74681e-01,9.99999e-01,9.74682e-01,9.99999e-01,9.99998e-01
4.107814576e+00,9.65213e-01,9.99999e-01,9.65214e-01,9.99999e-01,9.99998e-01
4.128353649e+00,9.45789e-01,9.99999e-01,9.45790e-01,9.99999e-01,9.99998e-01
4.148995417e+00,9.32665e-01,9.99999e-01,9.32666e-01,9.99999e-01,9.99998e-01
4.169740394e+00,8.94968e-01,9.99999e-01,8.94969e-01,9.99999e-01,9.99998e-01
4.190589096e+00,8.73866e-01,9.99999e-01,8.73867e-01,9.99999e-01,9.99998e-01
4.211542042e+00,8.08275e-01,9.99999e-01,8.08276e-01,9.99999e-01,9.99998e-01
4.232599752e+00,7.89767e-01,9.99999e-01,7.89768e-01,9.99999e-01,9.99998e-01
4.253762751e+00,7.42732e-01,9.99999e-01,7.42734e-01,9.99999e-01,9.99997e-01
4.275031564e+00,6.63112e-01,9.99999e-01,6.63113e-01,9.99999e-01,9.99997e-01
4.296406722e+00,5.81968e-01,9.99999e-01,5.81969e-01,9.99999e-01,9.99997e-01
4.317888756e+00,6.24985e-01,9.99999e-01,6.24986e-01,9.99999e-01,9.99997e-01
4.339478200e+00,5.53907e-01,9.99999e-01,5.53908e-01,9.99999e-01,9.99997e-01
4.361175591e+00,4.98228e-01,9.99999e-01,4.98229e-01,9.99999e-01,9.99997e-01
4.382981469e+00,5.00128e-01,9.99999e-01,5.00129e-01,9.99999e-01,9.99997e-01
4.404896376e+00,4.85327e-01,9.99999e-01,4.85328e-01,9.99999e-01,9.99996e-01
4.426920858e+00,3.66554e-01,9.99999e-01,3.66555e-01,9.99999e-01,9.99996e-01
4.449055462e+00,4.96888e-01,9.99999e-01,4.96889e-01,9.99999e-01,9.99996e-01
4.471300739e+00,4.05556e-01,9.99999e-01,4.05557e-01,9.99999e-01,9.99996e-01
4.493657243e+00,4.92492e-01,9.99999e-01,4.92494e-01,9.99999e-01,9.99995e-01
4.516125529e+00,3.19123e-01,9.99999e-01,3.19124e-01,9.99999e-01,9.99995e-01
4.538706157e+00,4.12819e-01,9.99999e-01,4.12821e-01,9.99999e-01,9.99994e-01
4.561399688e+00,3.74405e-01,9.99999e-01,3.74407e-01,9.99999e-01,9.99994e-01
4.584206686e+00,4.83237e-01,9.99999e-01,4.83240e-01,9.99999e-01,9.99993e-01
4.607127720e+00,3.71625e-01,9.99999e-01,3.71627e-01,9.99999e-01,9.99992e-01
4.630163358e+00,2.10836e-01,9.99999e-01,2.10838e-01,9.99999e-01,9.99991e-01
4.653314175e+00,2.15746e-01,9.99999e-01,2.15748e-01,9.99999e-01,9.99990e-01
4.676580746e+00,6.80853e-02,9.99999e-01,6.80860e-02,9.99999e-01,9.99988e-01
4.699963650e+00,1.92112e-01,9.99999e-01,1.92114e-01,9.99999e-01,9.99987e-01
4.723463468e+00,7.37853e-02,9.99999e-01,7.37864e-02,9.99999e-01,9.99984e-01
4.747080785e+00,2.54144e-01,9.99999e-01,2.54148e-01,9.99999e-01,9.99982e-01
4.770816189e+00,8.73513e-02,9.99999e-01,8.73531e-02,9.99999e-01,9.99979e-01
4.794670270e+00,6.20835e-02,9.99999e-01,6.20850e-02,9.99999e-01,9.99975e-01
4.818643622e+00,6.09654e-02,9.99999e-01,6.09671e-02,9.99999e-01,9.99970e-01
4.842736840e+00,1.65315e-02,9.99999e-01,1.65321e-02,9.99999e-01,9.99965e-01
4.866950524e+00,9.57056e-02,9.99999e-01,9.57095e-02,9.99999e-01,9.99959e-01
4.891285276e+00,1.03197e-02,9.99999e-01,1.03202e-02,9.99999e-01,9.99950e-01
4.915741703e+00,4.82584e-02,9.99999e-01,4.82611e-02,9.99999e-01,9.99942e-01
4.940320411e+00,6.40748e-03,9.99999e-01,6.40791e-03,9.99999e-01,9.99931e-01
4.965022013e+00,5.27316e-03,9.99999e-01,5.27357e-03,9.99999e-01,9.99921e-01
4.989847123e+00,1.43174e-02,9.99999e-01,1.43187e-02,9.99999e-01,9.99911e-01
5.014796359e+00,2.69873e-04,9.99999e-01,2.69900e-04,9.99999e-01,9.99897e-01
5.039870341e+00,5.30461e-03,9.99999e-01,5.30524e-03,9.99999e-01,9.99880e-01
5.065069693e+00,5.93622e-03,9.99999e-01,5.93706e-03,9.99999e-01,9.99857e-01
5.090395041e+00,6.10286e-04,9.99999e-01,6.10386e-04,9.99999e-01,9.99835e-01
5.115847016e+00,3.78083e-04,9.99999e-01,3.78155e-04,9.99999e-01,9.99808e-01
5.141426251e+00,1.53207e-05,9.99999e-01,1.53241e-05,9.99999e-01,9.99779e-01
5.167133383e+00,1.14566e-05,9.99999e-01,1.14594e-05,9.99999e-01,9.99749e-01
5.192969049e+00,6.99209e-06,9.99999e-01,6.99407e-06,9.99999e-01,9.99716e-01
5.218933895e+00,1.56189e-08,9.99999e-01,1.56238e-08,9.99999e-01,9.99684e-01
5.245028564e+00,1.65487e-06,9.99999e-01,1.65544e-06,9.99999e-01,9.99653e-01
5.271253707e+00,1.89606e-07,9.99999e-01,1.89679e-07,9.99999e-01,9.99610e-01
5.297609976e+00,4.69700e-08,9.99999e-01,4.69902e-08,9.99999e-01,9.99569e-01
5.324098025e+00,2.09503e-08,9.99999e-01,2.09601e-08,9.99999e-01,9.99530e-01
5.350718516e+00,2.67137e-10,9.99999e-01,2.67281e-10,9.99999e-01,9.99462e-01
5.377472108e+00,4.15141e-10,9.99999e-01,4.15378e-10,9.99999e-01,9.99427e-01
5.404359469e+00,2.86617e-10,9.99999e-01,2.86802e-10,9.99999e-01,9.99351e-01
5.431381266e+00,1.05280e-17,9.99999e-01,1.05353e-17,9.99999e-01,9.99302e-01
5.458538172e+00,5.37828e-18,9.99999e-01,5.38244e-18,9.99999e-01,9.99227e-01
5.485830863e+00,9.53095e-19,9.99999e-01,9.53917e-19,9.99999e-01,9.99137e-01
5.513260018e+00,9.36632e-20,9.99999e-01,9.37522e-20,9.99999e-01,9.99050e-01
5.540826318e+00,4.81746e-21,9.99999e-01,4.82255e-21,9.99999e-01,9.98943e-01
5.568530449e+00,3.90767e-32,9.99999e-01,3.91221e-32,9.99999e-01,9.98840e-01
5.596373101e+00,7.75858e-31,9.99999e-01,7.76858e-31,9.99999e-01,9.98711e-01
5.624354967e+00,1.21225e-27,9.99999e-01,1.21401e-27,9.99999e-01,9.98551e-01
5.652476742e+00,1.83542e-30,9.99999e-01,1.83833e-30,9.99999e-01,9.98419e-01
5.680739126e+00,1.04239e-34,9.99999e-01,1.04420e-34,9.99999e-01,9.98266e-01
5.709142821e+00,7.25472e-38,9.99999e-01,7.26843e-38,9.99999e-01,9.98113e-01
5.737688535e+00,2.12703e-36,9.99999e-01,2.13149e-36,9.99999e-01,9.97910e-01
5.766376978e+00,2.39141e-28,9.99999e-01,2.39663e-28,9.99999e-01,9.97824e-01
5.795208863e+00,1.71194e-25,9.99999e-01,1.71588e-25,9.99999e-01,9.97700e-01
5.824184907e+00,2.68768e-31,9.99999e-01,2.69422e-31,9.99999e-01,9.97569e-01
5.853305832e+00,2.20838e-30,9.99999e-01,2.21393e-30,9.99999e-01,9.97495e-01
5.882572361e+00,1.66031e-37,9.99999e-01,1.66459e-37,9.99999e-01,9.97426e-01
5.911985223e+00,1.33190e-35,9.99999e-01,1.33543e-35,9.99999e-01,9.97354e-01
5.941545149e+00,4.25171e-37,9.99999e-01,4.26305e-37,9.99999e-01,9.97340e-01
5.971252874e+00,5.51061e-32,9.99999e-01,5.52572e-32,9.99999e-01,9.97266e-01
6.001109139e+00,9.15798e-22,9.99999e-01,9.18352e-22,9.99999e-01,9.97218e-01
6.031114685e+00,3.82187e-24,9.99999e-01,3.83245e-24,9.99999e-01,9.97239e-01
6.061270258e+00,3.19794e-24,9.99999e-01,3.20659e-24,9.99999e-01,9.97299e-01
6.091576609e+00,3.00508e-20,9.99999e-01,3.01320e-20,9.99999e-01,9.97303e-01
6.122034492e+00,2.76241e-13,9.99999e-01,2.76989e-13,9.99999e-01,9.97299e-01
6.152644665e+00,6.33808e-14,9.99999e-01,6.35531e-14,9.99999e-01,9.97289e-01
6.183407888e+00,6.90758e-10,9.99999e-01,6.92636e-10,9.99999e-01,9.97288e-01
6.214324928e+00,1.09027e-06,9.99999e-01,1.09322e-06,9.99999e-01,9.97296e-01
6.245396552e+00,1.04669e-04,9.99999e-01,1.04955e-04,9.99999e-01,9.97278e-01
6.276623535e+00,6.05653e-05,9.99999e-01,6.07363e-05,9.99999e-01,9.97183e-01
6.308006653e+00,5.36598e-05,9.99999e-01,5.38200e-05,9.99999e-01,9.97023e-01
6.339546686e+00,5.15854e-10,9.99999e-01,5.17468e-10,9.99999e-01,9.96881e-01
6.371244419e+00,9.05953e-20,9.99999e-01,9.08844e-20,9.99999e-01,9.96817e-01
6.403100641e+00,2.19658e-27,9.99999e-01,2.20355e-27,9.99999e-01,9.96837e-01
6.435116145e+00,2.80985e-58,9.99999e-01,2.81871e-58,9.99999e-01,9.96854e-01
6.467291725e+00,1.55306e-58,9.99999e-01,1.55796e-58,9.99999e-01,9.96858e-01
6.499628184e+00,9.60967e-67,9.99999e-01,9.63980e-67,9.99999e-01,9.96874e-01
6.532126325e+00,9.48207e-59,9.99999e-01,9.51117e-59,9.99999e-01,9.96939e-01
6.564786956e+00,9.71697e-71,9.99999e-01,9.74499e-71,9.99999e-01,9.97124e-01
6.597610891e+00,8.99193e-95,9.99999e-01,9.01700e-95,9.99999e-01,9.97219e-01
6.630598946e+00,7.18382e-63,9.99999e-01,7.20324e-63,9.99999e-01,9.97303e-01
6.663751940e+00,1.31777e-58,9.99999e-01,1.32112e-58,9.99999e-01,9.97457e-01
6.697070700e+00,1.14917e-46,9.99999e-01,1.15188e-46,9.99999e-01,9.97640e-01
6.730556054e+00,3.55487e-32,9.99999e-01,3.56268e-32,9.99999e-01,9.97808e-01
6.764208834e+00,1.84965e-32,9.99999e-01,1.85342e-32,9.99999e-01,9.97969e-01
6.798029878e+00,3.22064e-39,9.99999e-01,3.22666e-39,9.99999e-01,9.98133e-01
6.832020027e+00,1.74647e-39,9.99999e-01,1.74963e-39,9.99999e-01,9.98194e-01
6.866180128e+00,3.72835e-45,9.99999e-01,3.73467e-45,9.99999e-01,9.98307e-01
6.900511028e+00,1.63969e-26,9.99999e-01,1.64224e-26,9.99999e-01,9.98447e-01
6.935013583e+00,4.09148e-26,9.99999e-01,4.09749e-26,9.99999e-01,9.98533e-01
6.969688651e+00,6.76857e-33,9.99999e-01,6.77788e-33,9.99999e-01,9.98626e-01
7.004537095e+00,5.62709e-32,9.99999e-01,5.63451e-32,9.99999e-01,9.98682e-01
7.039559780e+00,4.18201e-35,9.99999e-01,4.18749e-35,9.99999e-01,9.98689e-01
7.074757579e+00,1.36774e-27,9.99999e-01,1.36933e-27,9.99999e-01,9.98832e-01
7.110131367e+00,2.48200e-27,9.99999e-01,2.48469e-27,9.99999e-01,9.98918e-01
7.145682024e+00,1.16003e-30,9.99999e-01,1.16122e-30,9.99999e-01,9.98973e-01
7.181410434e+00,2.78395e-38,9.99999e-01,2.78655e-38,9.99999e-01,9.99065e-01
7.217317486e+00,1.14660e-28,9.99999e-01,1.14759e-28,9.99999e-01,9.99139e-01
7.253404073e+00,4.87413e-29,9.99999e-01,4.87800e-29,9.99999e-01,9.99205e-01
7.289671094e+00,1.29681e-25,9.99999e-01,1.29775e-25,9.99999e-01,9.99271e-01
7.326119449e+00,1.88311e-25,9.99999e-01,1.88434e-25,9.99999e-01,9.99344e-01
7.362750046e+00,4.11904e-19,9.99999e-01,4.12146e-19,9.99999e-01,9.99412e-01
7.399563797e+00,2.87621e-15,9.99999e-01,2.87773e-15,9.99999e-01,9.99471e-01
7.436561616e+00,4.66043e-17,9.99999e-01,4.66262e-17,9.99999e-01,9.99529e-01
7.473744424e+00,2.48431e-16,9.99999e-01,2.48533e-16,9.99999e-01,9.99587e-01
7.511113146e+00,1.24679e-13,9.99999e-01,1.24723e-13,9.99999e-01,9.99645e-01
7.548668712e+00,7.87471e-15,9.99999e-01,7.87715e-15,9.99999e-01,9.99689e-01
7.586412055e+00,1.50001e-25,9.99999e-01,1.50041e-25,9.99999e-01,9.99730e-01
7.624344115e+00,2.21699e-13,9.99999e-01,2.21750e-13,9.99999e-01,9.99769e-01
7.662465836e+00,2.58451e-08,9.99999e-01,2.58502e-08,9.99999e-01,9.99803e-01
7.700778165e+00,1.32419e-08,9.99999e-01,1.32442e-08,9.99999e-01,9.99832e-01
7.739282056e+00,3.22583e-13,9.99999e-01,3.22630e-13,9.99999e-01,9.99854e-01
7.777978466e+00,3.76740e-09,9.99999e-01,3.76787e-09,9.99999e-01,9.99875e-01
7.816868359e+00,1.18566e-07,9.99999e-01,1.18579e-07,9.99999e-01,9.99894e-01
7.855952700e+00,3.19591e-08,9.99999e-01,3.19620e-08,9.99999e-01,9.99907e-01
7.895232464e+00,2.93296e-08,9.99999e-01,2.93320e-08,9.99999e-01,9.99918e-01
7.934708626e+00,7.64189e-06,9.99999e-01,7.64244e-06,9.99999e-01,9.99927e-01
7.974382169e+00,6.91519e-04,9.99999e-01,6.91563e-04,9.99999e-01,9.99934e-01
8.014254080e+00,1.62772e-04,9.99999e-01,1.62782e-04,9.99999e-01,9.99941e-01
8.054325351e+00,2.15216e-04,9.99999e-01,2.15227e-04,9.99999e-01,9.99946e-01
8.094596977e+00,3.53922e-03,9.99999e-01,3.53939e-03,9.99999e-01,9.99951e-01
8.135069962e+00,2.72802e-03,9.99999e-01,2.72814e-03,9.99999e-01,9.99955e-01
8.175745312e+00,7.35867e-04,9.99999e-01,7.35897e-04,9.99999e-01,9.99959e-01
8.216624039e+00,9.13120e-03,9.99999e-01,9.13155e-03,9.99999e-01,9.99961e-01
8.257707159e+00,1.75242e-02,9.99999e-01,1.75248e-02,9.99999e-01,9.99964e-01
8.298995695e+00,7.35946e-02,9.99999e-01,7.35971e-02,9.99999e-01,9.99966e-01
8.340490673e+00,3.95222e-02,9.99999e-01,3.95235e-02,9.99999e-01,9.99967e-01
8.382193126e+00,1.04631e-01,9.99999e-01,1.04634e-01,9.99999e-01,9.99969e-01
8.424104092e+00,4.90082e-02,9.99999e-01,4.90096e-02,9.99999e-01,9.99970e-01
8.466224613e+00,9.54371e-02,9.99999e-01,9.54397e-02,9.99999e-01,9.99971e-01
8.508555736e+00,4.41916e-02,9.99999e-01,4.41928e-02,9.99999e-01,9.99972e-01
8.551098514e+00,2.30387e-01,9.99999e-01,2.30393e-01,9.99999e-01,9.99973e-01
8.593854007e+00,3.98597e-01,9.99999e-01,3.98607e-01,9.99999e-01,9.99974e-01
8.636823277e+00,4.37667e-01,9.99999e-01,4.37678e-01,9.99999e-01,9.99974e-01
8.680007393e+00,2.61534e-01,9.99999e-01,2.61541e-01,9.99999e-01,9.99975e-01
8.723407430e+00,3.49294e-01,9.99999e-01,3.49303e-01,9.99999e-01,9.99975e-01
8.767024467e+00,2.84102e-01,9.99999e-01,2.84108e-01,9.99999e-01,9.99975e-01
8.810859590e+00,2.82694e-01,9.99999e-01,2.82701e-01,9.99999e-01,9.99976e-01
8.854913888e+00,5.92404e-01,9.99999e-01,5.92418e-01,9.99999e-01,9.99976e-01
8.899188457e+00,5.39013e-01,9.99999e-01,5.39025e-01,9.99999e-01,9.99976e-01
8.943684399e+00,4.58759e-01,9.99999e-01,4.58769e-01,9.99999e-01,9.99976e-01
8.988402821e+00,4.34516e-01,9.99999e-01,4.34525e-01,9.99999e-01,9.99976e-01
9.033344836e+00,3.48423e-01,9.99999e-01,3.48431e-01,9.99999e-01,9.99976e-01
9.078511560e+00,4.61676e-01,9.99999e-01,4.61686e-01,9.99999e-01,9.99976e-01
9.123904118e+00,5.80751e-01,9.99999e-01,5.80764e-01,9.99999e-01,9.99976e-01
9.169523638e+00,4.98781e-01,9.99999e-01,4.98793e-01,9.99999e-01,9.99976e-01
9.215371256e+00,7.03783e-01,9.99999e-01,7.03800e-01,9.99999e-01,9.99976e-01
9.261448113e+00,6.80728e-01,9.99999e-01,6.80743e-01,9.99999e-01,9.99976e-01
9.307755353e+00,5.68220e-01,9.99999e-01,5.68233e-01,9.99999e-01,9.99976e-01
9.354294130e+00,4.93743e-01,9.99999e-01,4.93755e-01,9.99999e-01,9.99976e-01
9.401065601e+00,3.59037e-01,9.99999e-01,3.59045e-01,9.99999e-01,9.99975e-01
9.448070929e+00,4.31352e-01,9.99999e-01,4.31362e-01,9.99999e-01,9.99975e-01
9.495311283e+00,6.60528e-01,9.99999e-01,6.60544e-01,9.99999e-01,9.99975e-01
9.542787840e+00,7.36215e-01,9.99999e-01,7.36233e-01,9.99999e-01,9.99975e-01
9.590501779e+00,6.02648e-01,9.99999e-01,6.02662e-01,9.99999e-01,9.99975e-01
9.638454288e+00,6.11787e-01,9.99999e-01,6.11802e-01,9.99999e-01,9.99974e-01
9.686646559e+00,6.29291e-01,9.99999e-01,6.29306e-01,9.99999e-01,9.99974e-01
9.735079792e+00,7.11677e-01,9.99999e-01,7.11695e-01,9.99999e-01,9.99974e-01
9.783755191e+00,6.24894e-01,9.99999e-01,6.24910e-01,9.99999e-01,9.99974e-01
9.832673967e+00,3.84063e-01,9.99999e-01,3.84073e-01,9.99999e-01,9.99973e-01
9.881837337e+00,2.23346e-01,9.99999e-01,2.23352e-01,9.99999e-01,9.99973e-01
9.931246523e+00,5.26982e-01,9.99999e-01,5.26996e-01,9.99999e-01,9.99973e-01
9.980902756e+00,6.65794e-01,9.99999e-01,6.65811e-01,9.99999e-01,9.99973e-01
1.003080727e+01,6.67954e-01,9.99999e-01,6.67971e-01,9.99999e-01,9.99972e-01
1.008096131e+01,7.03273e-01,9.99999e-01,7.03291e-01,9.99999e-01,9.99972e-01
1.013136611e+01,7.63491e-01,9.99999e-01,7.63511e-01,9.99999e-01,9.99972e-01
1.018202294e+01,7.86905e-01,9.99999e-01,7.86926e-01,9.99999e-01,9.99972e-01
1.023293306e+01,6.48494e-01,9.99999e-01,6.48512e-01,9.99999e-01,9.99971e-01
1.028409772e+01,4.68077e-01,9.99999e-01,4.68090e-01,9.99999e-01,9.99971e-01
1.033551821e+01,4.37509e-01,9.99999e-01,4.37522e-01,9.99999e-01,9.99971e-01
1.038719580e+01,2.53772e-01,9.99999e-01,2.53779e-01,9.99999e-01,9.99970e-01
1.043913178e+01,2.73399e-01,9.99999e-01,2.73407e-01,9.99999e-01,9.99970e-01
1.049132744e+01,4.65511e-01,9.99999e-01,4.65525e-01,9.99999e-01,9.99970e-01
1.054378408e+01,5.65902e-01,9.99999e-01,5.65919e-01,9.99999e-01,9.99969e-01
1.059650300e+01,5.49951e-01,9.99999e-01,5.49968e-01,9.99999e-01,9.99969e-01
1.064948551e+01,5.14373e-01,9.99999e-01,5.14388e-01,9.99999e-01,9.99968e-01
1.070273294e+01,3.86637e-01,9.99999e-01,3.86649e-01,9.99999e-01,9.99968e-01
1.075624661e+01,4.12254e-01,9.99999e-01,4.12267e-01,9.99999e-01,9.99967e-01
1.081002784e+01,4.14826e-01,9.99999e-01,4.14840e-01,9.99999e-01,9.99966e-01
1.086407798e+01,2.32481e-01,9.99999e-01,2.32489e-01,9.99999e-01,9.99966e-01
1.091839837e+01,1.11542e-01,9.99999e-01,1.11546e-01,9.99999e-01,9.99965e-01
1.097299036e+01,3.84680e-02,9.99999e-01,3.84693e-02,9.99999e-01,9.99965e-01
1.102785531e+01,2.85731e-02,9.99999e-01,2.85741e-02,9.99999e-01,9.99964e-01
1.108299459e+01,1.55809e-01,9.99999e-01,1.55814e-01,9.99999e-01,9.99964e-01
1.113840956e+01,3.79068e-01,9.99999e-01,3.79081e-01,9.99999e-01,9.99963e-01
1.119410161e+01,4.70770e-01,9.99999e-01,4.70786e-01,9.99999e-01,9.99963e-01
1.125007212e+01,3.56315e-01,9.99999e-01,3.56328e-01,9.99999e-01,9.99962e-01
1.130632248e+01,3.10679e-01,9.99999e-01,3.10690e-01,9.99999e-01,9.99962e-01
1.136285409e+01,4.20172e-01,9.99999e-01,4.20188e-01,9.99999e-01,9.99961e-01
1.141966836e+01,4.55950e-01,9.99999e-01,4.55968e-01,9.99999e-01,9.99961e-01
1.147676670e+01,3.83481e-01,9.99999e-01,3.83496e-01,9.99999e-01,9.99960e-01
1.153415054e+01,1.67494e-01,9.99999e-01,1.67501e-01,9.99999e-01,9.99960e-01
1.159182129e+01,1.12579e-01,9.99999e-01,1.12584e-01,9.99999e-01,9.99959e-01
1.164978039e+01,3.12440e-02,9.99999e-01,3.12453e-02,9.99999e-01,9.99959e-01
1.170802930e+01,9.21848e-03,9.99999e-01,9.21886e-03,9.99999e-01,9.99958e-01
1.176656944e+01,5.93806e-02,9.99999e-01,5.93831e-02,9.99999e-01,9.99958e-01
1.182540229e+01,1.80275e-01,9.99999e-01,1.80283e-01,9.99999e-01,9.99957e-01
1.188452930e+01,1.82409e-01,9.99999e-01,1.82417e-01,9.99999e-01,9.99956e-01
1.194395195e+01,2.34524e-01,9.99999e-01,2.34534e-01,9.99999e-01,9.99956e-01
1.200367171e+01,3.19829e-01,9.99999e-01,3.19843e-01,9.99999e-01,9.99955e-01
1.206369007e+01,1.91656e-01,9.99999e-01,1.91665e-01,9.99999e-01,9.99954e-01
1.212400852e+01,3.06475e-01,9.99999e-01,3.06489e-01,9.99999e-01,9.99953e-01
1.218462856e+01,3.00207e-01,9.99999e-01,3.00221e-01,9.99999e-01,9.99953e-01
1.224555170e+01,7.35489e-02,9.99999e-01,7.35524e-02,9.99999e-01,9.99952e-01
1.230677946e+01,4.95787e-02,9.99999e-01,4.95810e-02,9.99999e-01,9.99951e-01
1.236831336e+01,5.00775e-03,9.99999e-01,5.00800e-03,9.99999e-01,9.99950e-01
1.243015492e+01,1.65993e-03,9.99999e-01,1.66002e-03,9.99999e-01,9.99949e-01
1.249230570e+01,1.90517e-03,9.99999e-01,1.90527e-03,9.99999e-01,9.99948e-01
1.255476723e+01,4.96753e-03,9.99999e-01,4.96779e-03,9.99999e-01,9.99947e-01
1.261754106e+01,5.10257e-02,9.99999e-01,5.10285e-02,9.99999e-01,9.99945e-01
1.268062877e+01,1.34148e-01,9.99999e-01,1.34155e-01,9.99999e-01,9.99944e-01
1.274403191e+01,9.99501e-02,9.99999e-01,9.99557e-02,9.99999e-01,9.99943e-01
1.280775207e+01,1.68092e-01,9.99999e-01,1.68101e-01,9.99999e-01,9.99941e-01
1.287179083e+01,9.06302e-02,9.99999e-01,9.06355e-02,9.99999e-01,9.99940e-01
1.293614979e+01,1.20378e-01,9.99999e-01,1.20385e-01,9.99999e-01,9.99939e-01
1.300083054e+01,2.29321e-02,9.99999e-01,2.29335e-02,9.99999e-01,9.99937e-01
1.306583469e+01,2.93288e-02,9.99999e-01,2.93306e-02,9.99999e-01,9.99935e-01
1.313116386e+01,2.47012e-02,9.99999e-01,2.47028e-02,9.99999e-01,9.99934e-01
1.319681968e+01,1.47145e-02,9.99999e-01,1.47155e-02,9.99999e-01,9.99932e-01
1.326280378e+01,6.43360e-04,9.99999e-01,6.43404e-04,9.99999e-01,9.99930e-01
1.332911780e+01,1.37162e-03,9.99999e-01,1.37171e-03,9.99999e-01,9.99929e-01
1.339576339e+01,4.47248e-04,9.99999e-01,4.47281e-04,9.99999e-01,9.99927e-01
1.346274221e+01,1.60408e-05,9.99999e-01,1.60420e-05,9.99999e-01,9.99924e-01
1.353005592e+01,3.77262e-03,9.99999e-01,3.77291e-03,9.99999e-01,9.99922e-01
1.359770620e+01,7.88750e-03,9.99999e-01,7.88813e-03,9.99999e-01,9.99920e-01
1.366569473e+01,5.96066e-03,9.99999e-01,5.96114e-03,9.99999e-01,9.99918e-01
1.373402320e+01,2.63943e-02,9.99999e-01,2.63965e-02,9.99999e-01,9.99915e-01
1.380269332e+01,4.08854e-02,9.99999e-01,4.08889e-02,9.99999e-01,9.99913e-01
1.387170678e+01,1.22547e-02,9.99999e-01,1.22558e-02,9.99999e-01,9.99910e-01
1.394106532e+01,6.98605e-03,9.99999e-01,6.98669e-03,9.99999e-01,9.99907e-01
1.401077064e+01,1.58508e-03,9.99999e-01,1.58523e-03,9.99999e-01,9.99904e-01
1.408082450e+01,2.14173e-03,9.99999e-01,2.14194e-03,9.99999e-01,9.99901e-01
1.415122862e+01,6.19016e-05,9.99999e-01,6.19078e-05,9.99999e-01,9.99898e-01
1.422198476e+01,3.79254e-06,9.99999e-01,3.79294e-06,9.99999e-01,9.99895e-01
1.429309469e+01,1.16336e-05,9.99999e-01,1.16348e-05,9.99999e-01,9.99892e-01
1.436456016e+01,6.15602e-07,9.99999e-01,6.15671e-07,9.99999e-01,9.99888e-01
1.443638296e+01,9.02738e-08,9.99999e-01,9.02841e-08,9.99999e-01,9.99884e-01
1.450856487e+01,1.96650e-06,9.99999e-01,1.96673e-06,9.99999e-01,9.99881e-01
1.458110770e+01,2.75704e-04,9.99999e-01,2.75738e-04,9.99999e-01,9.99876e-01
1.465401324e+01,1.05499e-03,9.99999e-01,1.05512e-03,9.99999e-01,9.99872e-01
1.472728330e+01,1.05267e-03,9.99999e-01,1.05280e-03,9.99999e-01,9.99868e-01
1.480091972e+01,1.27050e-04,9.99999e-01,1.27068e-04,9.99999e-01,9.99863e-01
1.487492432e+01,4.34868e-07,9.99999e-01,4.34929e-07,9.99999e-01,9.99859e-01
1.494929894e+01,6.34453e-06,9.99999e-01,6.34545e-06,9.99999e-01,9.99854e-01
1.502404544e+01,1.46624e-04,9.99999e-01,1.46646e-04,9.99999e-01,9.99848e-01
1.509916566e+01,2.39760e-04,9.99999e-01,2.39797e-04,9.99999e-01,9.99843e-01
1.517466149e+01,4.25434e-05,9.99999e-01,4.25503e-05,9.99999e-01,9.99837e-01
1.525053480e+01,2.86347e-04,9.99999e-01,2.86395e-04,9.99999e-01,9.99831e-01
1.532678747e+01,1.79160e-05,9.99999e-01,1.79191e-05,9.99999e-01,9.99825e-01
1.540342141e+01,3.75597e-06,9.99999e-01,3.75664e-06,9.99999e-01,9.99819e-01
1.548043852e+01,7.01189e-07,9.99999e-01,7.01320e-07,9.99999e-01,9.99812e-01
1.555784071e+01,3.37214e-09,9.99999e-01,3.37280e-09,9.99999e-01,9.99805e-01
1.563562991e+01,3.12754e-12,9.99999e-01,3.12817e-12,9.99999e-01,9.99798e-01
1.571380806e+01,1.12569e-12,9.99999e-01,1.12592e-12,9.99999e-01,9.99791e-01
1.579237710e+01,1.06413e-09,9.99999e-01,1.06436e-09,9.99999e-01,9.99783e-01
1.587133899e+01,7.84617e-08,9.99999e-01,7.84792e-08,9.99999e-01,9.99775e-01
1.595069568e+01,3.94349e-09,9.99999e-01,3.94440e-09,9.99999e-01,9.99766e-01
1.603044916e+01,1.58159e-11,9.99999e-01,1.58197e-11,9.99999e-01,9.99757e-01
1.611060141e+01,1.08273e-11,9.99999e-01,1.08300e-11,9.99999e-01,9.99748e-01
1.619115441e+01,5.84030e-11,9.99999e-01,5.84183e-11,9.99999e-01,9.99738e-01
1.627211019e+01,3.12343e-12,9.99999e-01,3.12428e-12,9.99999e-01,9.99728e-01
1.635347074e+01,4.04957e-11,9.99999e-01,4.05071e-11,9.99999e-01,9.99717e-01
1.643523809e+01,2.79987e-11,9.99999e-01,2.80069e-11,9.99999e-01,9.99706e-01
1.651741428e+01,1.49778e-12,9.99999e-01,1.49824e-12,9.99999e-01,9.99695e-01
1.660000135e+01,1.50175e-15,9.99999e-01,1.50222e-15,9.99999e-01,9.99683e-01
1.668300136e+01,3.21215e-16,9.99999e-01,3.21320e-16,9.99999e-01,9.99671e-01
1.676641637e+01,9.78612e-14,9.99999e-01,9.78945e-14,9.99999e-01,9.99659e-01
1.685024845e+01,2.24803e-14,9.99999e-01,2.24883e-14,9.99999e-01,9.99646e-01
1.693449969e+01,1.97266e-17,9.99999e-01,1.97338e-17,9.99999e-01,9.99634e-01
1.701917219e+01,6.81308e-19,9.99999e-01,6.81567e-19,9.99999e-01,9.99620e-01
1.710426805e+01,4.21726e-24,9.99999e-01,4.21892e-24,9.99999e-01,9.99605e-01
1.718978939e+01,6.80278e-26,9.99999e-01,6.80556e-26,9.99999e-01,9.99591e-01
1.727573834e+01,3.55209e-26,9.99999e-01,3.55360e-26,9.99999e-01,9.99575e-01
1.736211703e+01,1.08993e-28,9.99999e-01,1.09041e-28,9.99999e-01,9.99559e-01
1.744892761e+01,1.20935e-24,9.99999e-01,1.20990e-24,9.99999e-01,9.99542e-01
1.753617225e+01,4.46985e-20,9.99999e-01,4.47197e-20,9.99999e-01,9.99525e-01
1.762385311e+01,3.79989e-19,9.99999e-01,3.80176e-19,9.99999e-01,9.99506e-01
1.771197238e+01,4.27397e-21,9.99999e-01,4.27616e-21,9.99999e-01,9.99488e-01
1.780053224e+01,4.20686e-22,9.99999e-01,4.20909e-22,9.99999e-01,9.99469e-01
1.788953490e+01,2.57647e-24,9.99999e-01,2.57789e-24,9.99999e-01,9.99449e-01
1.797898258e+01,4.86097e-27,9.99999e-01,4.86376e-27,9.99999e-01,9.99427e-01
1.806887749e+01,5.12152e-28,9.99999e-01,5.12457e-28,9.99999e-01,9.99405e-01
1.815922188e+01,3.34674e-37,9.99999e-01,3.34880e-37,9.99999e-01,9.99382e-01
1.825001799e+01,3.13784e-28,9.99999e-01,3.13985e-28,9.99999e-01,9.99357e-01
1.834126808e+01,6.53630e-27,9.99999e-01,6.54066e-27,9.99999e-01,9.99332e-01
1.843297442e+01,3.40456e-27,9.99999e-01,3.40692e-27,9.99999e-01,9.99306e-01
1.852513929e+01,2.23593e-36,9.99999e-01,2.23754e-36,9.99999e-01,9.99280e-01
1.861776499e+01,3.21547e-43,9.99999e-01,3.21788e-43,9.99999e-01,9.99252e-01
1.871085381e+01,9.64687e-35,9.99999e-01,9.65436e-35,9.99999e-01,9.99223e-01
1.880440808e+01,6.48760e-29,9.99999e-01,6.49282e-29,9.99999e-01,9.99194e-01
1.889843012e+01,4.52890e-30,9.99999e-01,4.53269e-30,9.99999e-01,9.99164e-01
1.899292227e+01,1.18649e-40,9.99999e-01,1.18752e-40,9.99999e-01,9.99132e-01
1.908788688e+01,7.36016e-39,9.99999e-01,7.36679e-39,9.99999e-01,9.99099e-01
1.918332632e+01,1.53615e-39,9.99999e-01,1.53759e-39,9.99999e-01,9.99066e-01
1.927924295e+01,6.74173e-61,9.99999e-01,6.74825e-61,9.99999e-01,9.99032e-01
1.937563916e+01,8.36515e-75,9.99999e-01,8.37354e-75,9.99999e-01,9.98997e-01
1.947251736e+01,5.66243e-76,9.99999e-01,5.66830e-76,9.99999e-01,9.98962e-01
1.956987994e+01,6.25384e-73,9.99999e-01,6.26055e-73,9.99999e-01,9.98927e-01
1.966772934e+01,2.67686e-60,9.99999e-01,2.67985e-60,9.99999e-01,9.98886e-01
1.976606799e+01,1.27995e-58,9.99999e-01,1.28143e-58,9.99999e-01,9.98843e-01
1.986489833e+01,6.36398e-63,9.99999e-01,6.37162e-63,9.99999e-01,9.98800e-01
1.996422282e+01,6.94010e-59,9.99999e-01,6.94874e-59,9.99999e-01,9.98756e-01
