#,Wave/freq,Total,O2,H2O,Rayleigh,CIA
4.000000000e-01,9.99899e-01,9.99999e-01,9.99985e-01,9.99913e-01,9.99999e-01
4.020000000e-01,9.99906e-01,9.99999e-01,9.99990e-01,9.99915e-01,9.99999e-01
4.040100000e-01,9.99913e-01,9.99999e-01,9.99995e-01,9.99917e-01,9.99999e-01
4.060300500e-01,9.99917e-01,9.99999e-01,9.99998e-01,9.99918e-01,9.99999e-01
4.080602003e-01,9.99920e-01,9.99999e-01,9.99999e-01,9.99920e-01,9.99999e-01
4.101005013e-01,9.99921e-01,9.99999e-01,9.99999e-01,9.99921e-01,9.99999e-01
4.121510038e-01,9.99922e-01,9.99999e-01,9.99998e-01,9.99923e-01,9.99999e-01
4.142117588e-01,9.99920e-01,9.99999e-01,9.99995e-01,9.99924e-01,9.99999e-01
4.162828176e-01,9.99908e-01,9.99999e-01,9.99981e-01,9.99926e-01,9.99999e-01
4.183642317e-01,9.99917e-01,9.99999e-01,9.99988e-01,9.99927e-01,9.99999e-01
4.204560528e-01,9.99922e-01,9.99999e-01,9.99993e-01,9.99929e-01,9.99999e-01
4.225583331e-01,9.99928e-01,9.99999e-01,9.99997e-01,9.99930e-01,9.99999e-01
4.246711247e-01,9.99930e-01,9.99999e-01,9.99997e-01,9.99932e-01,9.99999e-01
4.267944804e-01,9.99930e-01,9.99999e-01,9.99996e-01,9.99933e-01,9.99999e-01
4.289284528e-01,9.99932e-01,9.99999e-01,9.99997e-01,9.99934e-01,9.99999e-01
4.310730950e-01,9.99934e-01,9.99999e-01,9.99998e-01,9.99935e-01,9.99999e-01
4.332284605e-01,9.99936e-01,9.99999e-01,9.99999e-01,9.99937e-01,9.99999e-01
4.353946028e-01,9.99938e-01,9.99999e-01,9.99999e-01,9.99938e-01,9.99999e-01
4.375715758e-01,9.99937e-01,9.99999e-01,9.99997e-01,9.99939e-01,9.99999e-01
4.397594337e-01,9.99924e-01,9.99999e-01,9.99983e-01,9.99940e-01,9.99999e-01
4.419582309e-01,9.99860e-01,9.99999e-01,9.99917e-01,9.99941e-01,9.99999e-01
4.441680220e-01,9.99881e-01,9.99999e-01,9.99937e-01,9.99943e-01,9.99999e-01
4.463888621e-01,9.99879e-01,9.99999e-01,9.99934e-01,9.99944e-01,9.99999e-01
4.486208064e-01,9.99905e-01,9.99999e-01,9.99959e-01,9.99945e-01,9.99999e-01
4.508639105e-01,9.99927e-01,9.99999e-01,9.99980e-01,9.99946e-01,9.99999e-01
4.531182300e-01,9.99940e-01,9.99999e-01,9.99992e-01,9.99947e-01,9.99999e-01
4.553838212e-01,9.99943e-01,9.99999e-01,9.99994e-01,9.99948e-01,9.99999e-01
4.576607403e-01,9.99947e-01,9.99999e-01,9.99997e-01,9.99949e-01,9.99999e-01
4.599490440e-01,9.99948e-01,9.99999e-01,9.99997e-01,9.99950e-01,9.99999e-01
4.622487892e-01,9.99951e-01,9.99999e-01,9.99999e-01,9.99951e-01,9.99999e-01
4.645600332e-01,9.99951e-01,9.99999e-01,9.99998e-01,9.99952e-01,9.99999e-01
4.668828333e-01,9.99934e-01,9.99999e-01,9.99980e-01,9.99953e-01,9.99999e-01
4.692172475e-01,9.99913e-01,9.99999e-01,9.99958e-01,9.99954e-01,9.99999e-01
4.715633337e-01,9.99928e-01,9.99999e-01,9.99972e-01,9.99955e-01,9.99999e-01
4.739211504e-01,9.99930e-01,9.99999e-01,9.99974e-01,9.99955e-01,9.99999e-01
4.762907561e-01,9.99943e-01,9.99999e-01,9.99986e-01,9.99956e-01,9.99999e-01
4.786722099e-01,9.99952e-01,9.99999e-01,9.99994e-01,9.99957e-01,9.99999e-01
4.810655710e-01,9.99956e-01,9.99999e-01,9.99997e-01,9.99958e-01,9.99999e-01
4.834708988e-01,9.99943e-01,9.99999e-01,9.99983e-01,9.99959e-01,9.99999e-01
4.858882533e-01,9.99931e-01,9.99999e-01,9.99970e-01,9.99960e-01,9.99999e-01
4.883176946e-01,9.99936e-01,9.99999e-01,9.99975e-01,9.99960e-01,9.99999e-01
4.907592831e-01,9.99939e-01,9.99999e-01,9.99977e-01,9.99961e-01,9.99999e-01
4.932130795e-01,9.99946e-01,9.99999e-01,9.99984e-01,9.99962e-01,9.99999e-01
4.956791449e-01,9.99954e-01,9.99999e-01,9.99991e-01,9.99963e-01,9.99999e-01
4.981575406e-01,9.99922e-01,9.99999e-01,9.99958e-01,9.99963e-01,9.99999e-01
5.006483283e-01,9.99856e-01,9.99999e-01,9.99891e-01,9.99964e-01,9.99999e-01
5.031515699e-01,9.99425e-01,9.99999e-01,9.99459e-01,9.99965e-01,9.99999e-01
5.056673278e-01,9.99682e-01,9.99999e-01,9.99715e-01,9.99965e-01,9.99999e-01
5.081956644e-01,9.99609e-01,9.99999e-01,9.99642e-01,9.99966e-01,9.99999e-01
5.107366428e-01,9.99726e-01,9.99999e-01,9.99758e-01,9.99967e-01,9.99999e-01
5.132903260e-01,9.99830e-01,9.99999e-01,9.99862e-01,9.99967e-01,9.99999e-01
5.158567776e-01,9.99910e-01,9.99999e-01,9.99941e-01,9.99968e-01,9.99999e-01
5.184360615e-01,9.99945e-01,9.99999e-01,9.99976e-01,9.99969e-01,9.99999e-01
5.210282418e-01,9.99960e-01,9.99999e-01,9.99990e-01,9.99969e-01,9.99999e-01
5.236333830e-01,9.99935e-01,9.99999e-01,9.99964e-01,9.99970e-01,9.99999e-01
5.262515499e-01,9.99948e-01,9.99999e-01,9.99977e-01,9.99970e-01,9.99999e-01
5.288828077e-01,9.99951e-01,9.99999e-01,9.99979e-01,9.99971e-01,9.99999e-01
5.315272217e-01,9.99954e-01,9.99999e-01,9.99981e-01,9.99971e-01,9.99999e-01
5.341848578e-01,9.99960e-01,9.99999e-01,9.99987e-01,9.99972e-01,9.99999e-01
5.368557821e-01,9.99931e-01,9.99999e-01,9.99958e-01,9.99973e-01,9.99999e-01
5.395400610e-01,9.99823e-01,9.99999e-01,9.99849e-01,9.99973e-01,9.99999e-01
5.422377613e-01,9.99784e-01,9.99999e-01,9.99809e-01,9.99974e-01,9.99999e-01
5.449489501e-01,9.99796e-01,9.99999e-01,9.99821e-01,9.99974e-01,9.99999e-01
5.476736949e-01,9.99819e-01,9.99999e-01,9.99843e-01,9.99975e-01,9.99999e-01
5.504120634e-01,9.99862e-01,9.99999e-01,9.99886e-01,9.99975e-01,9.99999e-01
5.531641237e-01,9.99919e-01,9.99999e-01,9.99942e-01,9.99976e-01,9.99999e-01
5.559299443e-01,9.99949e-01,9.99999e-01,9.99972e-01,9.99976e-01,9.99999e-01
5.587095940e-01,9.99959e-01,9.99999e-01,9.99982e-01,9.99976e-01,9.99999e-01
5.615031420e-01,9.99958e-01,9.99999e-01,9.99980e-01,9.99977e-01,9.99999e-01
5.643106577e-01,9.99955e-01,9.99999e-01,9.99977e-01,9.99977e-01,9.99999e-01
5.671322110e-01,9.99705e-01,9.99999e-01,9.99726e-01,9.99978e-01,9.99999e-01
5.699678720e-01,9.99699e-01,9.99999e-01,9.99719e-01,9.99978e-01,9.99999e-01
5.728177114e-01,9.99683e-01,9.99999e-01,9.99703e-01,9.99979e-01,9.99999e-01
5.756818000e-01,9.99708e-01,9.99999e-01,9.99728e-01,9.99979e-01,9.99999e-01
5.785602090e-01,9.99744e-01,9.99999e-01,9.99764e-01,9.99979e-01,9.99999e-01
5.814530100e-01,9.99743e-01,9.99999e-01,9.99762e-01,9.99980e-01,9.99999e-01
5.843602750e-01,9.99695e-01,9.99999e-01,9.99714e-01,9.99980e-01,9.99999e-01
5.872820764e-01,9.97522e-01,9.99999e-01,9.97540e-01,9.99981e-01,9.99999e-01
5.902184868e-01,9.97040e-01,9.99999e-01,9.97058e-01,9.99981e-01,9.99999e-01
5.931695792e-01,9.97894e-01,9.99999e-01,9.97912e-01,9.99981e-01,9.99999e-01
5.961354271e-01,9.97701e-01,9.99999e-01,9.97719e-01,9.99982e-01,9.99999e-01
5.991161043e-01,9.98322e-01,9.99999e-01,9.98339e-01,9.99982e-01,9.99999e-01
6.021116848e-01,9.99042e-01,9.99999e-01,9.99058e-01,9.99982e-01,9.99999e-01
6.051222432e-01,9.99507e-01,9.99999e-01,9.99523e-01,9.99983e-01,9.99999e-01
6.081478544e-01,9.99778e-01,9.99999e-01,9.99794e-01,9.99983e-01,9.99999e-01
6.111885937e-01,9.99897e-01,9.99999e-01,9.99912e-01,9.99983e-01,9.99999e-01
6.142445367e-01,9.99945e-01,9.99999e-01,9.99960e-01,9.99984e-01,9.99999e-01
6.173157594e-01,9.99962e-01,9.99999e-01,9.99978e-01,9.99984e-01,9.99999e-01
6.204023382e-01,9.99966e-01,9.99999e-01,9.99981e-01,9.99984e-01,9.99999e-01
6.235043498e-01,9.99902e-01,9.99999e-01,9.99917e-01,9.99984e-01,9.99999e-01
6.266218716e-01,9.99560e-01,9.99999e-01,9.99574e-01,9.99985e-01,9.99999e-01
6.297549810e-01,9.99829e-01,9.99999e-01,9.99843e-01,9.99985e-01,9.99999e-01
6.329037559e-01,9.99679e-01,9.99999e-01,9.99693e-01,9.99985e-01,9.99999e-01
6.360682746e-01,9.99723e-01,9.99999e-01,9.99736e-01,9.99986e-01,9.99999e-01
6.392486160e-01,9.99646e-01,9.99999e-01,9.99660e-01,9.99986e-01,9.99999e-01
6.424448591e-01,9.99527e-01,9.99999e-01,9.99540e-01,9.99986e-01,9.99999e-01
6.456570834e-01,9.97853e-01,9.99999e-01,9.97866e-01,9.99986e-01,9.99999e-01
6.488853688e-01,9.98448e-01,9.99999e-01,9.98461e-01,9.99987e-01,9.99999e-01
6.521297956e-01,9.98419e-01,9.99999e-01,9.98431e-01,9.99987e-01,9.99999e-01
6.553904446e-01,9.98417e-01,9.99999e-01,9.98429e-01,9.99987e-01,9.99999e-01
6.586673968e-01,9.98650e-01,9.99999e-01,9.98662e-01,9.99987e-01,9.99999e-01
6.619607338e-01,9.99243e-01,9.99999e-01,9.99254e-01,9.99988e-01,9.99999e-01
6.652705375e-01,9.99541e-01,9.99999e-01,9.99552e-01,9.99988e-01,9.99999e-01
6.685968902e-01,9.99798e-01,9.99999e-01,9.99809e-01,9.99988e-01,9.99999e-01
6.719398746e-01,9.99892e-01,9.99999e-01,9.99903e-01,9.99988e-01,9.99999e-01
6.752995740e-01,9.99938e-01,9.99999e-01,9.99948e-01,9.99988e-01,9.99999e-01
6.786760719e-01,9.99912e-01,9.99999e-01,9.99923e-01,9.99989e-01,9.99999e-01
6.820694522e-01,9.99858e-01,9.99999e-01,9.99868e-01,9.99989e-01,9.99999e-01
6.854797995e-01,9.99822e-01,9.99999e-01,9.99832e-01,9.99989e-01,9.99999e-01
6.889071985e-01,9.99446e-01,9.99999e-01,9.99456e-01,9.99989e-01,9.99999e-01
6.923517345e-01,9.93311e-01,9.99999e-01,9.93320e-01,9.99989e-01,9.99999e-01
6.958134932e-01,9.96623e-01,9.99999e-01,9.96633e-01,9.99990e-01,9.99999e-01
6.992925606e-01,9.96701e-01,9.99999e-01,9.96710e-01,9.99990e-01,9.99999e-01
7.027890234e-01,9.95975e-01,9.99999e-01,9.95984e-01,9.99990e-01,9.99999e-01
7.063029686e-01,9.96610e-01,9.99999e-01,9.96619e-01,9.99990e-01,9.99999e-01
7.098344834e-01,9.96748e-01,9.99999e-01,9.96756e-01,9.99990e-01,9.99999e-01
7.133836558e-01,9.95592e-01,9.99999e-01,9.95601e-01,9.99991e-01,9.99999e-01
7.169505741e-01,9.65323e-01,9.99999e-01,9.65331e-01,9.99991e-01,9.99999e-01
7.205353270e-01,9.83327e-01,9.99999e-01,9.83335e-01,9.99991e-01,9.99999e-01
7.241380036e-01,9.78404e-01,9.99999e-01,9.78413e-01,9.99991e-01,9.99999e-01
7.277586936e-01,9.80519e-01,9.99999e-01,9.80527e-01,9.99991e-01,9.99999e-01
7.313974871e-01,9.79497e-01,9.99999e-01,9.79504e-01,9.99991e-01,9.99999e-01
7.350544745e-01,9.88727e-01,9.99999e-01,9.88734e-01,9.99991e-01,9.99999e-01
7.387297469e-01,9.91704e-01,9.99999e-01,9.91711e-01,9.99992e-01,9.99999e-01
7.424233956e-01,9.95943e-01,9.99999e-01,9.95951e-01,9.99992e-01,9.99999e-01
7.461355126e-01,9.97532e-01,9.99999e-01,9.97539e-01,9.99992e-01,9.99999e-01
7.498661902e-01,9.98851e-01,9.99999e-01,9.98858e-01,9.99992e-01,9.99999e-01
7.536155211e-01,9.99430e-01,9.99999e-01,9.99437e-01,9.99992e-01,9.99999e-01
7.573835987e-01,9.99703e-01,9.99999e-01,9.99710e-01,9.99992e-01,9.99999e-01
7.611705167e-01,9.99813e-01,9.99999e-01,9.99819e-01,9.99992e-01,9.99999e-01
7.649763693e-01,9.99880e-01,9.99999e-01,9.99886e-01,9.99993e-01,9.99999e-01
7.688012511e-01,9.99914e-01,9.99999e-01,9.99920e-01,9.99993e-01,9.99999e-01
7.726452574e-01,9.99928e-01,9.99999e-01,9.99934e-01,9.99993e-01,9.99999e-01
7.765084837e-01,9.99900e-01,9.99999e-01,9.99906e-01,9.99993e-01,9.99999e-01
7.803910261e-01,9.99590e-01,9.99999e-01,9.99596e-01,9.99993e-01,9.99999e-01
7.842929812e-01,9.98585e-01,9.99999e-01,9.98591e-01,9.99993e-01,9.99999e-01
7.882144461e-01,9.97127e-01,9.99999e-01,9.97133e-01,9.99993e-01,9.99999e-01
7.921555184e-01,9.98433e-01,9.99999e-01,9.98438e-01,9.99993e-01,9.99999e-01
7.961162960e-01,9.97191e-01,9.99999e-01,9.97197e-01,9.99994e-01,9.99999e-01
8.000968774e-01,9.96784e-01,9.99999e-01,9.96789e-01,9.99994e-01,9.99999e-01
8.040973618e-01,9.96776e-01,9.99999e-01,9.96782e-01,9.99994e-01,9.99999e-01
8.081178486e-01,9.92686e-01,9.99999e-01,9.92692e-01,9.99994e-01,9.99999e-01
8.121584379e-01,9.69892e-01,9.99999e-01,9.69897e-01,9.99994e-01,9.99999e-01
8.162192301e-01,9.64821e-01,9.99999e-01,9.64826e-01,9.99994e-01,9.99999e-01
8.203003262e-01,9.81810e-01,9.99999e-01,9.81815e-01,9.99994e-01,9.99998e-01
8.244018279e-01,9.75507e-01,9.99999e-01,9.75512e-01,9.99994e-01,9.99998e-01
8.285238370e-01,9.78697e-01,9.99999e-01,9.78702e-01,9.99994e-01,9.99999e-01
8.326664562e-01,9.78581e-01,9.99999e-01,9.78586e-01,9.99994e-01,9.99999e-01
8.368297885e-01,9.84713e-01,9.99999e-01,9.84717e-01,9.99995e-01,9.99999e-01
8.410139374e-01,9.90898e-01,9.99999e-01,9.90903e-01,9.99995e-01,9.99999e-01
8.452190071e-01,9.95535e-01,9.99999e-01,9.95539e-01,9.99995e-01,9.99999e-01
8.494451021e-01,9.97393e-01,9.99999e-01,9.97397e-01,9.99995e-01,9.99999e-01
8.536923276e-01,9.98463e-01,9.99999e-01,9.98467e-01,9.99995e-01,9.99999e-01
8.579607893e-01,9.99048e-01,9.99999e-01,9.99052e-01,9.99995e-01,9.99999e-01
8.622505932e-01,9.99395e-01,9.99999e-01,9.99399e-01,9.99995e-01,9.99999e-01
8.665618462e-01,9.99622e-01,9.99999e-01,9.99626e-01,9.99995e-01,9.99999e-01
8.708946554e-01,9.99567e-01,9.99999e-01,9.99571e-01,9.99995e-01,9.99999e-01
8.752491287e-01,9.99423e-01,9.99999e-01,9.99427e-01,9.99995e-01,9.99999e-01
8.796253743e-01,9.99199e-01,9.99999e-01,9.99203e-01,9.99995e-01,9.99999e-01
8.840235012e-01,9.99087e-01,9.99999e-01,9.99091e-01,9.99995e-01,9.99999e-01
8.884436187e-01,9.96593e-01,9.99999e-01,9.96597e-01,9.99995e-01,9.99999e-01
8.928858368e-01,9.65259e-01,9.99999e-01,9.65263e-01,9.99996e-01,9.99999e-01
8.973502660e-01,9.40056e-01,9.99999e-01,9.40060e-01,9.99996e-01,9.99998e-01
9.018370173e-01,9.69270e-01,9.99999e-01,9.69274e-01,9.99996e-01,9.99998e-01
9.063462024e-01,9.72319e-01,9.99999e-01,9.72323e-01,9.99996e-01,9.99998e-01
9.108779334e-01,9.57456e-01,9.99999e-01,9.57460e-01,9.99996e-01,9.99998e-01
9.154323231e-01,9.51971e-01,9.99999e-01,9.51975e-01,9.99996e-01,9.99998e-01
9.200094847e-01,9.62293e-01,9.99999e-01,9.62297e-01,9.99996e-01,9.99997e-01
9.246095321e-01,9.39539e-01,9.99999e-01,9.39545e-01,9.99996e-01,9.99996e-01
9.292325798e-01,6.62785e-01,9.99999e-01,6.62790e-01,9.99996e-01,9.99993e-01
9.338787427e-01,5.91718e-01,9.99999e-01,5.91724e-01,9.99996e-01,9.99991e-01
9.385481364e-01,8.10032e-01,9.99999e-01,8.10040e-01,9.99996e-01,9.99991e-01
9.432408771e-01,7.41583e-01,9.99999e-01,7.41591e-01,9.99996e-01,9.99990e-01
9.479570815e-01,6.60666e-01,9.99999e-01,6.60673e-01,9.99996e-01,9.99992e-01
9.526968669e-01,7.36937e-01,9.99999e-01,7.36943e-01,9.99996e-01,9.99993e-01
9.574603512e-01,7.56317e-01,9.99999e-01,7.56322e-01,9.99996e-01,9.99995e-01
9.622476530e-01,7.97821e-01,9.99999e-01,7.97825e-01,9.99996e-01,9.99996e-01
9.670588912e-01,8.77794e-01,9.99999e-01,8.77798e-01,9.99996e-01,9.99997e-01
9.718941857e-01,9.21807e-01,9.99999e-01,9.21810e-01,9.99997e-01,9.99998e-01
9.767536566e-01,9.34635e-01,9.99999e-01,9.34638e-01,9.99997e-01,9.99998e-01
9.816374249e-01,9.51344e-01,9.99999e-01,9.51347e-01,9.99997e-01,9.99999e-01
9.865456120e-01,9.69342e-01,9.99999e-01,9.69345e-01,9.99997e-01,9.99999e-01
9.914783401e-01,9.80933e-01,9.99999e-01,9.80935e-01,9.99997e-01,9.99999e-01
9.964357318e-01,9.89574e-01,9.99999e-01,9.89576e-01,9.99997e-01,9.99999e-01
1.001417910e+00,9.93744e-01,9.99999e-01,9.93747e-01,9.99997e-01,9.99999e-01
1.006425000e+00,9.96418e-01,9.99999e-01,9.96420e-01,9.99997e-01,9.99999e-01
1.011457125e+00,9.97782e-01,9.99999e-01,9.97784e-01,9.99997e-01,9.99999e-01
1.016514411e+00,9.98490e-01,9.99999e-01,9.98492e-01,9.99997e-01,9.99999e-01
1.021596983e+00,9.98795e-01,9.99999e-01,9.98797e-01,9.99997e-01,9.99999e-01
1.026704968e+00,9.99059e-01,9.99999e-01,9.99061e-01,9.99997e-01,9.99999e-01
1.031838492e+00,9.99317e-01,9.99999e-01,9.99319e-01,9.99997e-01,9.99999e-01
1.036997685e+00,9.99592e-01,9.99999e-01,9.99594e-01,9.99997e-01,9.99999e-01
1.042182673e+00,9.99512e-01,9.99999e-01,9.99514e-01,9.99997e-01,9.99999e-01
1.047393587e+00,9.99355e-01,9.99999e-01,9.99357e-01,9.99997e-01,9.99999e-01
1.052630555e+00,9.99115e-01,9.99999e-01,9.99117e-01,9.99997e-01,9.99999e-01
1.057893707e+00,9.98521e-01,9.99999e-01,9.98523e-01,9.99997e-01,9.99999e-01
1.063183176e+00,9.97572e-01,9.99999e-01,9.97573e-01,9.99997e-01,9.99999e-01
1.068499092e+00,9.95946e-01,9.99999e-01,9.95947e-01,9.99997e-01,9.99999e-01
1.073841587e+00,9.95243e-01,9.99999e-01,9.95244e-01,9.99997e-01,9.99999e-01
1.079210795e+00,9.93937e-01,9.99999e-01,9.93938e-01,9.99997e-01,9.99999e-01
1.084606849e+00,9.90811e-01,9.99999e-01,9.90813e-01,9.99997e-01,9.99999e-01
1.090029883e+00,9.86700e-01,9.99999e-01,9.86702e-01,9.99997e-01,9.99999e-01
1.095480033e+00,9.64286e-01,9.99999e-01,9.64288e-01,9.99997e-01,9.99998e-01
1.100957433e+00,9.11659e-01,9.99999e-01,9.11662e-01,9.99998e-01,9.99997e-01
1.106462220e+00,7.89332e-01,9.99999e-01,7.89335e-01,9.99998e-01,9.99996e-01
1.111994531e+00,6.09780e-01,9.99999e-01,6.09785e-01,9.99998e-01,9.99992e-01
1.117554504e+00,4.49163e-01,9.99999e-01,4.49168e-01,9.99998e-01,9.99989e-01
1.123142276e+00,5.55239e-01,9.99999e-01,5.55246e-01,9.99998e-01,9.99988e-01
1.128757988e+00,6.85428e-01,9.99999e-01,6.85438e-01,9.99998e-01,9.99987e-01
1.134401778e+00,4.32052e-01,9.99999e-01,4.32058e-01,9.99998e-01,9.99985e-01
1.140073787e+00,7.98670e-01,9.99999e-01,7.98680e-01,9.99998e-01,9.99988e-01
1.145774156e+00,6.26206e-01,9.99999e-01,6.26213e-01,9.99998e-01,9.99989e-01
1.151503026e+00,5.92544e-01,9.99999e-01,5.92549e-01,9.99998e-01,9.99991e-01
1.157260541e+00,6.48134e-01,9.99999e-01,6.48139e-01,9.99998e-01,9.99993e-01
1.163046844e+00,7.26704e-01,9.99999e-01,7.26708e-01,9.99998e-01,9.99995e-01
1.168862078e+00,8.01553e-01,9.99999e-01,8.01556e-01,9.99998e-01,9.99997e-01
1.174706389e+00,8.72368e-01,9.99999e-01,8.72370e-01,9.99998e-01,9.99998e-01
1.180579921e+00,9.20297e-01,9.99999e-01,9.20298e-01,9.99998e-01,9.99998e-01
1.186482820e+00,9.54140e-01,9.99999e-01,9.54142e-01,9.99998e-01,9.99998e-01
1.192415234e+00,9.72953e-01,9.99999e-01,9.72955e-01,9.99998e-01,9.99999e-01
1.198377311e+00,9.77100e-01,9.99999e-01,9.77102e-01,9.99998e-01,9.99999e-01
1.204369197e+00,9.78336e-01,9.99999e-01,9.78337e-01,9.99998e-01,9.99999e-01
1.210391043e+00,9.79285e-01,9.99999e-01,9.79286e-01,9.99998e-01,9.99999e-01
1.216442998e+00,9.82403e-01,9.99999e-01,9.82404e-01,9.99998e-01,9.99999e-01
1.222525213e+00,9.86261e-01,9.99999e-01,9.86262e-01,9.99998e-01,9.99999e-01
1.228637839e+00,9.90433e-01,9.99999e-01,9.90434e-01,9.99998e-01,9.99999e-01
1.234781029e+00,9.92899e-01,9.99999e-01,9.92900e-01,9.99998e-01,9.99999e-01
1.240954934e+00,9.95498e-01,9.99999e-01,9.95499e-01,9.99998e-01,9.99999e-01
1.247159708e+00,9.96497e-01,9.99999e-01,9.96498e-01,9.99998e-01,9.99999e-01
1.253395507e+00,9.96884e-01,9.99999e-01,9.96884e-01,9.99998e-01,9.99999e-01
1.259662485e+00,9.97030e-01,9.99999e-01,9.97031e-01,9.99998e-01,9.99999e-01
1.265960797e+00,9.95273e-01,9.99999e-01,9.95274e-01,9.99998e-01,9.99999e-01
1.272290601e+00,9.92548e-01,9.99999e-01,9.92549e-01,9.99998e-01,9.99999e-01
1.278652054e+00,9.85240e-01,9.99999e-01,9.85241e-01,9.99998e-01,9.99999e-01
1.285045314e+00,9.73332e-01,9.99999e-01,9.73333e-01,9.99998e-01,9.99999e-01
1.291470541e+00,9.53983e-01,9.99999e-01,9.53984e-01,9.99998e-01,9.99998e-01
1.297927893e+00,9.35164e-01,9.99999e-01,9.35166e-01,9.99998e-01,9.99997e-01
1.304417533e+00,9.24176e-01,9.99999e-01,9.24179e-01,9.99998e-01,9.99996e-01
1.310939621e+00,9.05071e-01,9.99999e-01,9.05076e-01,9.99998e-01,9.99994e-01
1.317494319e+00,9.06851e-01,9.99999e-01,9.06859e-01,9.99998e-01,9.99991e-01
1.324081790e+00,8.65316e-01,9.99999e-01,8.65329e-01,9.99998e-01,9.99984e-01
1.330702199e+00,5.40915e-01,9.99999e-01,5.40929e-01,9.99998e-01,9.99974e-01
1.337355710e+00,1.91218e-01,9.99999e-01,1.91227e-01,9.99998e-01,9.99955e-01
1.344042489e+00,1.54210e-02,9.99999e-01,1.54224e-02,9.99998e-01,9.99904e-01
1.350762701e+00,4.06461e-04,9.99999e-01,4.06523e-04,9.99998e-01,9.99847e-01
1.357516515e+00,2.32344e-05,9.99999e-01,2.32388e-05,9.99998e-01,9.99811e-01
1.364304097e+00,9.19384e-04,9.99999e-01,9.19571e-04,9.99998e-01,9.99797e-01
1.371125618e+00,9.04933e-03,9.99999e-01,9.05118e-03,9.99998e-01,9.99795e-01
1.377981246e+00,1.76939e-02,9.99999e-01,1.76978e-02,9.99998e-01,9.99780e-01
1.384871152e+00,8.84660e-04,9.99999e-01,8.84849e-04,9.99998e-01,9.99787e-01
1.391795508e+00,1.24367e-03,9.99999e-01,1.24390e-03,9.99998e-01,9.99819e-01
1.398754485e+00,3.57456e-03,9.99999e-01,3.57511e-03,9.99998e-01,9.99844e-01
1.405748258e+00,3.09807e-03,9.99999e-01,3.09850e-03,9.99998e-01,9.99860e-01
1.412776999e+00,3.48463e-03,9.99999e-01,3.48502e-03,9.99998e-01,9.99888e-01
1.419840884e+00,5.03869e-03,9.99999e-01,5.03912e-03,9.99998e-01,9.99916e-01
1.426940089e+00,1.60352e-02,9.99999e-01,1.60360e-02,9.99998e-01,9.99947e-01
1.434074789e+00,4.24974e-02,9.99999e-01,4.24988e-02,9.99998e-01,9.99967e-01
1.441245163e+00,8.99059e-02,9.99999e-01,8.99082e-02,9.99998e-01,9.99974e-01
1.448451389e+00,1.79687e-01,9.99999e-01,1.79691e-01,9.99999e-01,9.99978e-01
1.455693646e+00,3.26307e-01,9.99999e-01,3.26313e-01,9.99999e-01,9.99982e-01
1.462972114e+00,3.80073e-01,9.99999e-01,3.80079e-01,9.99999e-01,9.99984e-01
1.470286975e+00,3.23458e-01,9.99999e-01,3.23462e-01,9.99999e-01,9.99986e-01
1.477638409e+00,3.63716e-01,9.99999e-01,3.63720e-01,9.99999e-01,9.99988e-01
1.485026601e+00,4.42245e-01,9.99999e-01,4.42249e-01,9.99999e-01,9.99990e-01
1.492451734e+00,5.41677e-01,9.99999e-01,5.41681e-01,9.99999e-01,9.99993e-01
1.499913993e+00,6.65023e-01,9.99999e-01,6.65026e-01,9.99999e-01,9.99996e-01
1.507413563e+00,7.45136e-01,9.99999e-01,7.45138e-01,9.99999e-01,9.99997e-01
1.514950631e+00,8.31352e-01,9.99999e-01,8.31353e-01,9.99999e-01,9.99998e-01
1.522525384e+00,8.87494e-01,9.99999e-01,8.87495e-01,9.99999e-01,9.99998e-01
1.530138011e+00,9.16503e-01,9.99999e-01,9.16504e-01,9.99999e-01,9.99999e-01
1.537788701e+00,9.51935e-01,9.99999e-01,9.51935e-01,9.99999e-01,9.99999e-01
1.545477645e+00,9.68983e-01,9.99999e-01,9.68984e-01,9.99999e-01,9.99999e-01
1.553205033e+00,9.74531e-01,9.99999e-01,9.74532e-01,9.99999e-01,9.99999e-01
1.560971058e+00,9.84316e-01,9.99999e-01,9.84317e-01,9.99999e-01,9.99999e-01
1.568775913e+00,9.89557e-01,9.99999e-01,9.89558e-01,9.99999e-01,9.99999e-01
1.576619793e+00,9.91897e-01,9.99999e-01,9.91897e-01,9.99999e-01,9.99999e-01
1.584502892e+00,9.95062e-01,9.99999e-01,9.95063e-01,9.99999e-01,9.99999e-01
1.592425406e+00,9.95422e-01,9.99999e-01,9.95423e-01,9.99999e-01,9.99999e-01
1.600387533e+00,9.96835e-01,9.99999e-01,9.96836e-01,9.99999e-01,9.99999e-01
1.608389471e+00,9.96729e-01,9.99999e-01,9.96729e-01,9.99999e-01,9.99999e-01
1.616431418e+00,9.96641e-01,9.99999e-01,9.96641e-01,9.99999e-01,9.99999e-01
1.624513575e+00,9.96407e-01,9.99999e-01,9.96408e-01,9.99999e-01,9.99999e-01
1.632636143e+00,9.94375e-01,9.99999e-01,9.94375e-01,9.99999e-01,9.99999e-01
1.640799324e+00,9.92501e-01,9.99999e-01,9.92501e-01,9.99999e-01,9.99999e-01
1.649003321e+00,9.90476e-01,9.99999e-01,9.90476e-01,9.99999e-01,9.99999e-01
1.657248337e+00,9.87344e-01,9.99999e-01,9.87345e-01,9.99999e-01,9.99999e-01
1.665534579e+00,9.82802e-01,9.99999e-01,9.82803e-01,9.99999e-01,9.99999e-01
1.673862252e+00,9.76784e-01,9.99999e-01,9.76784e-01,9.99999e-01,9.99999e-01
1.682231563e+00,9.79587e-01,9.99999e-01,9.79587e-01,9.99999e-01,9.99999e-01
1.690642721e+00,9.64384e-01,9.99999e-01,9.64385e-01,9.99999e-01,9.99999e-01
1.699095934e+00,9.59371e-01,9.99999e-01,9.59372e-01,9.99999e-01,9.99998e-01
1.707591414e+00,9.56059e-01,9.99999e-01,9.56060e-01,9.99999e-01,9.99998e-01
1.716129371e+00,9.45969e-01,9.99999e-01,9.45970e-01,9.99999e-01,9.99998e-01
1.724710018e+00,9.19562e-01,9.99999e-01,9.19565e-01,9.99999e-01,9.99997e-01
1.733333568e+00,8.95926e-01,9.99999e-01,8.95929e-01,9.99999e-01,9.99996e-01
1.742000236e+00,8.46871e-01,9.99999e-01,8.46875e-01,9.99999e-01,9.99994e-01
1.750710237e+00,7.31102e-01,9.99999e-01,7.31108e-01,9.99999e-01,9.99991e-01
1.759463788e+00,5.55010e-01,9.99999e-01,5.55016e-01,9.99999e-01,9.99987e-01
1.768261107e+00,3.29973e-01,9.99999e-01,3.29979e-01,9.99999e-01,9.99980e-01
1.777102413e+00,1.57747e-01,9.99999e-01,1.57752e-01,9.99999e-01,9.99969e-01
1.785987925e+00,4.17763e-02,9.99999e-01,4.17783e-02,9.99999e-01,9.99950e-01
1.794917864e+00,1.23279e-02,9.99999e-01,1.23290e-02,9.99999e-01,9.99914e-01
1.803892454e+00,7.21709e-04,9.99999e-01,7.21802e-04,9.99999e-01,9.99870e-01
1.812911916e+00,1.89454e-04,9.99999e-01,1.89487e-04,9.99999e-01,9.99824e-01
1.821976476e+00,2.47022e-04,9.99999e-01,2.47074e-04,9.99999e-01,9.99792e-01
1.831086358e+00,5.93144e-05,9.99999e-01,5.93283e-05,9.99999e-01,9.99766e-01
1.840241790e+00,3.05055e-04,9.99999e-01,3.05133e-04,9.99999e-01,9.99742e-01
1.849442999e+00,8.76808e-04,9.99999e-01,8.77052e-04,9.99999e-01,9.99722e-01
1.858690214e+00,2.48356e-05,9.99999e-01,2.48435e-05,9.99999e-01,9.99678e-01
1.867983665e+00,4.80916e-06,9.99999e-01,4.81087e-06,9.99999e-01,9.99642e-01
1.877323583e+00,8.57962e-03,9.99999e-01,8.58254e-03,9.99999e-01,9.99659e-01
1.886710201e+00,1.26121e-02,9.99999e-01,1.26158e-02,9.99999e-01,9.99711e-01
1.896143752e+00,2.15856e-02,9.99999e-01,2.15912e-02,9.99999e-01,9.99739e-01
1.905624471e+00,1.39209e-03,9.99999e-01,1.39243e-03,9.99999e-01,9.99757e-01
1.915152593e+00,2.45512e-04,9.99999e-01,2.45567e-04,9.99999e-01,9.99773e-01
1.924728356e+00,8.25897e-05,9.99999e-01,8.26061e-05,9.99999e-01,9.99800e-01
1.934351998e+00,6.05280e-05,9.99999e-01,6.05379e-05,9.99999e-01,9.99835e-01
1.944023758e+00,1.32315e-03,9.99999e-01,1.32331e-03,9.99999e-01,9.99881e-01
1.953743877e+00,4.13187e-03,9.99999e-01,4.13220e-03,9.99999e-01,9.99922e-01
1.963512596e+00,2.80378e-02,9.99999e-01,2.80392e-02,9.99999e-01,9.99951e-01
1.973330159e+00,6.30625e-02,9.99999e-01,6.30644e-02,9.99999e-01,9.99970e-01
1.983196810e+00,2.49726e-01,9.99999e-01,2.49731e-01,9.99999e-01,9.99980e-01
1.993112794e+00,3.42214e-01,9.99999e-01,3.42218e-01,9.99999e-01,9.99987e-01
2.003078358e+00,5.26185e-01,9.99999e-01,5.26189e-01,9.99999e-01,9.99991e-01
2.013093750e+00,6.58770e-01,9.99999e-01,6.58774e-01,9.99999e-01,9.99994e-01
2.023159218e+00,7.87140e-01,9.99999e-01,7.87143e-01,9.99999e-01,9.99996e-01
2.033275015e+00,8.31344e-01,9.99999e-01,8.31346e-01,9.99999e-01,9.99997e-01
2.043441390e+00,8.91887e-01,9.99999e-01,8.91889e-01,9.99999e-01,9.99998e-01
2.053658597e+00,9.12015e-01,9.99999e-01,9.12016e-01,9.99999e-01,9.99998e-01
2.063926890e+00,9.39815e-01,9.99999e-01,9.39815e-01,9.99999e-01,9.99998e-01
2.074246524e+00,9.47807e-01,9.99999e-01,9.47807e-01,9.99999e-01,9.99999e-01
2.084617757e+00,9.65657e-01,9.99999e-01,9.65658e-01,9.99999e-01,9.99999e-01
2.095040845e+00,9.72739e-01,9.99999e-01,9.72739e-01,9.99999e-01,9.99999e-01
2.105516050e+00,9.76630e-01,9.99999e-01,9.76630e-01,9.99999e-01,9.99999e-01
2.116043630e+00,9.77670e-01,9.99999e-01,9.77671e-01,9.99999e-01,9.99999e-01
2.126623848e+00,9.86338e-01,9.99999e-01,9.86338e-01,9.99999e-01,9.99999e-01
2.137256967e+00,9.86973e-01,9.99999e-01,9.86974e-01,9.99999e-01,9.99999e-01
2.147943252e+00,9.87477e-01,9.99999e-01,9.87477e-01,9.99999e-01,9.99999e-01
2.158682968e+00,9.88531e-01,9.99999e-01,9.88531e-01,9.99999e-01,9.99999e-01
2.169476383e+00,9.87796e-01,9.99999e-01,9.87796e-01,9.99999e-01,9.99999e-01
2.180323765e+00,9.85996e-01,9.99999e-01,9.85997e-01,9.99999e-01,9.99999e-01
2.191225384e+00,9.82933e-01,9.99999e-01,9.82933e-01,9.99999e-01,9.99999e-01
2.202181511e+00,9.78937e-01,9.99999e-01,9.78938e-01,9.99999e-01,9.99999e-01
2.213192418e+00,9.78622e-01,9.99999e-01,9.78622e-01,9.99999e-01,9.99999e-01
2.224258381e+00,9.74927e-01,9.99999e-01,9.74927e-01,9.99999e-01,9.99999e-01
2.235379672e+00,9.78454e-01,9.99999e-01,9.78455e-01,9.99999e-01,9.99998e-01
2.246556571e+00,9.62471e-01,9.99999e-01,9.62472e-01,9.99999e-01,9.99998e-01
2.257789354e+00,9.70701e-01,9.99999e-01,9.70701e-01,9.99999e-01,9.99998e-01
2.269078300e+00,9.29800e-01,9.99999e-01,9.29801e-01,9.99999e-01,9.99998e-01
2.280423692e+00,9.41356e-01,9.99999e-01,9.41358e-01,9.99999e-01,9.99998e-01
2.291825810e+00,8.87850e-01,9.99999e-01,8.87851e-01,9.99999e-01,9.99997e-01
2.303284939e+00,8.98971e-01,9.99999e-01,8.98973e-01,9.99999e-01,9.99997e-01
2.314801364e+00,8.32481e-01,9.99999e-01,8.32484e-01,9.99999e-01,9.99996e-01
2.326375371e+00,8.27111e-01,9.99999e-01,8.27115e-01,9.99999e-01,9.99995e-01
2.338007248e+00,7.99775e-01,9.99999e-01,7.99780e-01,9.99999e-01,9.99993e-01
2.349697284e+00,6.88355e-01,9.99999e-01,6.88361e-01,9.99999e-01,9.99991e-01
2.361445770e+00,7.38051e-01,9.99999e-01,7.38060e-01,9.99999e-01,9.99988e-01
2.373252999e+00,6.61638e-01,9.99999e-01,6.61648e-01,9.99999e-01,9.99983e-01
2.385119264e+00,4.97830e-01,9.99999e-01,4.97841e-01,9.99999e-01,9.99977e-01
2.397044861e+00,6.39822e-01,9.99999e-01,6.39843e-01,9.99999e-01,9.99966e-01
2.409030085e+00,4.43585e-01,9.99999e-01,4.43607e-01,9.99999e-01,9.99951e-01
2.421075235e+00,4.52506e-01,9.99999e-01,4.52536e-01,9.99999e-01,9.99933e-01
2.433180612e+00,3.03938e-01,9.99999e-01,3.03965e-01,9.99999e-01,9.99909e-01
2.445346515e+00,1.46625e-01,9.99999e-01,1.46642e-01,9.99999e-01,9.99879e-01
2.457573247e+00,9.95978e-02,9.99999e-01,9.96139e-02,9.99999e-01,9.99837e-01
2.469861113e+00,1.14000e-02,9.99999e-01,1.14025e-02,9.99999e-01,9.99780e-01
2.482210419e+00,4.63494e-04,9.99999e-01,4.63637e-04,9.99999e-01,9.99691e-01
2.494621471e+00,6.01084e-06,9.99999e-01,6.01347e-06,9.99999e-01,9.99562e-01
2.507094578e+00,5.50707e-10,9.99999e-01,5.51059e-10,9.99999e-01,9.99361e-01
2.519630051e+00,1.01155e-14,9.99999e-01,1.01250e-14,9.99999e-01,9.99067e-01
2.532228202e+00,3.47022e-19,9.99999e-01,3.47456e-19,9.99999e-01,9.98751e-01
2.544889343e+00,6.11397e-25,9.99999e-01,6.12374e-25,9.99999e-01,9.98404e-01
2.557613789e+00,6.24630e-25,9.99999e-01,6.25805e-25,9.99999e-01,9.98122e-01
2.570401858e+00,1.25996e-34,9.99999e-01,1.26252e-34,9.99999e-01,9.97968e-01
2.583253867e+00,1.47433e-34,9.99999e-01,1.47761e-34,9.99999e-01,9.97778e-01
2.596170137e+00,5.65979e-29,9.99999e-01,5.67259e-29,9.99999e-01,9.97744e-01
2.609150988e+00,5.29081e-21,9.99999e-01,5.30357e-21,9.99999e-01,9.97592e-01
2.622196742e+00,2.56633e-15,9.99999e-01,2.57270e-15,9.99999e-01,9.97525e-01
2.635307726e+00,1.44623e-08,9.99999e-01,1.44998e-08,9.99999e-01,9.97413e-01
2.648484265e+00,3.39162e-10,9.99999e-01,3.40166e-10,9.99999e-01,9.97046e-01
2.661726686e+00,1.46606e-17,9.99999e-01,1.47090e-17,9.99999e-01,9.96710e-01
2.675035320e+00,4.02834e-60,9.99999e-01,4.04095e-60,9.99999e-01,9.96877e-01
2.688410496e+00,5.96058e-30,9.99999e-01,5.97818e-30,9.99999e-01,9.97054e-01
2.701852549e+00,3.97637e-26,9.99999e-01,3.98699e-26,9.99999e-01,9.97336e-01
2.715361811e+00,5.58592e-26,9.99999e-01,5.59980e-26,9.99999e-01,9.97519e-01
2.728938620e+00,1.22722e-18,9.99999e-01,1.22993e-18,9.99999e-01,9.97801e-01
2.742583314e+00,6.12983e-20,9.99999e-01,6.14283e-20,9.99999e-01,9.97883e-01
2.756296230e+00,5.81077e-21,9.99999e-01,5.82260e-21,9.99999e-01,9.97967e-01
2.770077711e+00,4.45431e-28,9.99999e-01,4.46210e-28,9.99999e-01,9.98253e-01
2.783928100e+00,3.71379e-28,9.99999e-01,3.71972e-28,9.99999e-01,9.98404e-01
2.797847740e+00,1.50908e-21,9.99999e-01,1.51115e-21,9.99999e-01,9.98627e-01
2.811836979e+00,7.75177e-23,9.99999e-01,7.76024e-23,9.99999e-01,9.98907e-01
2.825896164e+00,7.87668e-20,9.99999e-01,7.88332e-20,9.99999e-01,9.99157e-01
2.840025645e+00,1.56428e-15,9.99999e-01,1.56532e-15,9.99999e-01,9.99335e-01
2.854225773e+00,5.77831e-14,9.99999e-01,5.78136e-14,9.99999e-01,9.99472e-01
2.868496902e+00,3.94569e-13,9.99999e-01,3.94719e-13,9.99999e-01,9.99620e-01
2.882839386e+00,1.55400e-10,9.99999e-01,1.55443e-10,9.99999e-01,9.99721e-01
2.897253583e+00,5.27584e-09,9.99999e-01,5.27702e-09,9.99999e-01,9.99776e-01
2.911739851e+00,2.45555e-06,9.99999e-01,2.45599e-06,9.99999e-01,9.99821e-01
2.926298550e+00,4.31951e-05,9.99999e-01,4.32010e-05,9.99999e-01,9.99864e-01
2.940930043e+00,6.00873e-05,9.99999e-01,6.00938e-05,9.99999e-01,9.99892e-01
2.955634693e+00,1.52475e-04,9.99999e-01,1.52489e-04,9.99999e-01,9.99910e-01
2.970412867e+00,1.85882e-04,9.99999e-01,1.85895e-04,9.99999e-01,9.99929e-01
2.985264931e+00,2.55796e-03,9.99999e-01,2.55810e-03,9.99999e-01,9.99945e-01
3.000191256e+00,3.25340e-03,9.99999e-01,3.25355e-03,9.99999e-01,9.99953e-01
3.015192212e+00,1.20894e-02,9.99999e-01,1.20899e-02,9.99999e-01,9.99960e-01
3.030268173e+00,2.72110e-02,9.99999e-01,2.72119e-02,9.99999e-01,9.99966e-01
3.045419514e+00,8.33647e-03,9.99999e-01,8.33672e-03,9.99999e-01,9.99969e-01
3.060646612e+00,6.58174e-02,9.99999e-01,6.58191e-02,9.99999e-01,9.99972e-01
3.075949845e+00,7.23304e-02,9.99999e-01,7.23323e-02,9.99999e-01,9.99974e-01
3.091329594e+00,4.82618e-02,9.99999e-01,4.82629e-02,9.99999e-01,9.99976e-01
3.106786242e+00,1.14841e-01,9.99999e-01,1.14843e-01,9.99999e-01,9.99977e-01
3.122320173e+00,1.51056e-01,9.99999e-01,1.51059e-01,9.99999e-01,9.99978e-01
3.137931774e+00,1.66518e-01,9.99999e-01,1.66522e-01,9.99999e-01,9.99979e-01
3.153621433e+00,3.01730e-01,9.99999e-01,3.01736e-01,9.99999e-01,9.99979e-01
3.169389540e+00,3.33833e-01,9.99999e-01,3.33841e-01,9.99999e-01,9.99977e-01
3.185236488e+00,2.55017e-01,9.99999e-01,2.55024e-01,9.99999e-01,9.99973e-01
3.201162670e+00,6.40908e-02,9.99999e-01,6.40926e-02,9.99999e-01,9.99972e-01
3.217168483e+00,1.47147e-01,9.99999e-01,1.47151e-01,9.99999e-01,9.99971e-01
3.233254326e+00,2.64863e-01,9.99999e-01,2.64870e-01,9.99999e-01,9.99971e-01
3.249420598e+00,3.87345e-01,9.99999e-01,3.87355e-01,9.99999e-01,9.99973e-01
3.265667701e+00,2.66262e-01,9.99999e-01,2.66269e-01,9.99999e-01,9.99975e-01
3.281996039e+00,3.49512e-01,9.99999e-01,3.49520e-01,9.99999e-01,9.99976e-01
3.298406019e+00,1.57461e-01,9.99999e-01,1.57465e-01,9.99999e-01,9.99978e-01
3.314898049e+00,1.35572e-01,9.99999e-01,1.35575e-01,9.99999e-01,9.99979e-01
3.331472540e+00,2.34646e-01,9.99999e-01,2.34651e-01,9.99999e-01,9.99980e-01
3.348129902e+00,2.21329e-01,9.99999e-01,2.21332e-01,9.99999e-01,9.99983e-01
3.364870552e+00,2.96806e-01,9.99999e-01,2.96810e-01,9.99999e-01,9.99986e-01
3.381694905e+00,3.33447e-01,9.99999e-01,3.33450e-01,9.99999e-01,9.99989e-01
3.398603379e+00,4.56005e-01,9.99999e-01,4.56009e-01,9.99999e-01,9.99992e-01
3.415596396e+00,5.60332e-01,9.99999e-01,5.60334e-01,9.99999e-01,9.99994e-01
3.432674378e+00,5.85029e-01,9.99999e-01,5.85032e-01,9.99999e-01,9.99995e-01
3.449837750e+00,6.93942e-01,9.99999e-01,6.93944e-01,9.99999e-01,9.99996e-01
3.467086939e+00,7.77866e-01,9.99999e-01,7.77868e-01,9.99999e-01,9.99997e-01
3.484422373e+00,7.90652e-01,9.99999e-01,7.90654e-01,9.99999e-01,9.99997e-01
3.501844485e+00,8.73609e-01,9.99999e-01,8.73610e-01,9.99999e-01,9.99997e-01
3.519353708e+00,8.93505e-01,9.99999e-01,8.93507e-01,9.99999e-01,9.99997e-01
3.536950476e+00,9.02720e-01,9.99999e-01,9.02721e-01,9.99999e-01,9.99998e-01
3.554635228e+00,9.39499e-01,9.99999e-01,9.39500e-01,9.99999e-01,9.99998e-01
3.572408405e+00,9.41444e-01,9.99999e-01,9.41445e-01,9.99999e-01,9.99998e-01
3.590270447e+00,9.58903e-01,9.99999e-01,9.58904e-01,9.99999e-01,9.99998e-01
3.608221799e+00,9.67969e-01,9.99999e-01,9.67970e-01,9.99999e-01,9.99998e-01
3.626262908e+00,9.72615e-01,9.99999e-01,9.72616e-01,9.99999e-01,9.99998e-01
3.644394222e+00,9.83450e-01,9.99999e-01,9.83451e-01,9.99999e-01,9.99998e-01
3.662616193e+00,9.72435e-01,9.99999e-01,9.72437e-01,9.99999e-01,9.99998e-01
3.680929274e+00,9.56275e-01,9.99999e-01,9.56276e-01,9.99999e-01,9.99998e-01
3.699333921e+00,9.79298e-01,9.99999e-01,9.79299e-01,9.99999e-01,9.99998e-01
3.717830590e+00,9.83700e-01,9.99999e-01,9.83701e-01,9.99999e-01,9.99998e-01
3.736419743e+00,9.81031e-01,9.99999e-01,9.81032e-01,9.99999e-01,9.99998e-01
3.755101842e+00,9.79592e-01,9.99999e-01,9.79593e-01,9.99999e-01,9.99998e-01
3.773877351e+00,9.83138e-01,9.99999e-01,9.83139e-01,9.99999e-01,9.99998e-01
3.792746738e+00,9.79757e-01,9.99999e-01,9.79758e-01,9.99999e-01,9.99998e-01
3.811710472e+00,9.75126e-01,9.99999e-01,9.75127e-01,9.99999e-01,9.99998e-01
3.830769024e+00,9.73156e-01,9.99999e-01,9.73157e-01,9.99999e-01,9.99998e-01
3.849922869e+00,9.60448e-01,9.99999e-01,9.60449e-01,9.99999e-01,9.99998e-01
3.869172484e+00,9.54850e-01,9.99999e-01,9.54850e-01,9.99999e-01,9.99998e-01
3.888518346e+00,9.74527e-01,9.99999e-01,9.74527e-01,9.99999e-01,9.99998e-01
3.907960938e+00,9.71438e-01,9.99999e-01,9.71439e-01,9.99999e-01,9.99998e-01
3.927500742e+00,8.28773e-01,9.99999e-01,8.28774e-01,9.99999e-01,9.99998e-01
3.947138246e+00,8.92864e-01,9.99999e-01,8.92865e-01,9.99999e-01,9.99998e-01
3.966873937e+00,7.44188e-01,9.99999e-01,7.44189e-01,9.99999e-01,9.99998e-01
3.986708307e+00,9.51272e-01,9.99999e-01,9.51273e-01,9.99999e-01,9.99998e-01
4.006641849e+00,9.82303e-01,9.99999e-01,9.82304e-01,9.99999e-01,9.99998e-01
4.026675058e+00,9.79529e-01,9.99999e-01,9.79530e-01,9.99999e-01,9.99998e-01
4.046808433e+00,9.75054e-01,9.99999e-01,9.75055e-01,9.99999e-01,9.99998e-01
4.067042475e+00,9.71440e-01,9.99999e-01,9.71441e-01,9.99999e-01,9.99998e-01
4.087377688e+00,9.69318e-01,9.99999e-01,9.69319e-01,9.99999e-01,9.99998e-01
4.107814576e+00,9.57951e-01,9.99999e-01,9.57953e-01,9.99999e-01,9.99998e-01
4.128353649e+00,9.34606e-01,9.99999e-01,9.34608e-01,9.99999e-01,9.99998e-01
4.148995417e+00,9.18805e-01,9.99999e-01,9.18806e-01,9.99999e-01,9.99998e-01
4.169740394e+00,8.73854e-01,9.99999e-01,8.73855e-01,9.99999e-01,9.99998e-01
4.190589096e+00,8.49237e-01,9.99999e-01,8.49238e-01,9.99999e-01,9.99997e-01
4.211542042e+00,7.72380e-01,9.99999e-01,7.72382e-01,9.99999e-01,9.99997e-01
4.232599752e+00,7.50810e-01,9.99999e-01,7.50811e-01,9.99999e-01,9.99997e-01
4.253762751e+00,6.97241e-01,9.99999e-01,6.97242e-01,9.99999e-01,9.99997e-01
4.275031564e+00,6.07661e-01,9.99999e-01,6.07662e-01,9.99999e-01,9.99997e-01
4.296406722e+00,5.19059e-01,9.99999e-01,5.19060e-01,9.99999e-01,9.99997e-01
4.317888756e+00,5.65591e-01,9.99999e-01,5.65593e-01,9.99999e-01,9.99997e-01
4.339478200e+00,4.88345e-01,9.99999e-01,4.88346e-01,9.99999e-01,9.99997e-01
4.361175591e+00,4.31164e-01,9.99999e-01,4.31165e-01,9.99999e-01,9.99996e-01
4.382981469e+00,4.31826e-01,9.99999e-01,4.31828e-01,9.99999e-01,9.99996e-01
4.404896376e+00,4.18543e-01,9.99999e-01,4.18545e-01,9.99999e-01,9.99996e-01
4.426920858e+00,2.98730e-01,9.99999e-01,2.98731e-01,9.99999e-01,9.99996e-01
4.449055462e+00,4.28706e-01,9.99999e-01,4.28708e-01,9.99999e-01,9.99995e-01
4.471300739e+00,3.35353e-01,9.99999e-01,3.35354e-01,9.99999e-01,9.99995e-01
4.493657243e+00,4.23712e-01,9.99999e-01,4.23714e-01,9.99999e-01,9.99994e-01
4.516125529e+00,2.52731e-01,9.99999e-01,2.52733e-01,9.99999e-01,9.99994e-01
4.538706157e+00,3.48339e-01,9.99999e-01,3.48341e-01,9.99999e-01,9.99993e-01
4.561399688e+00,3.11359e-01,9.99999e-01,3.11361e-01,9.99999e-01,9.99993e-01
4.584206686e+00,4.17996e-01,9.99999e-01,4.17999e-01,9.99999e-01,9.99992e-01
4.607127720e+00,3.05804e-01,9.99999e-01,3.05807e-01,9.99999e-01,9.99991e-01
4.630163358e+00,1.57607e-01,9.99999e-01,1.57609e-01,9.99999e-01,9.99989e-01
4.653314175e+00,1.56984e-01,9.99999e-01,1.56985e-01,9.99999e-01,9.99988e-01
4.676580746e+00,4.42484e-02,9.99999e-01,4.42490e-02,9.99999e-01,9.99986e-01
4.699963650e+00,1.37040e-01,9.99999e-01,1.37042e-01,9.99999e-01,9.99984e-01
4.723463468e+00,4.78384e-02,9.99999e-01,4.78392e-02,9.99999e-01,9.99981e-01
4.747080785e+00,1.91243e-01,9.99999e-01,1.91247e-01,9.99999e-01,9.99978e-01
4.770816189e+00,5.72687e-02,9.99999e-01,5.72701e-02,9.99999e-01,9.99974e-01
4.794670270e+00,3.66865e-02,9.99999e-01,3.66876e-02,9.99999e-01,9.99970e-01
4.818643622e+00,3.44241e-02,9.99999e-01,3.44253e-02,9.99999e-01,9.99964e-01
4.842736840e+00,8.67425e-03,9.99999e-01,8.67461e-03,9.99999e-01,9.99958e-01
4.866950524e+00,5.88010e-02,9.99999e-01,5.88039e-02,9.99999e-01,9.99950e-01
4.891285276e+00,5.05480e-03,9.99999e-01,5.05510e-03,9.99999e-01,9.99940e-01
4.915741703e+00,2.60778e-02,9.99999e-01,2.60796e-02,9.99999e-01,9.99930e-01
4.940320411e+00,3.04559e-03,9.99999e-01,3.04584e-03,9.99999e-01,9.99917e-01
4.965022013e+00,2.01715e-03,9.99999e-01,2.01734e-03,9.99999e-01,9.99904e-01
4.989847123e+00,6.09585e-03,9.99999e-01,6.09650e-03,9.99999e-01,9.99892e-01
5.014796359e+00,7.11338e-05,9.99999e-01,7.11427e-05,9.99999e-01,9.99875e-01
5.039870341e+00,1.97781e-03,9.99999e-01,1.97809e-03,9.99999e-01,9.99855e-01
5.065069693e+00,2.17480e-03,9.99999e-01,2.17517e-03,9.99999e-01,9.99827e-01
5.090395041e+00,2.03076e-04,9.99999e-01,2.03117e-04,9.99999e-01,9.99800e-01
5.115847016e+00,7.02016e-05,9.99999e-01,7.02179e-05,9.99999e-01,9.99767e-01
5.141426251e+00,2.30180e-06,9.99999e-01,2.30241e-06,9.99999e-01,9.99732e-01
5.167133383e+00,1.20077e-06,9.99999e-01,1.20113e-06,9.99999e-01,9.99696e-01
5.192969049e+00,7.95918e-07,9.99999e-01,7.96192e-07,9.99999e-01,9.99655e-01
5.218933895e+00,4.92923e-10,9.99999e-01,4.93111e-10,9.99999e-01,9.99617e-01
5.245028564e+00,1.18896e-07,9.99999e-01,1.18946e-07,9.99999e-01,9.99579e-01
5.271253707e+00,1.32545e-08,9.99999e-01,1.32608e-08,9.99999e-01,9.99527e-01
5.297609976e+00,1.74433e-09,9.99999e-01,1.74525e-09,9.99999e-01,9.99477e-01
5.324098025e+00,6.54224e-10,9.99999e-01,6.54598e-10,9.99999e-01,9.99429e-01
5.350718516e+00,4.87192e-12,9.99999e-01,4.87510e-12,9.99999e-01,9.99348e-01
5.377472108e+00,5.70034e-12,9.99999e-01,5.70430e-12,9.99999e-01,9.99305e-01
5.404359469e+00,4.11623e-12,9.99999e-01,4.11947e-12,9.99999e-01,9.99213e-01
5.431381266e+00,3.53027e-21,9.99999e-01,3.53326e-21,9.99999e-01,9.99153e-01
5.458538172e+00,1.88690e-21,9.99999e-01,1.88867e-21,9.99999e-01,9.99062e-01
5.485830863e+00,1.84108e-22,9.99999e-01,1.84301e-22,9.99999e-01,9.98953e-01
5.513260018e+00,1.09234e-23,9.99999e-01,1.09360e-23,9.99999e-01,9.98847e-01
5.540826318e+00,3.70052e-25,9.99999e-01,3.70527e-25,9.99999e-01,9.98717e-01
5.568530449e+00,1.32456e-38,9.99999e-01,1.32643e-38,9.99999e-01,9.98593e-01
5.596373101e+00,5.53299e-37,9.99999e-01,5.54166e-37,9.99999e-01,9.98436e-01
5.624354967e+00,3.28535e-33,9.99999e-01,3.29114e-33,9.99999e-01,9.98241e-01
5.652476742e+00,1.75006e-36,9.99999e-01,1.75342e-36,9.99999e-01,9.98081e-01
5.680739126e+00,9.98758e-42,9.99999e-01,1.00086e-41,9.99999e-01,9.97895e-01
5.709142821e+00,1.80896e-45,9.99999e-01,1.81311e-45,9.99999e-01,9.97710e-01
5.737688535e+00,8.13705e-44,9.99999e-01,8.15773e-44,9.99999e-01,9.97464e-01
5.766376978e+00,6.44668e-34,9.99999e-01,6.46374e-34,9.99999e-01,9.97360e-01
5.795208863e+00,1.23859e-30,9.99999e-01,1.24206e-30,9.99999e-01,9.97209e-01
5.824184907e+00,1.70018e-37,9.99999e-01,1.70520e-37,9.99999e-01,9.97051e-01
5.853305832e+00,1.52738e-36,9.99999e-01,1.53203e-36,9.99999e-01,9.96961e-01
5.882572361e+00,4.97081e-45,9.99999e-01,4.98637e-45,9.99999e-01,9.96878e-01
5.911985223e+00,6.89573e-43,9.99999e-01,6.91792e-43,9.99999e-01,9.96791e-01
5.941545149e+00,1.55267e-44,9.99999e-01,1.55770e-44,9.99999e-01,9.96774e-01
5.971252874e+00,1.93532e-38,9.99999e-01,1.94176e-38,9.99999e-01,9.96683e-01
6.001109139e+00,4.12425e-26,9.99999e-01,4.13821e-26,9.99999e-01,9.96626e-01
6.031114685e+00,6.51705e-29,9.99999e-01,6.53894e-29,9.99999e-01,9.96652e-01
6.061270258e+00,6.54687e-29,9.99999e-01,6.56837e-29,9.99999e-01,9.96724e-01
6.091576609e+00,2.83577e-24,9.99999e-01,2.84507e-24,9.99999e-01,9.96728e-01
6.122034492e+00,8.09367e-16,9.99999e-01,8.12026e-16,9.99999e-01,9.96724e-01
6.152644665e+00,1.87246e-16,9.99999e-01,1.87863e-16,9.99999e-01,9.96712e-01
6.183407888e+00,1.60330e-11,9.99999e-01,1.60859e-11,9.99999e-01,9.96710e-01
6.214324928e+00,8.02728e-08,9.99999e-01,8.05369e-08,9.99999e-01,9.96720e-01
6.245396552e+00,1.72563e-05,9.99999e-01,1.73134e-05,9.99999e-01,9.96699e-01
6.276623535e+00,8.73101e-06,9.99999e-01,8.76093e-06,9.99999e-01,9.96583e-01
6.308006653e+00,8.53065e-06,9.99999e-01,8.56157e-06,9.99999e-01,9.96388e-01
6.339546686e+00,9.80152e-12,9.99999e-01,9.83874e-12,9.99999e-01,9.96216e-01
6.371244419e+00,1.41542e-23,9.99999e-01,1.42090e-23,9.99999e-01,9.96140e-01
6.403100641e+00,9.38068e-33,9.99999e-01,9.41680e-33,9.99999e-01,9.96164e-01
6.435116145e+00,2.90075e-70,9.99999e-01,2.91185e-70,9.99999e-01,9.96184e-01
6.467291725e+00,1.30347e-70,9.99999e-01,1.30845e-70,9.99999e-01,9.96189e-01
6.499628184e+00,1.64423e-80,9.99999e-01,1.65049e-80,9.99999e-01,9.96208e-01
6.532126325e+00,6.15099e-71,9.99999e-01,6.17390e-71,9.99999e-01,9.96288e-01
6.564786956e+00,2.35433e-85,9.99999e-01,2.36256e-85,9.99999e-01,9.96513e-01
6.597610891e+00,1.39542e-114,9.99999e-01,1.40015e-114,9.99999e-01,9.96627e-01
6.630598946e+00,8.31877e-76,9.99999e-01,8.34607e-76,9.99999e-01,9.96729e-01
6.663751940e+00,1.16552e-70,9.99999e-01,1.16913e-70,9.99999e-01,9.96917e-01
6.697070700e+00,3.64323e-56,9.99999e-01,3.65369e-56,9.99999e-01,9.97139e-01
6.730556054e+00,1.12542e-38,9.99999e-01,1.12842e-38,9.99999e-01,9.97341e-01
6.764208834e+00,6.40252e-39,9.99999e-01,6.41833e-39,9.99999e-01,9.97537e-01
6.798029878e+00,3.23012e-47,9.99999e-01,3.23745e-47,9.99999e-01,9.97736e-01
6.832020027e+00,1.97511e-47,9.99999e-01,1.97944e-47,9.99999e-01,9.97810e-01
6.866180128e+00,2.59950e-54,9.99999e-01,2.60484e-54,9.99999e-01,9.97948e-01
6.900511028e+00,1.08915e-31,9.99999e-01,1.09120e-31,9.99999e-01,9.98117e-01
6.935013583e+00,2.38086e-31,9.99999e-01,2.38510e-31,9.99999e-01,9.98221e-01
6.969688651e+00,1.93319e-39,9.99999e-01,1.93642e-39,9.99999e-01,9.98334e-01
7.004537095e+00,1.67253e-38,9.99999e-01,1.67521e-38,9.99999e-01,9.98401e-01
7.039559780e+00,4.07456e-42,9.99999e-01,4.08104e-42,9.99999e-01,9.98410e-01
7.074757579e+00,4.03368e-33,9.99999e-01,4.03939e-33,9.99999e-01,9.98584e-01
7.110131367e+00,8.03104e-33,9.99999e-01,8.04158e-33,9.99999e-01,9.98688e-01
7.145682024e+00,8.20032e-37,9.99999e-01,8.21054e-37,9.99999e-01,9.98755e-01
7.181410434e+00,3.72587e-46,9.99999e-01,3.73009e-46,9.99999e-01,9.98867e-01
7.217317486e+00,1.90443e-34,9.99999e-01,1.90642e-34,9.99999e-01,9.98956e-01
7.253404073e+00,8.52140e-35,9.99999e-01,8.52961e-35,9.99999e-01,9.99036e-01
7.289671094e+00,1.22598e-30,9.99999e-01,1.22706e-30,9.99999e-01,9.99116e-01
7.326119449e+00,1.73845e-30,9.99999e-01,1.73983e-30,9.99999e-01,9.99204e-01
7.362750046e+00,1.00543e-22,9.99999e-01,1.00615e-22,9.99999e-01,9.99287e-01
7.399563797e+00,2.82000e-18,9.99999e-01,2.82181e-18,9.99999e-01,9.99358e-01
7.436561616e+00,2.65321e-20,9.99999e-01,2.65472e-20,9.99999e-01,9.99429e-01
7.473744424e+00,2.45582e-19,9.99999e-01,2.45705e-19,9.99999e-01,9.99500e-01
7.511113146e+00,2.69543e-16,9.99999e-01,2.69659e-16,9.99999e-01,9.99569e-01
7.548668712e+00,1.36284e-17,9.99999e-01,1.36335e-17,9.99999e-01,9.99623e-01
7.586412055e+00,1.52110e-30,9.99999e-01,1.52160e-30,9.99999e-01,9.99673e-01
7.624344115e+00,8.43070e-16,9.99999e-01,8.43305e-16,9.99999e-01,9.99720e-01
7.662465836e+00,8.31577e-10,9.99999e-01,8.31775e-10,9.99999e-01,9.99761e-01
7.700778165e+00,3.99889e-10,9.99999e-01,3.99970e-10,9.99999e-01,9.99796e-01
7.739282056e+00,1.01875e-15,9.99999e-01,1.01893e-15,9.99999e-01,9.99823e-01
7.777978466e+00,7.21427e-11,9.99999e-01,7.21536e-11,9.99999e-01,9.99849e-01
7.816868359e+00,4.68952e-09,9.99999e-01,4.69012e-09,9.99999e-01,9.99871e-01
7.855952700e+00,1.23925e-09,9.99999e-01,1.23939e-09,9.99999e-01,9.99887e-01
7.895232464e+00,1.21945e-09,9.99999e-01,1.21957e-09,9.99999e-01,9.99901e-01
7.934708626e+00,1.17920e-06,9.99999e-01,1.17930e-06,9.99999e-01,9.99912e-01
7.974382169e+00,1.58850e-04,9.99999e-01,1.58862e-04,9.99999e-01,9.99920e-01
8.014254080e+00,3.19640e-05,9.99999e-01,3.19663e-05,9.99999e-01,9.99928e-01
8.054325351e+00,4.94993e-05,9.99999e-01,4.95025e-05,9.99999e-01,9.99935e-01
8.094596977e+00,1.09338e-03,9.99999e-01,1.09344e-03,9.99999e-01,9.99941e-01
8.135069962e+00,8.62123e-04,9.99999e-01,8.62169e-04,9.99999e-01,9.99946e-01
8.175745312e+00,1.91524e-04,9.99999e-01,1.91534e-04,9.99999e-01,9.99950e-01
8.216624039e+00,3.52172e-03,9.99999e-01,3.52188e-03,9.99999e-01,9.99953e-01
8.257707159e+00,8.31025e-03,9.99999e-01,8.31060e-03,9.99999e-01,9.99956e-01
8.298995695e+00,4.26003e-02,9.99999e-01,4.26020e-02,9.99999e-01,9.99958e-01
8.340490673e+00,2.00608e-02,9.99999e-01,2.00616e-02,9.99999e-01,9.99961e-01
8.382193126e+00,6.56857e-02,9.99999e-01,6.56882e-02,9.99999e-01,9.99962e-01
8.424104092e+00,2.69446e-02,9.99999e-01,2.69455e-02,9.99999e-01,9.99964e-01
8.466224613e+00,5.81762e-02,9.99999e-01,5.81782e-02,9.99999e-01,9.99965e-01
8.508555736e+00,2.46375e-02,9.99999e-01,2.46384e-02,9.99999e-01,9.99966e-01
8.551098514e+00,1.70386e-01,9.99999e-01,1.70392e-01,9.99999e-01,9.99967e-01
8.593854007e+00,3.29018e-01,9.99999e-01,3.29028e-01,9.99999e-01,9.99968e-01
8.636823277e+00,3.66998e-01,9.99999e-01,3.67009e-01,9.99999e-01,9.99969e-01
8.680007393e+00,1.97420e-01,9.99999e-01,1.97425e-01,9.99999e-01,9.99969e-01
8.723407430e+00,2.79126e-01,9.99999e-01,2.79134e-01,9.99999e-01,9.99970e-01
8.767024467e+00,2.17594e-01,9.99999e-01,2.17600e-01,9.99999e-01,9.99970e-01
8.810859590e+00,2.21634e-01,9.99999e-01,2.21640e-01,9.99999e-01,9.99971e-01
8.854913888e+00,5.30641e-01,9.99999e-01,5.30656e-01,9.99999e-01,9.99971e-01
8.899188457e+00,4.73206e-01,9.99999e-01,4.73219e-01,9.99999e-01,9.99971e-01
8.943684399e+00,3.88869e-01,9.99999e-01,3.88880e-01,9.99999e-01,9.99971e-01
8.988402821e+00,3.63879e-01,9.99999e-01,3.63889e-01,9.99999e-01,9.99971e-01
9.033344836e+00,2.81024e-01,9.99999e-01,2.81032e-01,9.99999e-01,9.99971e-01
9.078511560e+00,3.92513e-01,9.99999e-01,3.92524e-01,9.99999e-01,9.99971e-01
9.123904118e+00,5.17262e-01,9.99999e-01,5.17276e-01,9.99999e-01,9.99971e-01
9.169523638e+00,4.33855e-01,9.99999e-01,4.33867e-01,9.99999e-01,9.99971e-01
9.215371256e+00,6.53089e-01,9.99999e-01,6.53107e-01,9.99999e-01,9.99971e-01
9.261448113e+00,6.26991e-01,9.99999e-01,6.27009e-01,9.99999e-01,9.99971e-01
9.307755353e+00,5.03973e-01,9.99999e-01,5.03987e-01,9.99999e-01,9.99971e-01
9.354294130e+00,4.26253e-01,9.99999e-01,4.26265e-01,9.99999e-01,9.99971e-01
9.401065601e+00,2.89050e-01,9.99999e-01,2.89058e-01,9.99999e-01,9.99970e-01
9.448070929e+00,3.63729e-01,9.99999e-01,3.63739e-01,9.99999e-01,9.99970e-01
9.495311283e+00,6.05163e-01,9.99999e-01,6.05181e-01,9.99999e-01,9.99970e-01
9.542787840e+00,6.89652e-01,9.99999e-01,6.89672e-01,9.99999e-01,9.99970e-01
9.590501779e+00,5.41145e-01,9.99999e-01,5.41161e-01,9.99999e-01,9.99969e-01
9.638454288e+00,5.51495e-01,9.99999e-01,5.51511e-01,9.99999e-01,9.99969e-01
9.686646559e+00,5.70216e-01,9.99999e-01,5.70233e-01,9.99999e-01,9.99969e-01
9.735079792e+00,6.62121e-01,9.99999e-01,6.62141e-01,9.99999e-01,9.99969e-01
9.783755191e+00,5.65522e-01,9.99999e-01,5.65539e-01,9.99999e-01,9.99968e-01
9.832673967e+00,3.13852e-01,9.99999e-01,3.13861e-01,9.99999e-01,9.99968e-01
9.881837337e+00,1.65760e-01,9.99999e-01,1.65766e-01,9.99999e-01,9.99968e-01
9.931246523e+00,4.62920e-01,9.99999e-01,4.62934e-01,9.99999e-01,9.99967e-01
9.980902756e+00,6.06729e-01,9.99999e-01,6.06748e-01,9.99999e-01,9.99967e-01
1.003080727e+01,6.12949e-01,9.99999e-01,6.12969e-01,9.99999e-01,9.99967e-01
1.008096131e+01,6.52442e-01,9.99999e-01,6.52464e-01,9.99999e-01,9.99966e-01
1.013136611e+01,7.21323e-01,9.99999e-01,7.21347e-01,9.99999e-01,9.99966e-01
1.018202294e+01,7.47738e-01,9.99999e-01,7.47763e-01,9.99999e-01,9.99966e-01
1.023293306e+01,5.91282e-01,9.99999e-01,5.91302e-01,9.99999e-01,9.99965e-01
1.028409772e+01,3.98345e-01,9.99999e-01,3.98359e-01,9.99999e-01,9.99965e-01
1.033551821e+01,3.66808e-01,9.99999e-01,3.66820e-01,9.99999e-01,9.99964e-01
1.038719580e+01,1.91530e-01,9.99999e-01,1.91537e-01,9.99999e-01,9.99964e-01
1.043913178e+01,2.10695e-01,9.99999e-01,2.10703e-01,9.99999e-01,9.99964e-01
1.049132744e+01,3.97915e-01,9.99999e-01,3.97929e-01,9.99999e-01,9.99963e-01
1.054378408e+01,5.01188e-01,9.99999e-01,5.01207e-01,9.99999e-01,9.99963e-01
1.059650300e+01,4.84398e-01,9.99999e-01,4.84416e-01,9.99999e-01,9.99962e-01
1.064948551e+01,4.46376e-01,9.99999e-01,4.46393e-01,9.99999e-01,9.99962e-01
1.070273294e+01,3.16150e-01,9.99999e-01,3.16162e-01,9.99999e-01,9.99961e-01
1.075624661e+01,3.41907e-01,9.99999e-01,3.41920e-01,9.99999e-01,9.99960e-01
1.081002784e+01,3.44475e-01,9.99999e-01,3.44489e-01,9.99999e-01,9.99959e-01
1.086407798e+01,1.71000e-01,9.99999e-01,1.71007e-01,9.99999e-01,9.99959e-01
1.091839837e+01,7.17551e-02,9.99999e-01,7.17581e-02,9.99999e-01,9.99958e-01
1.097299036e+01,1.94731e-02,9.99999e-01,1.94739e-02,9.99999e-01,9.99957e-01
1.102785531e+01,1.35926e-02,9.99999e-01,1.35932e-02,9.99999e-01,9.99957e-01
1.108299459e+01,1.09470e-01,9.99999e-01,1.09474e-01,9.99999e-01,9.99956e-01
1.113840956e+01,3.09752e-01,9.99999e-01,3.09766e-01,9.99999e-01,9.99956e-01
1.119410161e+01,4.00926e-01,9.99999e-01,4.00944e-01,9.99999e-01,9.99955e-01
1.125007212e+01,2.86362e-01,9.99999e-01,2.86375e-01,9.99999e-01,9.99955e-01
1.130632248e+01,2.43414e-01,9.99999e-01,2.43425e-01,9.99999e-01,9.99954e-01
1.136285409e+01,3.50007e-01,9.99999e-01,3.50023e-01,9.99999e-01,9.99953e-01
1.141966836e+01,3.85679e-01,9.99999e-01,3.85697e-01,9.99999e-01,9.99953e-01
1.147676670e+01,3.12782e-01,9.99999e-01,3.12796e-01,9.99999e-01,9.99952e-01
1.153415054e+01,1.17395e-01,9.99999e-01,1.17401e-01,9.99999e-01,9.99951e-01
1.159182129e+01,7.15213e-02,9.99999e-01,7.15247e-02,9.99999e-01,9.99951e-01
1.164978039e+01,1.52879e-02,9.99999e-01,1.52886e-02,9.99999e-01,9.99950e-01
1.170802930e+01,3.77868e-03,9.99999e-01,3.77886e-03,9.99999e-01,9.99949e-01
1.176656944e+01,3.48388e-02,9.99999e-01,3.48405e-02,9.99999e-01,9.99949e-01
1.182540229e+01,1.26454e-01,9.99999e-01,1.26460e-01,9.99999e-01,9.99948e-01
1.188452930e+01,1.27787e-01,9.99999e-01,1.27793e-01,9.99999e-01,9.99947e-01
1.194395195e+01,1.72479e-01,9.99999e-01,1.72488e-01,9.99999e-01,9.99946e-01
1.200367171e+01,2.51333e-01,9.99999e-01,2.51347e-01,9.99999e-01,9.99946e-01
1.206369007e+01,1.36359e-01,9.99999e-01,1.36366e-01,9.99999e-01,9.99945e-01
1.212400852e+01,2.39783e-01,9.99999e-01,2.39796e-01,9.99999e-01,9.99944e-01
1.218462856e+01,2.32666e-01,9.99999e-01,2.32679e-01,9.99999e-01,9.99943e-01
1.224555170e+01,4.42657e-02,9.99999e-01,4.42683e-02,9.99999e-01,9.99942e-01
1.230677946e+01,2.65117e-02,9.99999e-01,2.65133e-02,9.99999e-01,9.99941e-01
1.236831336e+01,2.05413e-03,9.99999e-01,2.05425e-03,9.99999e-01,9.99939e-01
1.243015492e+01,4.39771e-04,9.99999e-01,4.39798e-04,9.99999e-01,9.99938e-01
1.249230570e+01,5.47111e-04,9.99999e-01,5.47145e-04,9.99999e-01,9.99937e-01
1.255476723e+01,1.68322e-03,9.99999e-01,1.68332e-03,9.99999e-01,9.99935e-01
1.261754106e+01,2.88999e-02,9.99999e-01,2.89017e-02,9.99999e-01,9.99934e-01
1.268062877e+01,8.75837e-02,9.99999e-01,8.75895e-02,9.99999e-01,9.99932e-01
1.274403191e+01,6.20211e-02,9.99999e-01,6.20253e-02,9.99999e-01,9.99931e-01
1.280775207e+01,1.15154e-01,9.99999e-01,1.15162e-01,9.99999e-01,9.99929e-01
1.287179083e+01,5.49791e-02,9.99999e-01,5.49830e-02,9.99999e-01,9.99927e-01
1.293614979e+01,7.70521e-02,9.99999e-01,7.70577e-02,9.99999e-01,9.99926e-01
1.300083054e+01,1.10251e-02,9.99999e-01,1.10260e-02,9.99999e-01,9.99924e-01
1.306583469e+01,1.42580e-02,9.99999e-01,1.42591e-02,9.99999e-01,9.99922e-01
1.313116386e+01,1.13177e-02,9.99999e-01,1.13186e-02,9.99999e-01,9.99920e-01
1.319681968e+01,6.30798e-03,9.99999e-01,6.30849e-03,9.99999e-01,9.99918e-01
1.326280378e+01,1.58726e-04,9.99999e-01,1.58739e-04,9.99999e-01,9.99916e-01
1.332911780e+01,3.55728e-04,9.99999e-01,3.55759e-04,9.99999e-01,9.99914e-01
1.339576339e+01,1.05669e-04,9.99999e-01,1.05678e-04,9.99999e-01,9.99911e-01
1.346274221e+01,1.83640e-06,9.99999e-01,1.83656e-06,9.99999e-01,9.99909e-01
1.353005592e+01,1.24229e-03,9.99999e-01,1.24241e-03,9.99999e-01,9.99906e-01
1.359770620e+01,2.85598e-03,9.99999e-01,2.85626e-03,9.99999e-01,9.99903e-01
1.366569473e+01,2.09306e-03,9.99999e-01,2.09327e-03,9.99999e-01,9.99900e-01
1.373402320e+01,1.26039e-02,9.99999e-01,1.26052e-02,9.99999e-01,9.99897e-01
1.380269332e+01,2.07852e-02,9.99999e-01,2.07874e-02,9.99999e-01,9.99894e-01
1.387170678e+01,4.90835e-03,9.99999e-01,4.90888e-03,9.99999e-01,9.99891e-01
1.394106532e+01,2.45569e-03,9.99999e-01,2.45596e-03,9.99999e-01,9.99887e-01
1.401077064e+01,4.49358e-04,9.99999e-01,4.49410e-04,9.99999e-01,9.99884e-01
1.408082450e+01,6.01264e-04,9.99999e-01,6.01335e-04,9.99999e-01,9.99880e-01
1.415122862e+01,1.02545e-05,9.99999e-01,1.02558e-05,9.99999e-01,9.99876e-01
1.422198476e+01,3.43620e-07,9.99999e-01,3.43664e-07,9.99999e-01,9.99873e-01
1.429309469e+01,1.13112e-06,9.99999e-01,1.13127e-06,9.99999e-01,9.99869e-01
1.436456016e+01,3.23299e-08,9.99999e-01,3.23343e-08,9.99999e-01,9.99864e-01
1.443638296e+01,3.16750e-09,9.99999e-01,3.16794e-09,9.99999e-01,9.99860e-01
1.450856487e+01,2.41706e-07,9.99999e-01,2.41741e-07,9.99999e-01,9.99855e-01
1.458110770e+01,5.42443e-05,9.99999e-01,5.42524e-05,9.99999e-01,9.99850e-01
1.465401324e+01,2.46842e-04,9.99999e-01,2.46880e-04,9.99999e-01,9.99845e-01
1.472728330e+01,2.48708e-04,9.99999e-01,2.48748e-04,9.99999e-01,9.99840e-01
1.480091972e+01,2.30822e-05,9.99999e-01,2.30860e-05,9.99999e-01,9.99834e-01
1.487492432e+01,2.84666e-08,9.99999e-01,2.84714e-08,9.99999e-01,9.99829e-01
1.494929894e+01,6.66928e-07,9.99999e-01,6.67046e-07,9.99999e-01,9.99823e-01
1.502404544e+01,2.35913e-05,9.99999e-01,2.35957e-05,9.99999e-01,9.99816e-01
1.509916566e+01,4.16641e-05,9.99999e-01,4.16720e-05,9.99999e-01,9.99810e-01
1.517466149e+01,6.22848e-06,9.99999e-01,6.22971e-06,9.99999e-01,9.99803e-01
1.525053480e+01,5.09950e-05,9.99999e-01,5.10054e-05,9.99999e-01,9.99796e-01
1.532678747e+01,2.28278e-06,9.99999e-01,2.28326e-06,9.99999e-01,9.99788e-01
1.540342141e+01,2.72471e-07,9.99999e-01,2.72531e-07,9.99999e-01,9.99781e-01
1.548043852e+01,3.79709e-08,9.99999e-01,3.79795e-08,9.99999e-01,9.99772e-01
1.555784071e+01,9.42092e-11,9.99999e-01,9.42313e-11,9.99999e-01,9.99764e-01
1.563562991e+01,1.36815e-14,9.99999e-01,1.36849e-14,9.99999e-01,9.99755e-01
1.571380806e+01,4.62167e-15,9.99999e-01,4.62283e-15,9.99999e-01,9.99746e-01
1.579237710e+01,2.12280e-11,9.99999e-01,2.12336e-11,9.99999e-01,9.99737e-01
1.587133899e+01,2.48683e-09,9.99999e-01,2.48750e-09,9.99999e-01,9.99727e-01
1.595069568e+01,9.31914e-11,9.99999e-01,9.32177e-11,9.99999e-01,9.99716e-01
1.603044916e+01,8.51451e-14,9.99999e-01,8.51701e-14,9.99999e-01,9.99705e-01
1.611060141e+01,7.41367e-14,9.99999e-01,7.41592e-14,9.99999e-01,9.99694e-01
1.619115441e+01,4.46644e-13,9.99999e-01,4.46785e-13,9.99999e-01,9.99682e-01
1.627211019e+01,1.23341e-14,9.99999e-01,1.23382e-14,9.99999e-01,9.99670e-01
1.635347074e+01,2.64162e-13,9.99999e-01,2.64252e-13,9.99999e-01,9.99657e-01
1.643523809e+01,1.65051e-13,9.99999e-01,1.65110e-13,9.99999e-01,9.99644e-01
1.651741428e+01,6.17980e-15,9.99999e-01,6.18208e-15,9.99999e-01,9.99630e-01
1.660000135e+01,1.62211e-18,9.99999e-01,1.62273e-18,9.99999e-01,9.99616e-01
1.668300136e+01,3.35253e-19,9.99999e-01,3.35387e-19,9.99999e-01,9.99601e-01
1.676641637e+01,1.92267e-16,9.99999e-01,1.92347e-16,9.99999e-01,9.99586e-01
1.685024845e+01,3.66540e-17,9.99999e-01,3.66697e-17,9.99999e-01,9.99571e-01
1.693449969e+01,6.64725e-21,9.99999e-01,6.65020e-21,9.99999e-01,9.99556e-01
1.701917219e+01,1.25865e-22,9.99999e-01,1.25923e-22,9.99999e-01,9.99539e-01
1.710426805e+01,7.67565e-29,9.99999e-01,7.67932e-29,9.99999e-01,9.99521e-01
1.718978939e+01,4.18369e-31,9.99999e-01,4.18576e-31,9.99999e-01,9.99504e-01
1.727573834e+01,1.56912e-31,9.99999e-01,1.56993e-31,9.99999e-01,9.99485e-01
1.736211703e+01,2.48306e-34,9.99999e-01,2.48439e-34,9.99999e-01,9.99465e-01
1.744892761e+01,1.53687e-29,9.99999e-01,1.53772e-29,9.99999e-01,9.99444e-01
1.753617225e+01,5.50591e-24,9.99999e-01,5.50908e-24,9.99999e-01,9.99424e-01
1.762385311e+01,5.22306e-23,9.99999e-01,5.22618e-23,9.99999e-01,9.99401e-01
1.771197238e+01,3.76437e-25,9.99999e-01,3.76670e-25,9.99999e-01,9.99379e-01
1.780053224e+01,1.41671e-26,9.99999e-01,1.41762e-26,9.99999e-01,9.99356e-01
1.788953490e+01,3.85041e-29,9.99999e-01,3.85299e-29,9.99999e-01,9.99331e-01
1.797898258e+01,1.39205e-32,9.99999e-01,1.39302e-32,9.99999e-01,9.99305e-01
1.806887749e+01,1.15190e-33,9.99999e-01,1.15273e-33,9.99999e-01,9.99278e-01
1.815922188e+01,1.11890e-44,9.99999e-01,1.11974e-44,9.99999e-01,9.99251e-01
1.825001799e+01,8.09827e-34,9.99999e-01,8.10459e-34,9.99999e-01,9.99220e-01
1.834126808e+01,2.29134e-32,9.99999e-01,2.29320e-32,9.99999e-01,9.99189e-01
1.843297442e+01,1.11632e-32,9.99999e-01,1.11726e-32,9.99999e-01,9.99158e-01
1.852513929e+01,1.10099e-43,9.99999e-01,1.10195e-43,9.99999e-01,9.99126e-01
1.861776499e+01,3.70309e-52,9.99999e-01,3.70646e-52,9.99999e-01,9.99092e-01
1.871085381e+01,1.11670e-41,9.99999e-01,1.11775e-41,9.99999e-01,9.99057e-01
1.880440808e+01,7.08105e-35,9.99999e-01,7.08797e-35,9.99999e-01,9.99023e-01
1.889843012e+01,3.86672e-36,9.99999e-01,3.87064e-36,9.99999e-01,9.98986e-01
1.899292227e+01,7.57327e-49,9.99999e-01,7.58125e-49,9.99999e-01,9.98947e-01
1.908788688e+01,6.56412e-47,9.99999e-01,6.57130e-47,9.99999e-01,9.98907e-01
1.918332632e+01,1.34221e-47,9.99999e-01,1.34373e-47,9.99999e-01,9.98867e-01
1.927924295e+01,1.92443e-73,9.99999e-01,1.92669e-73,9.99999e-01,9.98826e-01
1.937563916e+01,1.59424e-89,9.99999e-01,1.59618e-89,9.99999e-01,9.98783e-01
1.947251736e+01,8.54157e-92,9.99999e-01,8.55234e-92,9.99999e-01,9.98741e-01
1.956987994e+01,4.54791e-88,9.99999e-01,4.55384e-88,9.99999e-01,9.98698e-01
1.966772934e+01,1.06180e-72,9.99999e-01,1.06324e-72,9.99999e-01,9.98648e-01
1.976606799e+01,7.40330e-71,9.99999e-01,7.41370e-71,9.99999e-01,9.98596e-01
1.986489833e+01,7.18325e-76,9.99999e-01,7.19372e-76,9.99999e-01,9.98544e-01
1.996422282e+01,5.53529e-71,9.99999e-01,5.54365e-71,9.99999e-01,9.98491e-01
