#,Wave/freq,Total,CO2,Rayleigh,CIA
4.000000000e-01,7.39866e-05,9.99999e-01,7.39866e-05,9.99999e-01
4.020000000e-01,8.92960e-05,9.99999e-01,8.92960e-05,9.99999e-01
4.040100000e-01,1.07353e-04,9.99999e-01,1.07353e-04,9.99999e-01
4.060300500e-01,1.28592e-04,9.99999e-01,1.28592e-04,9.99999e-01
4.080602003e-01,1.53485e-04,9.99999e-01,1.53485e-04,9.99999e-01
4.101005013e-01,1.82558e-04,9.99999e-01,1.82558e-04,9.99999e-01
4.121510038e-01,2.16395e-04,9.99999e-01,2.16395e-04,9.99999e-01
4.142117588e-01,2.55644e-04,9.99999e-01,2.55644e-04,9.99999e-01
4.162828176e-01,3.01019e-04,9.99999e-01,3.01019e-04,9.99999e-01
4.183642317e-01,3.53306e-04,9.99999e-01,3.53306e-04,9.99999e-01
4.204560528e-01,4.13364e-04,9.99999e-01,4.13364e-04,9.99999e-01
4.225583331e-01,4.82135e-04,9.99999e-01,4.82135e-04,9.99999e-01
4.246711247e-01,5.60641e-04,9.99999e-01,5.60641e-04,9.99999e-01
4.267944804e-01,6.49989e-04,9.99999e-01,6.49989e-04,9.99999e-01
4.289284528e-01,7.51379e-04,9.99999e-01,7.51379e-04,9.99999e-01
4.310730950e-01,8.66101e-04,9.99999e-01,8.66101e-04,9.99999e-01
4.332284605e-01,9.95541e-04,9.99999e-01,9.95541e-04,9.99999e-01
4.353946028e-01,1.14118e-03,9.99999e-01,1.14118e-03,9.99999e-01
4.375715758e-01,1.30461e-03,9.99999e-01,1.30461e-03,9.99999e-01
4.397594337e-01,1.48750e-03,9.99999e-01,1.48750e-03,9.99999e-01
4.419582309e-01,1.69164e-03,9.99999e-01,1.69164e-03,9.99999e-01
4.441680220e-01,1.91891e-03,9.99999e-01,1.91891e-03,9.99999e-01
4.463888621e-01,2.17131e-03,9.99999e-01,2.17131e-03,9.99999e-01
4.486208064e-01,2.45091e-03,9.99999e-01,2.45091e-03,9.99999e-01
4.508639105e-01,2.75991e-03,9.99999e-01,2.75991e-03,9.99999e-01
4.531182300e-01,3.10058e-03,9.99999e-01,3.10058e-03,9.99999e-01
4.553838212e-01,3.47531e-03,9.99999e-01,3.47531e-03,9.99999e-01
4.576607403e-01,3.88656e-03,9.99999e-01,3.88656e-03,9.99999e-01
4.599490440e-01,4.33688e-03,9.99999e-01,4.33688e-03,9.99999e-01
4.622487892e-01,4.82891e-03,9.99999e-01,4.82891e-03,9.99999e-01
4.645600332e-01,5.36535e-03,9.99999e-01,5.36535e-03,9.99999e-01
4.668828333e-01,5.94901e-03,9.99999e-01,5.94901e-03,9.99999e-01
4.692172475e-01,6.58271e-03,9.99999e-01,6.58271e-03,9.99999e-01
4.715633337e-01,7.26937e-03,9.99999e-01,7.26937e-03,9.99999e-01
4.739211504e-01,8.01193e-03,9.99999e-01,8.01193e-03,9.99999e-01
4.762907561e-01,8.81340e-03,9.99999e-01,8.81340e-03,9.99999e-01
4.786722099e-01,9.67681e-03,9.99999e-01,9.67681e-03,9.99999e-01
4.810655710e-01,1.06052e-02,9.99999e-01,1.06052e-02,9.99999e-01
4.834708988e-01,1.16017e-02,9.99999e-01,1.16017e-02,9.99999e-01
4.858882533e-01,1.26692e-02,9.99999e-01,1.26692e-02,9.99999e-01
4.883176946e-01,1.38110e-02,9.99999e-01,1.38110e-02,9.99999e-01
4.907592831e-01,1.50301e-02,9.99999e-01,1.50301e-02,9.99999e-01
4.932130795e-01,1.63294e-02,9.99999e-01,1.63294e-02,9.99999e-01
4.956791449e-01,1.77120e-02,9.99999e-01,1.77120e-02,9.99999e-01
4.981575406e-01,1.91809e-02,9.99999e-01,1.91809e-02,9.99999e-01
5.006483283e-01,2.07390e-02,9.99999e-01,2.07390e-02,9.99999e-01
5.031515699e-01,2.23890e-02,9.99999e-01,2.23890e-02,9.99999e-01
5.056673278e-01,2.41338e-02,9.99999e-01,2.41338e-02,9.99999e-01
5.081956644e-01,2.59760e-02,9.99999e-01,2.59760e-02,9.99999e-01
5.107366428e-01,2.79183e-02,9.99999e-01,2.79183e-02,9.99999e-01
5.132903260e-01,2.99631e-02,9.99999e-01,2.99631e-02,9.99999e-01
5.158567776e-01,3.21128e-02,9.99999e-01,3.21128e-02,9.99999e-01
5.184360615e-01,3.43696e-02,9.99999e-01,3.43696e-02,9.99999e-01
5.210282418e-01,3.67357e-02,9.99999e-01,3.67357e-02,9.99999e-01
5.236333830e-01,3.92132e-02,9.99999e-01,3.92132e-02,9.99999e-01
5.262515499e-01,4.18037e-02,9.99999e-01,4.18037e-02,9.99999e-01
5.288828077e-01,4.45092e-02,9.99999e-01,4.45092e-02,9.99999e-01
5.315272217e-01,4.73310e-02,9.99999e-01,4.73310e-02,9.99999e-01
5.341848578e-01,5.02707e-02,9.99999e-01,5.02707e-02,9.99999e-01
5.368557821e-01,5.33295e-02,9.99999e-01,5.33295e-02,9.99999e-01
5.395400610e-01,5.65084e-02,9.99999e-01,5.65084e-02,9.99999e-01
5.422377613e-01,5.98083e-02,9.99999e-01,5.98083e-02,9.99999e-01
5.449489501e-01,6.32301e-02,9.99999e-01,6.32301e-02,9.99999e-01
5.476736949e-01,6.67741e-02,9.99999e-01,6.67741e-02,9.99999e-01
5.504120634e-01,7.04410e-02,9.99999e-01,7.04410e-02,9.99999e-01
5.531641237e-01,7.42307e-02,9.99999e-01,7.42307e-02,9.99999e-01
5.559299443e-01,7.81434e-02,9.99999e-01,7.81434e-02,9.99999e-01
5.587095940e-01,8.21789e-02,9.99999e-01,8.21789e-02,9.99999e-01
5.615031420e-01,8.63369e-02,9.99999e-01,8.63369e-02,9.99999e-01
5.643106577e-01,9.06169e-02,9.99999e-01,9.06169e-02,9.99999e-01
5.671322110e-01,9.50182e-02,9.99999e-01,9.50182e-02,9.99999e-01
5.699678720e-01,9.95400e-02,9.99999e-01,9.95400e-02,9.99999e-01
5.728177114e-01,1.04181e-01,9.99999e-01,1.04181e-01,9.99999e-01
5.756818000e-01,1.08941e-01,9.99999e-01,1.08941e-01,9.99999e-01
5.785602090e-01,1.13817e-01,9.99999e-01,1.13817e-01,9.99999e-01
5.814530100e-01,1.18809e-01,9.99999e-01,1.18809e-01,9.99999e-01
5.843602750e-01,1.23915e-01,9.99999e-01,1.23915e-01,9.99999e-01
5.872820764e-01,1.29133e-01,9.99999e-01,1.29133e-01,9.99999e-01
5.902184868e-01,1.34461e-01,9.99999e-01,1.34461e-01,9.99999e-01
5.931695792e-01,1.39897e-01,9.99999e-01,1.39897e-01,9.99999e-01
5.961354271e-01,1.45439e-01,9.99999e-01,1.45439e-01,9.99999e-01
5.991161043e-01,1.51085e-01,9.99999e-01,1.51085e-01,9.99999e-01
6.021116848e-01,1.56832e-01,9.99999e-01,1.56832e-01,9.99999e-01
6.051222432e-01,1.62677e-01,9.99999e-01,1.62677e-01,9.99999e-01
6.081478544e-01,1.68618e-01,9.99999e-01,1.68618e-01,9.99999e-01
6.111885937e-01,1.74652e-01,9.99999e-01,1.74652e-01,9.99999e-01
6.142445367e-01,1.80777e-01,9.99999e-01,1.80777e-01,9.99999e-01
6.173157594e-01,1.86989e-01,9.99999e-01,1.86989e-01,9.99999e-01
6.204023382e-01,1.93286e-01,9.99999e-01,1.93286e-01,9.99999e-01
6.235043498e-01,1.99664e-01,9.99999e-01,1.99664e-01,9.99999e-01
6.266218716e-01,2.06120e-01,9.99999e-01,2.06120e-01,9.99999e-01
6.297549810e-01,2.12651e-01,9.99999e-01,2.12651e-01,9.99999e-01
6.329037559e-01,2.19254e-01,9.99999e-01,2.19254e-01,9.99999e-01
6.360682746e-01,2.25926e-01,9.99999e-01,2.25926e-01,9.99999e-01
6.392486160e-01,2.32663e-01,9.99999e-01,2.32663e-01,9.99999e-01
6.424448591e-01,2.39461e-01,9.99999e-01,2.39461e-01,9.99999e-01
6.456570834e-01,2.46319e-01,9.99999e-01,2.46319e-01,9.99999e-01
6.488853688e-01,2.53231e-01,9.99999e-01,2.53231e-01,9.99999e-01
6.521297956e-01,2.60195e-01,9.99999e-01,2.60195e-01,9.99999e-01
6.553904446e-01,2.67207e-01,9.99999e-01,2.67207e-01,9.99999e-01
6.586673968e-01,2.74264e-01,9.99999e-01,2.74264e-01,9.99999e-01
6.619607338e-01,2.81363e-01,9.99999e-01,2.81363e-01,9.99999e-01
6.652705375e-01,2.88499e-01,9.99999e-01,2.88499e-01,9.99999e-01
6.685968902e-01,2.95671e-01,9.99999e-01,2.95671e-01,9.99999e-01
6.719398746e-01,3.02873e-01,9.99999e-01,3.02873e-01,9.99999e-01
6.752995740e-01,3.10104e-01,9.99999e-01,3.10104e-01,9.99999e-01
6.786760719e-01,3.17360e-01,9.99999e-01,3.17360e-01,9.99999e-01
6.820694522e-01,3.24636e-01,9.99999e-01,3.24636e-01,9.99999e-01
6.854797995e-01,3.31931e-01,9.99999e-01,3.31931e-01,9.99999e-01
6.889071985e-01,3.39241e-01,9.99999e-01,3.39241e-01,9.99999e-01
6.923517345e-01,3.46563e-01,9.99999e-01,3.46563e-01,9.99999e-01
6.958134932e-01,3.53894e-01,9.99999e-01,3.53894e-01,9.99999e-01
6.992925606e-01,3.61230e-01,9.99999e-01,3.61230e-01,9.99999e-01
7.027890234e-01,3.68569e-01,9.99999e-01,3.68569e-01,9.99999e-01
7.063029686e-01,3.75907e-01,9.99999e-01,3.75907e-01,9.99999e-01
7.098344834e-01,3.83243e-01,9.99999e-01,3.83243e-01,9.99999e-01
7.133836558e-01,3.90572e-01,9.99999e-01,3.90572e-01,9.99999e-01
7.169505741e-01,3.97893e-01,9.99999e-01,3.97893e-01,9.99999e-01
7.205353270e-01,4.05202e-01,9.99999e-01,4.05202e-01,9.99999e-01
7.241380036e-01,4.12498e-01,9.99999e-01,4.12498e-01,9.99999e-01
7.277586936e-01,4.19776e-01,9.99999e-01,4.19776e-01,9.99999e-01
7.313974871e-01,4.27036e-01,9.99999e-01,4.27036e-01,9.99999e-01
7.350544745e-01,4.34274e-01,9.99999e-01,4.34274e-01,9.99999e-01
7.387297469e-01,4.41487e-01,9.99999e-01,4.41487e-01,9.99999e-01
7.424233956e-01,4.48675e-01,9.99999e-01,4.48675e-01,9.99999e-01
7.461355126e-01,4.55835e-01,9.99999e-01,4.55835e-01,9.99999e-01
7.498661902e-01,4.62963e-01,9.99999e-01,4.62963e-01,9.99999e-01
7.536155211e-01,4.70060e-01,9.99999e-01,4.70060e-01,9.99999e-01
7.573835987e-01,4.77121e-01,9.99999e-01,4.77121e-01,9.99999e-01
7.611705167e-01,4.84146e-01,9.99999e-01,4.84146e-01,9.99999e-01
7.649763693e-01,4.91133e-01,9.99999e-01,4.91133e-01,9.99999e-01
7.688012511e-01,4.98080e-01,9.99999e-01,4.98080e-01,9.99999e-01
7.726452574e-01,5.04984e-01,9.99999e-01,5.04984e-01,9.99999e-01
7.765084837e-01,5.11845e-01,9.99999e-01,5.11845e-01,9.99999e-01
7.803910261e-01,5.02700e-01,9.69225e-01,5.18662e-01,9.99999e-01
7.842929812e-01,4.57087e-01,8.69927e-01,5.25431e-01,9.99999e-01
7.882144461e-01,4.58495e-01,8.61584e-01,5.32153e-01,9.99999e-01
7.921555184e-01,4.94102e-01,9.16998e-01,5.38825e-01,9.99999e-01
7.961162960e-01,5.14646e-01,9.43531e-01,5.45447e-01,9.99999e-01
8.000968774e-01,5.34910e-01,9.69009e-01,5.52016e-01,9.99999e-01
8.040973618e-01,5.49489e-01,9.83806e-01,5.58533e-01,9.99999e-01
8.081178486e-01,5.60785e-01,9.92545e-01,5.64996e-01,9.99999e-01
8.121584379e-01,5.70082e-01,9.97685e-01,5.71404e-01,9.99999e-01
8.162192301e-01,5.77460e-01,9.99488e-01,5.77756e-01,9.99999e-01
8.203003262e-01,5.84046e-01,9.99991e-01,5.84050e-01,9.99999e-01
8.244018279e-01,5.90287e-01,9.99999e-01,5.90287e-01,9.99999e-01
8.285238370e-01,5.96466e-01,9.99999e-01,5.96466e-01,9.99999e-01
8.326664562e-01,6.02585e-01,9.99999e-01,6.02585e-01,9.99999e-01
8.368297885e-01,6.08644e-01,9.99999e-01,6.08644e-01,9.99999e-01
8.410139374e-01,6.14643e-01,9.99999e-01,6.14643e-01,9.99999e-01
8.452190071e-01,6.20580e-01,9.99999e-01,6.20580e-01,9.99999e-01
8.494451021e-01,6.26456e-01,9.99999e-01,6.26456e-01,9.99999e-01
8.536923276e-01,6.32270e-01,9.99999e-01,6.32270e-01,9.99999e-01
8.579607893e-01,6.38022e-01,9.99999e-01,6.38022e-01,9.99999e-01
8.622505932e-01,6.43710e-01,9.99999e-01,6.43710e-01,9.99999e-01
8.665618462e-01,6.03921e-01,9.30059e-01,6.49336e-01,9.99999e-01
8.708946554e-01,4.59587e-01,7.01769e-01,6.54898e-01,9.99999e-01
8.752491287e-01,4.96547e-01,7.51892e-01,6.60396e-01,9.99999e-01
8.796253743e-01,5.69398e-01,8.55168e-01,6.65830e-01,9.99999e-01
8.840235012e-01,6.18951e-01,9.22153e-01,6.71201e-01,9.99999e-01
8.884436187e-01,6.55225e-01,9.68540e-01,6.76508e-01,9.99999e-01
8.928858368e-01,6.72991e-01,9.87151e-01,6.81750e-01,9.99999e-01
8.973502660e-01,6.84771e-01,9.96858e-01,6.86929e-01,9.99999e-01
9.018370173e-01,6.91803e-01,9.99652e-01,6.92043e-01,9.99999e-01
9.063462024e-01,6.90973e-01,9.91219e-01,6.97093e-01,9.99999e-01
9.108779334e-01,6.87906e-01,9.79812e-01,7.02079e-01,9.99999e-01
9.154323231e-01,7.03616e-01,9.95211e-01,7.07002e-01,9.99999e-01
9.200094847e-01,6.64006e-01,9.32775e-01,7.11860e-01,9.99999e-01
9.246095321e-01,6.48571e-01,9.04997e-01,7.16655e-01,9.99999e-01
9.292325798e-01,6.67245e-01,9.24947e-01,7.21387e-01,9.99999e-01
9.338787427e-01,6.73167e-01,9.27156e-01,7.26055e-01,9.99999e-01
9.385481364e-01,6.91183e-01,9.45969e-01,7.30661e-01,9.99999e-01
9.432408771e-01,7.10609e-01,9.66545e-01,7.35204e-01,9.99999e-01
9.479570815e-01,7.26898e-01,9.82712e-01,7.39685e-01,9.99999e-01
9.526968669e-01,7.37870e-01,9.91622e-01,7.44103e-01,9.99999e-01
9.574603512e-01,7.45773e-01,9.96409e-01,7.48460e-01,9.99999e-01
9.622476530e-01,7.51912e-01,9.98878e-01,7.52756e-01,9.99999e-01
9.670588912e-01,7.56736e-01,9.99663e-01,7.56991e-01,9.99999e-01
9.718941857e-01,7.61147e-01,9.99975e-01,7.61165e-01,9.99999e-01
9.767536566e-01,7.65279e-01,9.99999e-01,7.65279e-01,9.99999e-01
9.816374249e-01,7.69334e-01,9.99999e-01,7.69334e-01,9.99999e-01
9.865456120e-01,7.73329e-01,9.99999e-01,7.73329e-01,9.99999e-01
9.914783401e-01,7.77266e-01,9.99999e-01,7.77266e-01,9.99999e-01
9.964357318e-01,7.81144e-01,9.99999e-01,7.81144e-01,9.99999e-01
1.001417910e+00,7.84964e-01,9.99999e-01,7.84964e-01,9.99999e-01
1.006425000e+00,7.88727e-01,9.99999e-01,7.88727e-01,9.99999e-01
1.011457125e+00,7.92433e-01,9.99999e-01,7.92433e-01,9.99999e-01
1.016514411e+00,7.96083e-01,9.99999e-01,7.96083e-01,9.99999e-01
1.021596983e+00,7.99641e-01,9.99954e-01,7.99677e-01,9.99999e-01
1.026704968e+00,8.00467e-01,9.96576e-01,8.03216e-01,9.99999e-01
1.031838492e+00,7.73851e-01,9.59279e-01,8.06700e-01,9.99999e-01
1.036997685e+00,1.34249e-01,1.65713e-01,8.10130e-01,9.99999e-01
1.042182673e+00,1.14213e-01,1.40395e-01,8.13507e-01,9.99999e-01
1.047393587e+00,1.30968e-01,1.60337e-01,8.16830e-01,9.99999e-01
1.052630555e+00,4.68312e-03,5.71042e-03,8.20101e-01,9.99999e-01
1.057893707e+00,1.14053e-02,1.38528e-02,8.23320e-01,9.99999e-01
1.063183176e+00,3.54528e-02,4.28956e-02,8.26488e-01,9.99999e-01
1.068499092e+00,9.41385e-02,1.13474e-01,8.29604e-01,9.99999e-01
1.073841587e+00,2.10279e-01,2.52535e-01,8.32671e-01,9.99999e-01
1.079210795e+00,3.49731e-01,4.18494e-01,8.35688e-01,9.99999e-01
1.084606849e+00,5.19371e-01,6.19289e-01,8.38657e-01,9.99999e-01
1.090029883e+00,6.56349e-01,7.79904e-01,8.41577e-01,9.99999e-01
1.095480033e+00,7.47072e-01,8.84686e-01,8.44449e-01,9.99999e-01
1.100957433e+00,7.98727e-01,9.42702e-01,8.47273e-01,9.99999e-01
1.106462220e+00,8.29556e-01,9.75888e-01,8.50052e-01,9.99999e-01
1.111994531e+00,8.45105e-01,9.90995e-01,8.52784e-01,9.99999e-01
1.117554504e+00,8.53581e-01,9.97791e-01,8.55470e-01,9.99999e-01
1.123142276e+00,8.57988e-01,9.99854e-01,8.58112e-01,9.99999e-01
1.128757988e+00,8.60710e-01,9.99999e-01,8.60710e-01,9.99999e-01
1.134401778e+00,8.63264e-01,9.99999e-01,8.63264e-01,9.99999e-01
1.140073787e+00,8.65774e-01,9.99999e-01,8.65774e-01,9.99999e-01
1.145774156e+00,8.68243e-01,9.99999e-01,8.68243e-01,9.99999e-01
1.151503026e+00,8.70669e-01,9.99999e-01,8.70669e-01,9.99999e-01
1.157260541e+00,8.73054e-01,9.99999e-01,8.73054e-01,9.99999e-01
1.163046844e+00,8.75398e-01,9.99999e-01,8.75398e-01,9.99999e-01
1.168862078e+00,8.77703e-01,9.99999e-01,8.77703e-01,9.99999e-01
1.174706389e+00,8.79967e-01,9.99999e-01,8.79967e-01,9.99999e-01
1.180579921e+00,8.82192e-01,9.99999e-01,8.82192e-01,9.99999e-01
1.186482820e+00,8.84374e-01,9.99993e-01,8.84379e-01,9.99999e-01
1.192415234e+00,8.75740e-01,9.87830e-01,8.86528e-01,9.99999e-01
1.198377311e+00,5.01231e-01,5.64043e-01,8.88640e-01,9.99999e-01
1.204369197e+00,1.69605e-10,1.90415e-10,8.90715e-01,9.99999e-01
1.210391043e+00,1.10733e-37,1.24036e-37,8.92753e-01,9.99999e-01
1.216442998e+00,8.03875e-33,8.98429e-33,8.94756e-01,9.99999e-01
1.222525213e+00,2.37068e-32,2.64371e-32,8.96723e-01,9.99999e-01
1.228637839e+00,4.73195e-25,5.26558e-25,8.98656e-01,9.99999e-01
1.234781029e+00,2.39006e-16,2.65398e-16,9.00555e-01,9.99999e-01
1.240954934e+00,4.60859e-11,5.10692e-11,9.02420e-01,9.99999e-01
1.247159708e+00,3.01991e-06,3.33967e-06,9.04252e-01,9.99999e-01
1.253395507e+00,5.17326e-04,5.70967e-04,9.06051e-01,9.99999e-01
1.259662485e+00,1.25658e-02,1.38417e-02,9.07819e-01,9.99999e-01
1.265960797e+00,7.60165e-02,8.35755e-02,9.09555e-01,9.99999e-01
1.272290601e+00,3.20656e-01,3.51882e-01,9.11259e-01,9.99999e-01
1.278652054e+00,2.76024e-01,3.02348e-01,9.12934e-01,9.99999e-01
1.285045314e+00,8.63632e-03,9.44295e-03,9.14578e-01,9.99999e-01
1.291470541e+00,4.10083e-05,4.47594e-05,9.16192e-01,9.99999e-01
1.297927893e+00,6.03775e-03,6.57866e-03,9.17778e-01,9.99999e-01
1.304417533e+00,1.37513e-01,1.49578e-01,9.19334e-01,9.99999e-01
1.310939621e+00,3.42176e-02,3.71581e-02,9.20863e-01,9.99999e-01
1.317494319e+00,1.99552e-13,2.16348e-13,9.22364e-01,9.99999e-01
1.324081790e+00,2.26860e-09,2.45563e-09,9.23837e-01,9.99999e-01
1.330702199e+00,1.54233e-05,1.66687e-05,9.25284e-01,9.99999e-01
1.337355710e+00,1.80175e-05,1.94426e-05,9.26704e-01,9.99999e-01
1.344042489e+00,5.42831e-06,5.84884e-06,9.28099e-01,9.99999e-01
1.350762701e+00,9.77292e-06,1.05145e-05,9.29468e-01,9.99999e-01
1.357516515e+00,5.82936e-04,6.26266e-04,9.30811e-01,9.99999e-01
1.364304097e+00,7.86066e-03,8.43299e-03,9.32130e-01,9.99999e-01
1.371125618e+00,7.69504e-02,8.24387e-02,9.33425e-01,9.99999e-01
1.377981246e+00,1.21635e-01,1.30133e-01,9.34696e-01,9.99999e-01
1.384871152e+00,2.85636e-01,3.05184e-01,9.35944e-01,9.99999e-01
1.391795508e+00,3.12922e-01,3.33901e-01,9.37169e-01,9.99999e-01
1.398754485e+00,4.77008e-01,5.08336e-01,9.38371e-01,9.99999e-01
1.405748258e+00,5.70729e-01,6.07448e-01,9.39550e-01,9.99999e-01
1.412776999e+00,6.86595e-01,7.29869e-01,9.40708e-01,9.99999e-01
1.419840884e+00,6.21212e-01,6.59568e-01,9.41845e-01,9.99999e-01
1.426940089e+00,6.08265e-02,6.45058e-02,9.42960e-01,9.99999e-01
1.434074789e+00,0.00000e+00,0.00000e+00,9.44055e-01,9.99999e-01
1.441245163e+00,0.00000e+00,0.00000e+00,9.45129e-01,9.99999e-01
1.448451389e+00,0.00000e+00,0.00000e+00,9.46183e-01,9.99999e-01
1.455693646e+00,2.81500e-301,2.97186e-301,9.47217e-01,9.99999e-01
1.462972114e+00,4.52164e-146,4.76849e-146,9.48232e-01,9.99999e-01
1.470286975e+00,1.98424e-61,2.09037e-61,9.49228e-01,9.99999e-01
1.477638409e+00,4.06755e-39,4.28070e-39,9.50206e-01,9.99999e-01
1.485026601e+00,2.41519e-22,2.53918e-22,9.51165e-01,9.99999e-01
1.492451734e+00,4.89060e-19,5.13661e-19,9.52106e-01,9.99999e-01
1.499913993e+00,4.76710e-09,5.00204e-09,9.53030e-01,9.99999e-01
1.507413563e+00,7.43747e-08,7.79661e-08,9.53936e-01,9.99999e-01
1.514950631e+00,2.99715e-09,3.13895e-09,9.54825e-01,9.99999e-01
1.522525384e+00,3.33181e-28,3.48626e-28,9.55697e-01,9.99999e-01
1.530138011e+00,1.95165e-65,2.04029e-65,9.56553e-01,9.99999e-01
1.537788701e+00,9.24890e-49,9.66050e-49,9.57392e-01,9.99999e-01
1.545477645e+00,2.23543e-11,2.33290e-11,9.58216e-01,9.99999e-01
1.553205033e+00,5.92910e-08,6.18243e-08,9.59024e-01,9.99999e-01
1.560971058e+00,1.72134e-08,1.79340e-08,9.59817e-01,9.99999e-01
1.568775913e+00,8.02636e-164,8.35560e-164,9.60595e-01,9.99999e-01
1.576619793e+00,0.00000e+00,0.00000e+00,9.61358e-01,9.99999e-01
1.584502892e+00,2.89574e-209,3.00979e-209,9.62107e-01,9.99999e-01
1.592425406e+00,4.24910e-146,4.41309e-146,9.62841e-01,9.99999e-01
1.600387533e+00,6.21468e-235,6.44969e-235,9.63561e-01,9.99999e-01
1.608389471e+00,0.00000e+00,0.00000e+00,9.64268e-01,9.99999e-01
1.616431418e+00,0.00000e+00,0.00000e+00,9.64961e-01,9.99999e-01
1.624513575e+00,2.30665e-185,2.38872e-185,9.65641e-01,9.99999e-01
1.632636143e+00,6.43284e-138,6.65712e-138,9.66309e-01,9.99999e-01
1.640799324e+00,5.19826e-57,5.37586e-57,9.66963e-01,9.99999e-01
1.649003321e+00,5.31367e-57,5.49157e-57,9.67605e-01,9.99999e-01
1.657248337e+00,2.48188e-44,2.56330e-44,9.68234e-01,9.99999e-01
1.665534579e+00,1.27409e-44,1.31506e-44,9.68852e-01,9.99999e-01
1.673862252e+00,6.77260e-29,6.98596e-29,9.69458e-01,9.99999e-01
1.682231563e+00,2.11349e-20,2.17873e-20,9.70052e-01,9.99999e-01
1.690642721e+00,6.10474e-12,6.28943e-12,9.70635e-01,9.99999e-01
1.699095934e+00,8.98567e-08,9.25207e-08,9.71206e-01,9.99999e-01
1.707591414e+00,1.75565e-04,1.80666e-04,9.71767e-01,9.99999e-01
1.716129371e+00,7.95002e-03,8.17636e-03,9.72317e-01,9.99999e-01
1.724710018e+00,7.01476e-02,7.21047e-02,9.72856e-01,9.99999e-01
1.733333568e+00,1.77547e-01,1.82401e-01,9.73385e-01,9.99999e-01
1.742000236e+00,3.49606e-01,3.58974e-01,9.73904e-01,9.99999e-01
1.750710237e+00,1.08634e-02,1.11486e-02,9.74412e-01,9.99999e-01
1.759463788e+00,1.45793e-27,1.49545e-27,9.74911e-01,9.99999e-01
1.768261107e+00,6.04594e-29,6.19841e-29,9.75401e-01,9.99999e-01
1.777102413e+00,8.35890e-28,8.56549e-28,9.75881e-01,9.99999e-01
1.785987925e+00,1.80666e-26,1.85042e-26,9.76352e-01,9.99999e-01
1.794917864e+00,3.34440e-25,3.42379e-25,9.76813e-01,9.99999e-01
1.803892454e+00,1.85506e-24,1.89821e-24,9.77266e-01,9.99999e-01
1.812911916e+00,2.12469e-23,2.17313e-23,9.77710e-01,9.99999e-01
1.821976476e+00,1.46890e-23,1.50172e-23,9.78145e-01,9.99999e-01
1.831086358e+00,3.51024e-19,3.58710e-19,9.78572e-01,9.99999e-01
1.840241790e+00,2.60127e-16,2.65709e-16,9.78991e-01,9.99999e-01
1.849442999e+00,1.91987e-11,1.96024e-11,9.79402e-01,9.99999e-01
1.858690214e+00,1.44953e-10,1.47940e-10,9.79804e-01,9.99999e-01
1.867983665e+00,2.41842e-11,2.46727e-11,9.80199e-01,9.99999e-01
1.877323583e+00,9.97414e-52,1.01716e-51,9.80587e-01,9.99999e-01
1.886710201e+00,1.38753e-67,1.41446e-67,9.80966e-01,9.99999e-01
1.896143752e+00,6.41656e-77,6.53858e-77,9.81339e-01,9.99999e-01
1.905624471e+00,4.10719e-89,4.18373e-89,9.81704e-01,9.99999e-01
1.915152593e+00,3.61297e-69,3.67896e-69,9.82062e-01,9.99999e-01
1.924728356e+00,9.66827e-83,9.84134e-83,9.82413e-01,9.99999e-01
1.934351998e+00,0.00000e+00,0.00000e+00,9.82758e-01,9.99999e-01
1.944023758e+00,0.00000e+00,0.00000e+00,9.83095e-01,9.99999e-01
1.953743877e+00,0.00000e+00,0.00000e+00,9.83426e-01,9.99999e-01
1.963512596e+00,0.00000e+00,0.00000e+00,9.83751e-01,9.99999e-01
1.973330159e+00,0.00000e+00,0.00000e+00,9.84069e-01,9.99999e-01
1.983196810e+00,0.00000e+00,0.00000e+00,9.84382e-01,9.99999e-01
1.993112794e+00,0.00000e+00,0.00000e+00,9.84688e-01,9.99999e-01
2.003078358e+00,0.00000e+00,0.00000e+00,9.84988e-01,9.99999e-01
2.013093750e+00,0.00000e+00,0.00000e+00,9.85282e-01,9.99999e-01
2.023159218e+00,0.00000e+00,0.00000e+00,9.85571e-01,9.99999e-01
2.033275015e+00,0.00000e+00,0.00000e+00,9.85854e-01,9.99999e-01
2.043441390e+00,0.00000e+00,0.00000e+00,9.86131e-01,9.99999e-01
2.053658597e+00,0.00000e+00,0.00000e+00,9.86403e-01,9.99999e-01
2.063926890e+00,0.00000e+00,0.00000e+00,9.86670e-01,9.99999e-01
2.074246524e+00,0.00000e+00,0.00000e+00,9.86932e-01,9.99999e-01
2.084617757e+00,0.00000e+00,0.00000e+00,9.87188e-01,9.99999e-01
2.095040845e+00,0.00000e+00,0.00000e+00,9.87439e-01,9.99999e-01
2.105516050e+00,0.00000e+00,0.00000e+00,9.87686e-01,9.99999e-01
2.116043630e+00,0.00000e+00,0.00000e+00,9.87928e-01,9.99999e-01
2.126623848e+00,0.00000e+00,0.00000e+00,9.88165e-01,9.99999e-01
2.137256967e+00,0.00000e+00,0.00000e+00,9.88397e-01,9.99999e-01
2.147943252e+00,5.23186e-188,5.29205e-188,9.88625e-01,9.99999e-01
2.158682968e+00,2.38059e-113,2.40744e-113,9.88848e-01,9.99999e-01
2.169476383e+00,1.34048e-55,1.35529e-55,9.89067e-01,9.99999e-01
2.180323765e+00,4.06807e-35,4.11214e-35,9.89282e-01,9.99999e-01
2.191225384e+00,2.12996e-18,2.15257e-18,9.89493e-01,9.99999e-01
2.202181511e+00,3.04840e-12,3.08013e-12,9.89699e-01,9.99999e-01
2.213192418e+00,5.21299e-07,5.26616e-07,9.89902e-01,9.99999e-01
2.224258381e+00,1.38536e-04,1.39921e-04,9.90100e-01,9.99999e-01
2.235379672e+00,2.91511e-03,2.94368e-03,9.90295e-01,9.99999e-01
2.246556571e+00,1.82274e-02,1.84025e-02,9.90485e-01,9.99999e-01
2.257789354e+00,8.56519e-02,8.64582e-02,9.90673e-01,9.99999e-01
2.269078300e+00,1.13195e-01,1.14239e-01,9.90856e-01,9.99999e-01
2.280423692e+00,1.21597e-01,1.22697e-01,9.91036e-01,9.99999e-01
2.291825810e+00,2.50552e-01,2.52773e-01,9.91212e-01,9.99999e-01
2.303284939e+00,3.35372e-01,3.38286e-01,9.91385e-01,9.99999e-01
2.314801364e+00,3.77272e-01,3.80486e-01,9.91554e-01,9.99999e-01
2.326375371e+00,5.21444e-01,5.25797e-01,9.91720e-01,9.99999e-01
2.338007248e+00,4.93396e-01,4.97433e-01,9.91883e-01,9.99999e-01
2.349697284e+00,5.40222e-01,5.44554e-01,9.92043e-01,9.99999e-01
2.361445770e+00,6.10700e-01,6.15501e-01,9.92199e-01,9.99999e-01
2.373252999e+00,6.38602e-01,6.43523e-01,9.92353e-01,9.99999e-01
2.385119264e+00,8.17374e-01,8.23547e-01,9.92503e-01,9.99999e-01
2.397044861e+00,9.16904e-01,9.23691e-01,9.92651e-01,9.99999e-01
2.409030085e+00,8.64689e-01,8.70963e-01,9.92795e-01,9.99999e-01
2.421075235e+00,7.77784e-01,7.83315e-01,9.92937e-01,9.99999e-01
2.433180612e+00,2.72077e-01,2.73974e-01,9.93076e-01,9.99999e-01
2.445346515e+00,5.37048e-01,5.40717e-01,9.93213e-01,9.99999e-01
2.457573247e+00,3.22838e-02,3.25000e-02,9.93346e-01,9.99999e-01
2.469861113e+00,2.69248e-08,2.71015e-08,9.93477e-01,9.99999e-01
2.482210419e+00,3.57176e-33,3.59475e-33,9.93605e-01,9.99999e-01
2.494621471e+00,3.56668e-51,3.58918e-51,9.93731e-01,9.99999e-01
2.507094578e+00,1.48849e-49,1.49769e-49,9.93855e-01,9.99999e-01
2.519630051e+00,1.10008e-65,1.10675e-65,9.93976e-01,9.99999e-01
2.532228202e+00,8.04896e-84,8.09677e-84,9.94094e-01,9.99999e-01
2.544889343e+00,9.08045e-87,9.13331e-87,9.94211e-01,9.99999e-01
2.557613789e+00,7.52400e-103,7.56694e-103,9.94325e-01,9.99999e-01
2.570401858e+00,6.67892e-207,6.71628e-207,9.94436e-01,9.99999e-01
2.583253867e+00,0.00000e+00,0.00000e+00,9.94546e-01,9.99999e-01
2.596170137e+00,0.00000e+00,0.00000e+00,9.94653e-01,9.99999e-01
2.609150988e+00,0.00000e+00,0.00000e+00,9.94759e-01,9.99999e-01
2.622196742e+00,0.00000e+00,0.00000e+00,9.94862e-01,9.99999e-01
2.635307726e+00,0.00000e+00,0.00000e+00,9.94963e-01,9.99999e-01
2.648484265e+00,0.00000e+00,0.00000e+00,9.95062e-01,9.99999e-01
2.661726686e+00,0.00000e+00,0.00000e+00,9.95160e-01,9.99999e-01
2.675035320e+00,0.00000e+00,0.00000e+00,9.95255e-01,9.99999e-01
2.688410496e+00,0.00000e+00,0.00000e+00,9.95349e-01,9.99999e-01
2.701852549e+00,0.00000e+00,0.00000e+00,9.95440e-01,9.99999e-01
2.715361811e+00,0.00000e+00,0.00000e+00,9.95530e-01,9.99999e-01
2.728938620e+00,0.00000e+00,0.00000e+00,9.95618e-01,9.99999e-01
2.742583314e+00,0.00000e+00,0.00000e+00,9.95705e-01,9.99999e-01
2.756296230e+00,0.00000e+00,0.00000e+00,9.95789e-01,9.99999e-01
2.770077711e+00,0.00000e+00,0.00000e+00,9.95872e-01,9.99999e-01
2.783928100e+00,0.00000e+00,0.00000e+00,9.95953e-01,9.99999e-01
2.797847740e+00,0.00000e+00,0.00000e+00,9.96033e-01,9.99999e-01
2.811836979e+00,0.00000e+00,0.00000e+00,9.96111e-01,9.99999e-01
2.825896164e+00,0.00000e+00,0.00000e+00,9.96188e-01,9.99999e-01
2.840025645e+00,0.00000e+00,0.00000e+00,9.96263e-01,9.99999e-01
2.854225773e+00,0.00000e+00,0.00000e+00,9.96337e-01,9.99999e-01
2.868496902e+00,0.00000e+00,0.00000e+00,9.96409e-01,9.99999e-01
2.882839386e+00,0.00000e+00,0.00000e+00,9.96480e-01,9.99999e-01
2.897253583e+00,0.00000e+00,0.00000e+00,9.96549e-01,9.99999e-01
2.911739851e+00,0.00000e+00,0.00000e+00,9.96617e-01,9.99999e-01
2.926298550e+00,0.00000e+00,0.00000e+00,9.96684e-01,9.99999e-01
2.940930043e+00,0.00000e+00,0.00000e+00,9.96749e-01,9.99999e-01
2.955634693e+00,0.00000e+00,0.00000e+00,9.96813e-01,9.99999e-01
2.970412867e+00,0.00000e+00,0.00000e+00,9.96876e-01,9.99999e-01
2.985264931e+00,1.04853e-312,1.05175e-312,9.96938e-01,9.99999e-01
3.000191256e+00,1.30884e-244,1.31278e-244,9.96998e-01,9.99999e-01
3.015192212e+00,9.10127e-261,9.12812e-261,9.97057e-01,9.99999e-01
3.030268173e+00,9.67306e-211,9.70103e-211,9.97115e-01,9.99999e-01
3.045419514e+00,1.13077e-128,1.13398e-128,9.97172e-01,9.99999e-01
3.060646612e+00,1.60971e-59,1.61418e-59,9.97228e-01,9.99999e-01
3.075949845e+00,8.62558e-48,2.73040e-47,9.97283e-01,3.16769e-01
3.091329594e+00,3.79930e-46,5.89295e-45,9.97336e-01,6.46440e-02
3.106786242e+00,5.98198e-48,1.04687e-44,9.97389e-01,5.72910e-04
3.122320173e+00,1.85091e-40,1.90930e-31,9.97440e-01,9.71900e-10
3.137931774e+00,8.81538e-35,1.73696e-30,9.97491e-01,5.08794e-05
3.153621433e+00,5.61729e-33,7.16655e-32,9.97540e-01,7.85752e-02
3.169389540e+00,8.10674e-47,2.22103e-42,9.97589e-01,3.65880e-05
3.185236488e+00,1.48485e-41,2.99436e-34,9.97636e-01,4.97057e-08
3.201162670e+00,3.55580e-40,2.28472e-27,9.97683e-01,1.55995e-13
3.217168483e+00,2.00928e-44,6.34498e-26,9.97729e-01,3.17393e-19
3.233254326e+00,1.62865e-50,1.79735e-22,9.97773e-01,9.08160e-29
3.249420598e+00,2.08349e-59,2.18259e-13,9.97817e-01,9.56681e-47
3.265667701e+00,2.82076e-85,3.05943e-11,9.97860e-01,9.23965e-75
3.281996039e+00,3.41920e-125,8.23955e-09,9.97903e-01,4.15845e-117
3.298406019e+00,1.99000e-175,2.55905e-07,9.97944e-01,7.79234e-169
3.314898049e+00,7.43320e-244,4.70055e-07,9.97985e-01,1.58454e-237
3.331472540e+00,1.37159e-200,7.82206e-07,9.98024e-01,1.75696e-194
3.348129902e+00,1.20927e-145,1.43795e-05,9.98063e-01,8.42603e-141
3.364870552e+00,1.93148e-100,2.95770e-05,9.98101e-01,6.54276e-96
3.381694905e+00,2.41407e-63,8.73567e-05,9.98139e-01,2.76861e-59
3.398603379e+00,1.00719e-38,1.08496e-03,9.98176e-01,9.30011e-36
3.415596396e+00,8.66600e-24,1.85066e-03,9.98212e-01,4.69104e-21
3.432674378e+00,2.73824e-16,4.62177e-04,9.98247e-01,5.93504e-13
3.449837750e+00,2.73219e-11,8.66702e-06,9.98281e-01,3.15782e-06
3.467086939e+00,3.34015e-10,3.21900e-09,9.98315e-01,1.03939e-01
3.484422373e+00,1.57046e-12,2.25355e-12,9.98349e-01,6.98033e-01
3.501844485e+00,1.61833e-17,4.16812e-17,9.98381e-01,3.88892e-01
3.519353708e+00,1.21510e-20,1.21771e-20,9.98413e-01,9.99445e-01
3.536950476e+00,9.01147e-25,9.03995e-25,9.98444e-01,9.98401e-01
3.554635228e+00,6.02615e-25,6.05720e-25,9.98475e-01,9.96391e-01
3.572408405e+00,2.10476e-20,2.12089e-20,9.98505e-01,9.93882e-01
3.590270447e+00,1.92061e-19,1.93020e-19,9.98535e-01,9.96490e-01
3.608221799e+00,3.92400e-14,3.93661e-14,9.98564e-01,9.98230e-01
3.626262908e+00,2.49527e-08,2.49969e-08,9.98592e-01,9.99637e-01
3.644394222e+00,1.32790e-06,1.32992e-06,9.98620e-01,9.99856e-01
3.662616193e+00,6.97027e-04,6.98525e-04,9.98647e-01,9.99205e-01
3.680929274e+00,3.59708e-02,3.61633e-02,9.98674e-01,9.95994e-01
3.699333921e+00,2.25497e-01,2.27828e-01,9.98700e-01,9.91058e-01
3.717830590e+00,1.47726e-01,1.50600e-01,9.98725e-01,9.82171e-01
3.736419743e+00,5.91310e-03,6.08752e-03,9.98750e-01,9.72562e-01
3.755101842e+00,1.92669e-07,1.97731e-07,9.98775e-01,9.75594e-01
3.773877351e+00,6.32030e-16,6.41851e-16,9.98799e-01,9.85882e-01
3.792746738e+00,1.76486e-38,1.77692e-38,9.98823e-01,9.94379e-01
3.811710472e+00,1.82984e-25,1.83658e-25,9.98846e-01,9.97478e-01
3.830769024e+00,4.03155e-25,4.04002e-25,9.98869e-01,9.99031e-01
3.849922869e+00,1.33308e-34,1.33489e-34,9.98891e-01,9.99756e-01
3.869172484e+00,6.87642e-22,6.89846e-22,9.98913e-01,9.97888e-01
3.888518346e+00,4.66756e-10,4.69639e-10,9.98935e-01,9.94919e-01
3.907960938e+00,1.61909e-07,1.63518e-07,9.98956e-01,9.91195e-01
3.927500742e+00,9.73107e-08,9.84631e-08,9.98976e-01,9.89307e-01
3.947138246e+00,2.74048e-11,2.75955e-11,9.98996e-01,9.94086e-01
3.966873937e+00,7.07057e-17,7.08632e-17,9.99016e-01,9.98759e-01
3.986708307e+00,1.35523e-25,1.35654e-25,9.99036e-01,9.99999e-01
4.006641849e+00,8.55684e-46,8.56493e-46,9.99055e-01,9.99999e-01
4.026675058e+00,4.81382e-226,4.81828e-226,9.99073e-01,9.99999e-01
4.046808433e+00,0.00000e+00,0.00000e+00,9.99092e-01,9.99999e-01
4.067042475e+00,0.00000e+00,0.00000e+00,9.99109e-01,9.99999e-01
4.087377688e+00,0.00000e+00,0.00000e+00,9.99127e-01,9.99999e-01
4.107814576e+00,0.00000e+00,0.00000e+00,9.99144e-01,9.99999e-01
4.128353649e+00,0.00000e+00,0.00000e+00,9.99161e-01,9.99999e-01
4.148995417e+00,0.00000e+00,0.00000e+00,9.99178e-01,9.99999e-01
4.169740394e+00,0.00000e+00,0.00000e+00,9.99194e-01,9.99999e-01
4.190589096e+00,0.00000e+00,0.00000e+00,9.99210e-01,9.99999e-01
4.211542042e+00,0.00000e+00,0.00000e+00,9.99225e-01,9.99999e-01
4.232599752e+00,0.00000e+00,0.00000e+00,9.99241e-01,9.99999e-01
4.253762751e+00,0.00000e+00,0.00000e+00,9.99256e-01,9.99999e-01
4.275031564e+00,0.00000e+00,0.00000e+00,9.99270e-01,9.99999e-01
4.296406722e+00,0.00000e+00,0.00000e+00,9.99285e-01,9.99999e-01
4.317888756e+00,0.00000e+00,0.00000e+00,9.99299e-01,9.99999e-01
4.339478200e+00,0.00000e+00,0.00000e+00,9.99313e-01,9.99999e-01
4.361175591e+00,0.00000e+00,0.00000e+00,9.99326e-01,9.99999e-01
4.382981469e+00,0.00000e+00,0.00000e+00,9.99339e-01,9.99999e-01
4.404896376e+00,0.00000e+00,0.00000e+00,9.99352e-01,9.99999e-01
4.426920858e+00,0.00000e+00,0.00000e+00,9.99365e-01,9.99999e-01
4.449055462e+00,0.00000e+00,0.00000e+00,9.99378e-01,9.99999e-01
4.471300739e+00,0.00000e+00,0.00000e+00,9.99390e-01,9.99999e-01
4.493657243e+00,0.00000e+00,0.00000e+00,9.99402e-01,9.99999e-01
4.516125529e+00,0.00000e+00,0.00000e+00,9.99414e-01,9.99999e-01
4.538706157e+00,0.00000e+00,0.00000e+00,9.99425e-01,9.99999e-01
4.561399688e+00,0.00000e+00,0.00000e+00,9.99437e-01,9.99999e-01
4.584206686e+00,0.00000e+00,0.00000e+00,9.99448e-01,9.99999e-01
4.607127720e+00,0.00000e+00,0.00000e+00,9.99459e-01,9.99999e-01
4.630163358e+00,0.00000e+00,0.00000e+00,9.99469e-01,9.99999e-01
4.653314175e+00,0.00000e+00,0.00000e+00,9.99480e-01,9.99999e-01
4.676580746e+00,0.00000e+00,0.00000e+00,9.99490e-01,9.99999e-01
4.699963650e+00,0.00000e+00,0.00000e+00,9.99500e-01,9.99999e-01
4.723463468e+00,0.00000e+00,0.00000e+00,9.99510e-01,9.99999e-01
4.747080785e+00,0.00000e+00,0.00000e+00,9.99520e-01,9.99999e-01
4.770816189e+00,0.00000e+00,0.00000e+00,9.99529e-01,9.99999e-01
4.794670270e+00,0.00000e+00,0.00000e+00,9.99538e-01,9.99999e-01
4.818643622e+00,0.00000e+00,0.00000e+00,9.99547e-01,9.99999e-01
4.842736840e+00,0.00000e+00,0.00000e+00,9.99556e-01,9.99999e-01
4.866950524e+00,0.00000e+00,0.00000e+00,9.99565e-01,9.99999e-01
4.891285276e+00,0.00000e+00,0.00000e+00,9.99574e-01,9.99999e-01
4.915741703e+00,0.00000e+00,0.00000e+00,9.99582e-01,9.99999e-01
4.940320411e+00,0.00000e+00,0.00000e+00,9.99590e-01,9.99999e-01
4.965022013e+00,0.00000e+00,0.00000e+00,9.99598e-01,9.99999e-01
4.989847123e+00,0.00000e+00,0.00000e+00,9.99606e-01,9.99999e-01
5.014796359e+00,0.00000e+00,0.00000e+00,9.99614e-01,9.99999e-01
5.039870341e+00,0.00000e+00,0.00000e+00,9.99622e-01,9.99999e-01
5.065069693e+00,0.00000e+00,0.00000e+00,9.99629e-01,9.99999e-01
5.090395041e+00,0.00000e+00,0.00000e+00,9.99636e-01,9.99999e-01
5.115847016e+00,0.00000e+00,0.00000e+00,9.99644e-01,9.99999e-01
5.141426251e+00,0.00000e+00,0.00000e+00,9.99651e-01,9.99999e-01
5.167133383e+00,0.00000e+00,0.00000e+00,9.99657e-01,9.99999e-01
5.192969049e+00,0.00000e+00,0.00000e+00,9.99664e-01,9.99999e-01
5.218933895e+00,0.00000e+00,0.00000e+00,9.99671e-01,9.99999e-01
5.245028564e+00,0.00000e+00,0.00000e+00,9.99677e-01,9.99999e-01
5.271253707e+00,0.00000e+00,0.00000e+00,9.99684e-01,9.99999e-01
5.297609976e+00,0.00000e+00,0.00000e+00,9.99690e-01,9.99999e-01
5.324098025e+00,0.00000e+00,0.00000e+00,9.99696e-01,9.99999e-01
5.350718516e+00,0.00000e+00,0.00000e+00,9.99702e-01,9.99999e-01
5.377472108e+00,0.00000e+00,0.00000e+00,9.99708e-01,9.99999e-01
5.404359469e+00,0.00000e+00,0.00000e+00,9.99714e-01,9.99999e-01
5.431381266e+00,0.00000e+00,0.00000e+00,9.99719e-01,9.99999e-01
5.458538172e+00,1.69178e-257,1.69225e-257,9.99725e-01,9.99999e-01
5.485830863e+00,3.64901e-165,3.64999e-165,9.99730e-01,9.99999e-01
5.513260018e+00,7.65593e-122,7.65795e-122,9.99735e-01,9.99999e-01
5.540826318e+00,3.17270e-81,3.17352e-81,9.99741e-01,9.99999e-01
5.568530449e+00,1.14153e-61,1.16183e-61,9.99746e-01,9.82779e-01
5.596373101e+00,7.01473e-46,7.20017e-46,9.99751e-01,9.74485e-01
5.624354967e+00,1.86903e-40,1.93554e-40,9.99756e-01,9.65873e-01
5.652476742e+00,1.36480e-34,1.42917e-34,9.99761e-01,9.55183e-01
5.680739126e+00,4.86674e-31,5.17220e-31,9.99765e-01,9.41162e-01
5.709142821e+00,3.72414e-29,4.04115e-29,9.99770e-01,9.21764e-01
5.737688535e+00,5.45857e-30,6.09122e-30,9.99774e-01,8.96337e-01
5.766376978e+00,4.63002e-27,5.35097e-27,9.99779e-01,8.65457e-01
5.795208863e+00,6.35745e-20,7.69813e-20,9.99783e-01,8.26021e-01
5.824184907e+00,2.05967e-14,2.65152e-14,9.99787e-01,7.76953e-01
5.853305832e+00,8.89760e-15,1.24260e-14,9.99792e-01,7.16196e-01
5.882572361e+00,2.23076e-17,3.46718e-17,9.99796e-01,6.43524e-01
5.911985223e+00,3.60972e-15,6.46754e-15,9.99800e-01,5.58239e-01
5.941545149e+00,7.24735e-09,1.56533e-08,9.99804e-01,4.63083e-01
5.971252874e+00,7.81331e-06,2.16317e-05,9.99807e-01,3.61266e-01
6.001109139e+00,9.28540e-05,3.56269e-04,9.99811e-01,2.60677e-01
6.031114685e+00,1.80359e-05,1.03577e-04,9.99815e-01,1.74162e-01
6.061270258e+00,2.82786e-07,2.74418e-06,9.99819e-01,1.03068e-01
6.091576609e+00,9.18818e-10,1.85587e-08,9.99822e-01,4.95174e-02
6.122034492e+00,1.00068e-12,5.29373e-11,9.99826e-01,1.89063e-02
6.152644665e+00,1.64040e-16,2.85244e-14,9.99829e-01,5.75184e-03
6.183407888e+00,2.68842e-19,2.19358e-16,9.99832e-01,1.22579e-03
6.214324928e+00,6.18288e-21,3.75063e-17,9.99836e-01,1.64876e-04
6.245396552e+00,1.15053e-18,9.39484e-14,9.99839e-01,1.22484e-05
6.276623535e+00,2.17275e-18,5.10564e-12,9.99842e-01,4.25624e-07
6.308006653e+00,2.99560e-21,5.31505e-13,9.99845e-01,5.63693e-09
6.339546686e+00,8.00519e-28,3.56774e-17,9.99848e-01,2.24411e-11
6.371244419e+00,6.57383e-33,1.92952e-19,9.99851e-01,3.40748e-14
6.403100641e+00,2.56263e-31,2.31084e-14,9.99854e-01,1.10912e-17
6.435116145e+00,6.58037e-29,2.11986e-07,9.99857e-01,3.10459e-22
6.467291725e+00,1.79351e-33,4.01547e-04,9.99860e-01,4.46713e-30
6.499628184e+00,1.59832e-39,3.12916e-02,9.99863e-01,5.10852e-38
6.532126325e+00,8.87757e-48,1.41501e-01,9.99865e-01,6.27467e-47
6.564786956e+00,1.37697e-60,2.56338e-01,9.99868e-01,5.37239e-60
6.597610891e+00,1.11470e-73,3.27443e-01,9.99870e-01,3.40470e-73
6.630598946e+00,2.73226e-92,3.78175e-01,9.99873e-01,7.22576e-92
6.663751940e+00,4.83863e-112,3.77976e-01,9.99876e-01,1.28030e-111
6.697070700e+00,1.40839e-137,2.88081e-01,9.99878e-01,4.88947e-137
6.730556054e+00,2.00163e-164,1.73473e-01,9.99880e-01,1.15399e-163
6.764208834e+00,5.51649e-197,6.74713e-02,9.99883e-01,8.17699e-196
6.798029878e+00,3.88216e-241,1.70017e-02,9.99885e-01,2.28366e-239
6.832020027e+00,5.84470e-293,1.71345e-03,9.99887e-01,3.41145e-290
6.866180128e+00,0.00000e+00,5.98293e-05,9.99889e-01,0.00000e+00
6.900511028e+00,0.00000e+00,4.46174e-07,9.99892e-01,0.00000e+00
6.935013583e+00,0.00000e+00,7.33086e-11,9.99894e-01,0.00000e+00
6.969688651e+00,0.00000e+00,2.85388e-15,9.99896e-01,0.00000e+00
7.004537095e+00,0.00000e+00,3.02736e-23,9.99898e-01,0.00000e+00
7.039559780e+00,0.00000e+00,8.02499e-30,9.99900e-01,0.00000e+00
7.074757579e+00,0.00000e+00,2.08544e-40,9.99902e-01,0.00000e+00
7.110131367e+00,0.00000e+00,5.21092e-47,9.99904e-01,0.00000e+00
7.145682024e+00,0.00000e+00,9.98772e-56,9.99906e-01,0.00000e+00
7.181410434e+00,0.00000e+00,7.18632e-61,9.99907e-01,0.00000e+00
7.217317486e+00,0.00000e+00,1.00156e-63,9.99909e-01,0.00000e+00
7.253404073e+00,0.00000e+00,4.60472e-63,9.99911e-01,0.00000e+00
7.289671094e+00,0.00000e+00,2.97804e-50,9.99913e-01,0.00000e+00
7.326119449e+00,0.00000e+00,3.85667e-47,9.99914e-01,0.00000e+00
7.362750046e+00,0.00000e+00,1.96078e-51,9.99916e-01,0.00000e+00
7.399563797e+00,0.00000e+00,3.41055e-51,9.99918e-01,0.00000e+00
7.436561616e+00,0.00000e+00,8.21555e-43,9.99919e-01,0.00000e+00
7.473744424e+00,0.00000e+00,1.17038e-28,9.99921e-01,0.00000e+00
7.511113146e+00,0.00000e+00,1.99781e-20,9.99923e-01,0.00000e+00
7.548668712e+00,0.00000e+00,5.20200e-13,9.99924e-01,0.00000e+00
7.586412055e+00,0.00000e+00,1.54967e-10,9.99925e-01,0.00000e+00
7.624344115e+00,0.00000e+00,3.76071e-10,9.99927e-01,0.00000e+00
7.662465836e+00,0.00000e+00,6.19254e-12,9.99928e-01,0.00000e+00
7.700778165e+00,0.00000e+00,5.00891e-16,9.99930e-01,0.00000e+00
7.739282056e+00,0.00000e+00,1.51035e-25,9.99931e-01,0.00000e+00
7.777978466e+00,0.00000e+00,6.77955e-34,9.99932e-01,0.00000e+00
7.816868359e+00,0.00000e+00,3.56653e-45,9.99934e-01,0.00000e+00
7.855952700e+00,0.00000e+00,2.53138e-46,9.99935e-01,0.00000e+00
7.895232464e+00,0.00000e+00,4.09692e-39,9.99936e-01,0.00000e+00
7.934708626e+00,0.00000e+00,1.06986e-35,9.99938e-01,0.00000e+00
7.974382169e+00,0.00000e+00,1.36811e-39,9.99939e-01,0.00000e+00
8.014254080e+00,0.00000e+00,1.30063e-47,9.99940e-01,0.00000e+00
8.054325351e+00,0.00000e+00,2.57691e-48,9.99941e-01,0.00000e+00
8.094596977e+00,0.00000e+00,1.34585e-46,9.99942e-01,0.00000e+00
8.135069962e+00,9.86746e-300,3.16463e-42,9.99943e-01,3.11821e-258
8.175745312e+00,2.67512e-236,2.60561e-35,9.99945e-01,1.02673e-201
8.216624039e+00,4.66311e-187,1.60271e-30,9.99946e-01,2.90966e-157
8.257707159e+00,1.38817e-146,1.46557e-24,9.99947e-01,9.47233e-123
8.298995695e+00,2.89194e-115,6.12667e-22,9.99948e-01,4.72048e-94
8.340490673e+00,1.05205e-90,3.41301e-20,9.99949e-01,3.08261e-71
8.382193126e+00,4.35884e-72,6.57881e-19,9.99950e-01,6.62590e-54
8.424104092e+00,4.29406e-56,8.14590e-16,9.99951e-01,5.27169e-41
8.466224613e+00,4.57540e-43,1.75658e-12,9.99952e-01,2.60484e-31
8.508555736e+00,7.65939e-30,5.85501e-08,9.99953e-01,1.30824e-22
8.551098514e+00,7.27003e-22,1.28647e-05,9.99953e-01,5.65139e-17
8.593854007e+00,5.46366e-18,3.04376e-05,9.99954e-01,1.79512e-13
8.636823277e+00,8.49925e-16,4.43850e-06,9.99955e-01,1.91497e-10
8.680007393e+00,3.02848e-14,7.20707e-07,9.99956e-01,4.20228e-08
8.723407430e+00,5.42637e-13,2.73988e-07,9.99957e-01,1.98059e-06
8.767024467e+00,3.01179e-13,7.72582e-09,9.99958e-01,3.89850e-05
8.810859590e+00,8.15536e-30,1.70003e-26,9.99959e-01,4.79736e-04
8.854913888e+00,9.75965e-91,3.47930e-88,9.99959e-01,2.80517e-03
8.899188457e+00,0.00000e+00,0.00000e+00,9.99960e-01,1.08487e-02
8.943684399e+00,0.00000e+00,0.00000e+00,9.99961e-01,3.35626e-02
8.988402821e+00,0.00000e+00,0.00000e+00,9.99962e-01,7.39570e-02
9.033344836e+00,0.00000e+00,0.00000e+00,9.99962e-01,1.35053e-01
9.078511560e+00,0.00000e+00,0.00000e+00,9.99963e-01,2.15313e-01
9.123904118e+00,0.00000e+00,0.00000e+00,9.99964e-01,3.07268e-01
9.169523638e+00,0.00000e+00,0.00000e+00,9.99965e-01,4.04602e-01
9.215371256e+00,0.00000e+00,0.00000e+00,9.99965e-01,4.90938e-01
9.261448113e+00,0.00000e+00,0.00000e+00,9.99966e-01,5.78873e-01
9.307755353e+00,0.00000e+00,0.00000e+00,9.99967e-01,6.57609e-01
9.354294130e+00,0.00000e+00,0.00000e+00,9.99967e-01,7.24651e-01
9.401065601e+00,0.00000e+00,0.00000e+00,9.99968e-01,7.81179e-01
9.448070929e+00,0.00000e+00,0.00000e+00,9.99968e-01,8.23504e-01
9.495311283e+00,0.00000e+00,0.00000e+00,9.99969e-01,8.58399e-01
9.542787840e+00,0.00000e+00,0.00000e+00,9.99970e-01,8.89319e-01
9.590501779e+00,0.00000e+00,0.00000e+00,9.99970e-01,9.13992e-01
9.638454288e+00,0.00000e+00,0.00000e+00,9.99971e-01,9.31732e-01
9.686646559e+00,0.00000e+00,0.00000e+00,9.99971e-01,9.45926e-01
9.735079792e+00,0.00000e+00,0.00000e+00,9.99972e-01,9.57233e-01
9.783755191e+00,0.00000e+00,0.00000e+00,9.99972e-01,9.66216e-01
9.832673967e+00,0.00000e+00,0.00000e+00,9.99973e-01,9.73341e-01
9.881837337e+00,0.00000e+00,0.00000e+00,9.99973e-01,9.78976e-01
9.931246523e+00,0.00000e+00,0.00000e+00,9.99974e-01,9.83436e-01
9.980902756e+00,0.00000e+00,0.00000e+00,9.99974e-01,9.99999e-01
1.003080727e+01,0.00000e+00,0.00000e+00,9.99975e-01,9.99999e-01
1.008096131e+01,0.00000e+00,0.00000e+00,9.99975e-01,9.99999e-01
1.013136611e+01,0.00000e+00,0.00000e+00,9.99976e-01,9.99999e-01
1.018202294e+01,0.00000e+00,0.00000e+00,9.99976e-01,9.99999e-01
1.023293306e+01,0.00000e+00,0.00000e+00,9.99977e-01,9.99999e-01
1.028409772e+01,0.00000e+00,0.00000e+00,9.99977e-01,9.99999e-01
1.033551821e+01,0.00000e+00,0.00000e+00,9.99978e-01,9.99999e-01
1.038719580e+01,0.00000e+00,0.00000e+00,9.99978e-01,9.99999e-01
1.043913178e+01,0.00000e+00,0.00000e+00,9.99978e-01,9.99999e-01
1.049132744e+01,0.00000e+00,0.00000e+00,9.99979e-01,9.99999e-01
1.054378408e+01,0.00000e+00,0.00000e+00,9.99979e-01,9.99999e-01
1.059650300e+01,0.00000e+00,0.00000e+00,9.99980e-01,9.99999e-01
1.064948551e+01,0.00000e+00,0.00000e+00,9.99980e-01,9.99999e-01
1.070273294e+01,0.00000e+00,0.00000e+00,9.99980e-01,9.99999e-01
1.075624661e+01,0.00000e+00,0.00000e+00,9.99981e-01,9.99999e-01
1.081002784e+01,0.00000e+00,0.00000e+00,9.99981e-01,9.99999e-01
1.086407798e+01,0.00000e+00,0.00000e+00,9.99982e-01,9.99999e-01
1.091839837e+01,0.00000e+00,0.00000e+00,9.99982e-01,9.99999e-01
1.097299036e+01,0.00000e+00,0.00000e+00,9.99982e-01,9.99999e-01
1.102785531e+01,0.00000e+00,0.00000e+00,9.99983e-01,9.99999e-01
1.108299459e+01,0.00000e+00,0.00000e+00,9.99983e-01,9.99999e-01
1.113840956e+01,0.00000e+00,0.00000e+00,9.99983e-01,9.99999e-01
1.119410161e+01,0.00000e+00,0.00000e+00,9.99983e-01,9.99999e-01
1.125007212e+01,0.00000e+00,0.00000e+00,9.99984e-01,9.99999e-01
1.130632248e+01,0.00000e+00,0.00000e+00,9.99984e-01,9.99999e-01
1.136285409e+01,0.00000e+00,0.00000e+00,9.99984e-01,9.99999e-01
1.141966836e+01,0.00000e+00,0.00000e+00,9.99985e-01,9.99999e-01
1.147676670e+01,0.00000e+00,0.00000e+00,9.99985e-01,9.99999e-01
1.153415054e+01,0.00000e+00,0.00000e+00,9.99985e-01,9.99999e-01
1.159182129e+01,0.00000e+00,0.00000e+00,9.99986e-01,9.99999e-01
1.164978039e+01,0.00000e+00,0.00000e+00,9.99986e-01,9.99999e-01
1.170802930e+01,0.00000e+00,0.00000e+00,9.99986e-01,9.99999e-01
1.176656944e+01,0.00000e+00,0.00000e+00,9.99986e-01,9.99999e-01
1.182540229e+01,0.00000e+00,0.00000e+00,9.99987e-01,9.99999e-01
1.188452930e+01,0.00000e+00,0.00000e+00,9.99987e-01,9.99999e-01
1.194395195e+01,0.00000e+00,0.00000e+00,9.99987e-01,9.99999e-01
1.200367171e+01,0.00000e+00,0.00000e+00,9.99987e-01,9.99999e-01
1.206369007e+01,0.00000e+00,0.00000e+00,9.99988e-01,9.99999e-01
1.212400852e+01,0.00000e+00,0.00000e+00,9.99988e-01,9.99999e-01
1.218462856e+01,0.00000e+00,0.00000e+00,9.99988e-01,9.99999e-01
1.224555170e+01,0.00000e+00,0.00000e+00,9.99988e-01,9.99999e-01
1.230677946e+01,0.00000e+00,0.00000e+00,9.99988e-01,9.99999e-01
1.236831336e+01,0.00000e+00,0.00000e+00,9.99989e-01,9.99999e-01
1.243015492e+01,0.00000e+00,0.00000e+00,9.99989e-01,9.99999e-01
1.249230570e+01,0.00000e+00,0.00000e+00,9.99989e-01,9.99999e-01
1.255476723e+01,0.00000e+00,0.00000e+00,9.99989e-01,9.99999e-01
1.261754106e+01,0.00000e+00,0.00000e+00,9.99989e-01,9.99999e-01
1.268062877e+01,0.00000e+00,0.00000e+00,9.99990e-01,9.99999e-01
1.274403191e+01,0.00000e+00,0.00000e+00,9.99990e-01,9.99999e-01
1.280775207e+01,0.00000e+00,0.00000e+00,9.99990e-01,9.99999e-01
1.287179083e+01,0.00000e+00,0.00000e+00,9.99990e-01,9.99999e-01
1.293614979e+01,0.00000e+00,0.00000e+00,9.99990e-01,9.99999e-01
1.300083054e+01,0.00000e+00,0.00000e+00,9.99990e-01,9.99999e-01
1.306583469e+01,0.00000e+00,0.00000e+00,9.99991e-01,9.99999e-01
1.313116386e+01,0.00000e+00,0.00000e+00,9.99991e-01,9.99999e-01
1.319681968e+01,0.00000e+00,0.00000e+00,9.99991e-01,9.99999e-01
1.326280378e+01,0.00000e+00,0.00000e+00,9.99991e-01,9.99999e-01
1.332911780e+01,0.00000e+00,0.00000e+00,9.99991e-01,9.99999e-01
1.339576339e+01,0.00000e+00,0.00000e+00,9.99991e-01,9.95700e-01
1.346274221e+01,0.00000e+00,0.00000e+00,9.99992e-01,9.95258e-01
1.353005592e+01,0.00000e+00,0.00000e+00,9.99992e-01,9.94772e-01
1.359770620e+01,0.00000e+00,0.00000e+00,9.99992e-01,9.94307e-01
1.366569473e+01,0.00000e+00,0.00000e+00,9.99992e-01,9.93798e-01
1.373402320e+01,0.00000e+00,0.00000e+00,9.99992e-01,9.93246e-01
1.380269332e+01,0.00000e+00,0.00000e+00,9.99992e-01,9.92643e-01
1.387170678e+01,0.00000e+00,0.00000e+00,9.99992e-01,9.91890e-01
1.394106532e+01,0.00000e+00,0.00000e+00,9.99993e-01,9.91169e-01
1.401077064e+01,0.00000e+00,0.00000e+00,9.99993e-01,9.90382e-01
1.408082450e+01,0.00000e+00,0.00000e+00,9.99993e-01,9.89528e-01
1.415122862e+01,0.00000e+00,0.00000e+00,9.99993e-01,9.88596e-01
1.422198476e+01,0.00000e+00,0.00000e+00,9.99993e-01,9.87587e-01
1.429309469e+01,0.00000e+00,0.00000e+00,9.99993e-01,9.86482e-01
1.436456016e+01,0.00000e+00,0.00000e+00,9.99993e-01,9.85286e-01
1.443638296e+01,0.00000e+00,0.00000e+00,9.99993e-01,9.83980e-01
1.450856487e+01,0.00000e+00,0.00000e+00,9.99994e-01,9.82562e-01
1.458110770e+01,0.00000e+00,0.00000e+00,9.99994e-01,9.81018e-01
1.465401324e+01,0.00000e+00,0.00000e+00,9.99994e-01,9.79344e-01
1.472728330e+01,0.00000e+00,0.00000e+00,9.99994e-01,9.77789e-01
1.480091972e+01,0.00000e+00,0.00000e+00,9.99994e-01,9.75828e-01
1.487492432e+01,0.00000e+00,0.00000e+00,9.99994e-01,9.73703e-01
1.494929894e+01,0.00000e+00,0.00000e+00,9.99994e-01,9.71387e-01
1.502404544e+01,0.00000e+00,0.00000e+00,9.99994e-01,9.68883e-01
1.509916566e+01,0.00000e+00,0.00000e+00,9.99994e-01,9.66556e-01
1.517466149e+01,0.00000e+00,0.00000e+00,9.99994e-01,9.64063e-01
1.525053480e+01,0.00000e+00,0.00000e+00,9.99994e-01,9.60913e-01
1.532678747e+01,0.00000e+00,0.00000e+00,9.99995e-01,9.57513e-01
1.540342141e+01,0.00000e+00,0.00000e+00,9.99995e-01,9.54361e-01
1.548043852e+01,0.00000e+00,0.00000e+00,9.99995e-01,9.50982e-01
1.555784071e+01,0.00000e+00,0.00000e+00,9.99995e-01,9.46726e-01
1.563562991e+01,0.00000e+00,0.00000e+00,9.99995e-01,9.42130e-01
1.571380806e+01,0.00000e+00,0.00000e+00,9.99995e-01,9.37883e-01
1.579237710e+01,0.00000e+00,0.00000e+00,9.99995e-01,9.33328e-01
1.587133899e+01,0.00000e+00,0.00000e+00,9.99995e-01,9.28458e-01
1.595069568e+01,0.00000e+00,0.00000e+00,9.99995e-01,9.23250e-01
1.603044916e+01,0.00000e+00,0.00000e+00,9.99995e-01,9.17680e-01
1.611060141e+01,0.00000e+00,0.00000e+00,9.99995e-01,9.10679e-01
1.619115441e+01,0.00000e+00,0.00000e+00,9.99995e-01,9.03146e-01
1.627211019e+01,0.00000e+00,0.00000e+00,9.99996e-01,8.96207e-01
1.635347074e+01,0.00000e+00,0.00000e+00,9.99996e-01,8.88803e-01
1.643523809e+01,0.00000e+00,0.00000e+00,9.99996e-01,8.80905e-01
1.651741428e+01,0.00000e+00,0.00000e+00,9.99996e-01,8.72484e-01
1.660000135e+01,0.00000e+00,0.00000e+00,9.99996e-01,8.63558e-01
1.668300136e+01,0.00000e+00,0.00000e+00,9.99996e-01,8.54016e-01
1.676641637e+01,0.00000e+00,0.00000e+00,9.99996e-01,8.43884e-01
1.685024845e+01,0.00000e+00,0.00000e+00,9.99996e-01,8.33116e-01
1.693449969e+01,0.00000e+00,0.00000e+00,9.99996e-01,8.21700e-01
1.701917219e+01,0.00000e+00,0.00000e+00,9.99996e-01,8.09598e-01
1.710426805e+01,0.00000e+00,0.00000e+00,9.99996e-01,7.96787e-01
1.718978939e+01,0.00000e+00,0.00000e+00,9.99996e-01,7.85559e-01
1.727573834e+01,0.00000e+00,0.00000e+00,9.99996e-01,7.73785e-01
1.736211703e+01,0.00000e+00,0.00000e+00,9.99996e-01,7.58969e-01
1.744892761e+01,0.00000e+00,0.00000e+00,9.99996e-01,7.43317e-01
1.753617225e+01,0.00000e+00,0.00000e+00,9.99996e-01,7.26873e-01
1.762385311e+01,0.00000e+00,0.00000e+00,9.99996e-01,7.09607e-01
1.771197238e+01,0.00000e+00,0.00000e+00,9.99997e-01,6.91491e-01
1.780053224e+01,0.00000e+00,0.00000e+00,9.99997e-01,6.75775e-01
1.788953490e+01,0.00000e+00,0.00000e+00,9.99997e-01,6.59450e-01
1.797898258e+01,0.00000e+00,0.00000e+00,9.99997e-01,6.39080e-01
1.806887749e+01,0.00000e+00,0.00000e+00,9.99997e-01,6.17894e-01
1.815922188e+01,0.00000e+00,0.00000e+00,9.99997e-01,5.99648e-01
1.825001799e+01,0.00000e+00,0.00000e+00,9.99997e-01,5.80825e-01
1.834126808e+01,0.00000e+00,0.00000e+00,9.99997e-01,5.57572e-01
1.843297442e+01,0.00000e+00,0.00000e+00,9.99997e-01,5.33628e-01
1.852513929e+01,0.00000e+00,0.00000e+00,9.99997e-01,5.13213e-01
1.861776499e+01,0.00000e+00,0.00000e+00,9.99997e-01,4.92311e-01
1.871085381e+01,0.00000e+00,0.00000e+00,9.99997e-01,4.66793e-01
1.880440808e+01,0.00000e+00,0.00000e+00,9.99997e-01,4.45239e-01
1.889843012e+01,0.00000e+00,0.00000e+00,9.99997e-01,4.23363e-01
1.899292227e+01,0.00000e+00,0.00000e+00,9.99997e-01,3.96945e-01
1.908788688e+01,0.00000e+00,0.00000e+00,9.99997e-01,3.74861e-01
1.918332632e+01,0.00000e+00,0.00000e+00,9.99997e-01,3.52664e-01
1.927924295e+01,0.00000e+00,0.00000e+00,9.99997e-01,3.30633e-01
1.937563916e+01,0.00000e+00,0.00000e+00,9.99997e-01,3.08642e-01
1.947251736e+01,0.00000e+00,0.00000e+00,9.99997e-01,2.86995e-01
1.956987994e+01,0.00000e+00,0.00000e+00,9.99997e-01,2.65609e-01
1.966772934e+01,0.00000e+00,0.00000e+00,9.99997e-01,2.40511e-01
1.976606799e+01,0.00000e+00,0.00000e+00,9.99997e-01,2.20249e-01
1.986489833e+01,0.00000e+00,0.00000e+00,9.99997e-01,2.00542e-01
1.996422282e+01,0.00000e+00,0.00000e+00,9.99997e-01,1.81661e-01
