#,Wave/freq,Total,N2,Rayleigh,CIA
4.000000000e-01,2.69035e-01,9.99999e-01,2.69035e-01,9.99999e-01
4.020000000e-01,2.76110e-01,9.99999e-01,2.76110e-01,9.99999e-01
4.040100000e-01,2.83219e-01,9.99999e-01,2.83219e-01,9.99999e-01
4.060300500e-01,2.90365e-01,9.99999e-01,2.90365e-01,9.99999e-01
4.080602003e-01,2.97545e-01,9.99999e-01,2.97545e-01,9.99999e-01
4.101005013e-01,3.04756e-01,9.99999e-01,3.04756e-01,9.99999e-01
4.121510038e-01,3.11993e-01,9.99999e-01,3.11993e-01,9.99999e-01
4.142117588e-01,3.19254e-01,9.99999e-01,3.19254e-01,9.99999e-01
4.162828176e-01,3.26536e-01,9.99999e-01,3.26536e-01,9.99999e-01
4.183642317e-01,3.33835e-01,9.99999e-01,3.33835e-01,9.99999e-01
4.204560528e-01,3.41149e-01,9.99999e-01,3.41149e-01,9.99999e-01
4.225583331e-01,3.48473e-01,9.99999e-01,3.48473e-01,9.99999e-01
4.246711247e-01,3.55805e-01,9.99999e-01,3.55805e-01,9.99999e-01
4.267944804e-01,3.63143e-01,9.99999e-01,3.63143e-01,9.99999e-01
4.289284528e-01,3.70482e-01,9.99999e-01,3.70482e-01,9.99999e-01
4.310730950e-01,3.77820e-01,9.99999e-01,3.77820e-01,9.99999e-01
4.332284605e-01,3.85154e-01,9.99999e-01,3.85154e-01,9.99999e-01
4.353946028e-01,3.92481e-01,9.99999e-01,3.92481e-01,9.99999e-01
4.375715758e-01,3.99799e-01,9.99999e-01,3.99799e-01,9.99999e-01
4.397594337e-01,4.07105e-01,9.99999e-01,4.07105e-01,9.99999e-01
4.419582309e-01,4.14396e-01,9.99999e-01,4.14396e-01,9.99999e-01
4.441680220e-01,4.21670e-01,9.99999e-01,4.21670e-01,9.99999e-01
4.463888621e-01,4.28924e-01,9.99999e-01,4.28924e-01,9.99999e-01
4.486208064e-01,4.36156e-01,9.99999e-01,4.36156e-01,9.99999e-01
4.508639105e-01,4.43364e-01,9.99999e-01,4.43364e-01,9.99999e-01
4.531182300e-01,4.50544e-01,9.99999e-01,4.50544e-01,9.99999e-01
4.553838212e-01,4.57696e-01,9.99999e-01,4.57696e-01,9.99999e-01
4.576607403e-01,4.64816e-01,9.99999e-01,4.64816e-01,9.99999e-01
4.599490440e-01,4.71904e-01,9.99999e-01,4.71904e-01,9.99999e-01
4.622487892e-01,4.78956e-01,9.99999e-01,4.78956e-01,9.99999e-01
4.645600332e-01,4.85971e-01,9.99999e-01,4.85971e-01,9.99999e-01
4.668828333e-01,4.92948e-01,9.99999e-01,4.92948e-01,9.99999e-01
4.692172475e-01,4.99883e-01,9.99999e-01,4.99883e-01,9.99999e-01
4.715633337e-01,5.06777e-01,9.99999e-01,5.06777e-01,9.99999e-01
4.739211504e-01,5.13626e-01,9.99999e-01,5.13626e-01,9.99999e-01
4.762907561e-01,5.20430e-01,9.99999e-01,5.20430e-01,9.99999e-01
4.786722099e-01,5.27188e-01,9.99999e-01,5.27188e-01,9.99999e-01
4.810655710e-01,5.33897e-01,9.99999e-01,5.33897e-01,9.99999e-01
4.834708988e-01,5.40556e-01,9.99999e-01,5.40556e-01,9.99999e-01
4.858882533e-01,5.47164e-01,9.99999e-01,5.47164e-01,9.99999e-01
4.883176946e-01,5.53720e-01,9.99999e-01,5.53720e-01,9.99999e-01
4.907592831e-01,5.60223e-01,9.99999e-01,5.60223e-01,9.99999e-01
4.932130795e-01,5.66672e-01,9.99999e-01,5.66672e-01,9.99999e-01
4.956791449e-01,5.73065e-01,9.99999e-01,5.73065e-01,9.99999e-01
4.981575406e-01,5.79402e-01,9.99999e-01,5.79402e-01,9.99999e-01
5.006483283e-01,5.85682e-01,9.99999e-01,5.85682e-01,9.99999e-01
5.031515699e-01,5.91903e-01,9.99999e-01,5.91903e-01,9.99999e-01
5.056673278e-01,5.98066e-01,9.99999e-01,5.98066e-01,9.99999e-01
5.081956644e-01,6.04170e-01,9.99999e-01,6.04170e-01,9.99999e-01
5.107366428e-01,6.10214e-01,9.99999e-01,6.10214e-01,9.99999e-01
5.132903260e-01,6.16196e-01,9.99999e-01,6.16196e-01,9.99999e-01
5.158567776e-01,6.22118e-01,9.99999e-01,6.22118e-01,9.99999e-01
5.184360615e-01,6.27978e-01,9.99999e-01,6.27978e-01,9.99999e-01
5.210282418e-01,6.33775e-01,9.99999e-01,6.33775e-01,9.99999e-01
5.236333830e-01,6.39510e-01,9.99999e-01,6.39510e-01,9.99999e-01
5.262515499e-01,6.45182e-01,9.99999e-01,6.45182e-01,9.99999e-01
5.288828077e-01,6.50791e-01,9.99999e-01,6.50791e-01,9.99999e-01
5.315272217e-01,6.56337e-01,9.99999e-01,6.56337e-01,9.99999e-01
5.341848578e-01,6.61819e-01,9.99999e-01,6.61819e-01,9.99999e-01
5.368557821e-01,6.67236e-01,9.99999e-01,6.67236e-01,9.99999e-01
5.395400610e-01,6.72590e-01,9.99999e-01,6.72590e-01,9.99999e-01
5.422377613e-01,6.77880e-01,9.99999e-01,6.77880e-01,9.99999e-01
5.449489501e-01,6.83106e-01,9.99999e-01,6.83106e-01,9.99999e-01
5.476736949e-01,6.88268e-01,9.99999e-01,6.88268e-01,9.99999e-01
5.504120634e-01,6.93365e-01,9.99999e-01,6.93365e-01,9.99999e-01
5.531641237e-01,6.98399e-01,9.99999e-01,6.98399e-01,9.99999e-01
5.559299443e-01,7.03368e-01,9.99999e-01,7.03368e-01,9.99999e-01
5.587095940e-01,7.08274e-01,9.99999e-01,7.08274e-01,9.99999e-01
5.615031420e-01,7.13116e-01,9.99999e-01,7.13116e-01,9.99999e-01
5.643106577e-01,7.17895e-01,9.99999e-01,7.17895e-01,9.99999e-01
5.671322110e-01,7.22610e-01,9.99999e-01,7.22610e-01,9.99999e-01
5.699678720e-01,7.27262e-01,9.99999e-01,7.27262e-01,9.99999e-01
5.728177114e-01,7.31851e-01,9.99999e-01,7.31851e-01,9.99999e-01
5.756818000e-01,7.36378e-01,9.99999e-01,7.36378e-01,9.99999e-01
5.785602090e-01,7.40842e-01,9.99999e-01,7.40842e-01,9.99999e-01
5.814530100e-01,7.45245e-01,9.99999e-01,7.45245e-01,9.99999e-01
5.843602750e-01,7.49586e-01,9.99999e-01,7.49586e-01,9.99999e-01
5.872820764e-01,7.53866e-01,9.99999e-01,7.53866e-01,9.99999e-01
5.902184868e-01,7.58085e-01,9.99999e-01,7.58085e-01,9.99999e-01
5.931695792e-01,7.62243e-01,9.99999e-01,7.62243e-01,9.99999e-01
5.961354271e-01,7.66342e-01,9.99999e-01,7.66342e-01,9.99999e-01
5.991161043e-01,7.70381e-01,9.99999e-01,7.70381e-01,9.99999e-01
6.021116848e-01,7.74361e-01,9.99999e-01,7.74361e-01,9.99999e-01
6.051222432e-01,7.78282e-01,9.99999e-01,7.78282e-01,9.99999e-01
6.081478544e-01,7.82145e-01,9.99999e-01,7.82145e-01,9.99999e-01
6.111885937e-01,7.85950e-01,9.99999e-01,7.85950e-01,9.99999e-01
6.142445367e-01,7.89698e-01,9.99999e-01,7.89698e-01,9.99999e-01
6.173157594e-01,7.93390e-01,9.99999e-01,7.93390e-01,9.99999e-01
6.204023382e-01,7.97025e-01,9.99999e-01,7.97025e-01,9.99999e-01
6.235043498e-01,8.00605e-01,9.99999e-01,8.00605e-01,9.99999e-01
6.266218716e-01,8.04129e-01,9.99999e-01,8.04129e-01,9.99999e-01
6.297549810e-01,8.07599e-01,9.99999e-01,8.07599e-01,9.99999e-01
6.329037559e-01,8.11015e-01,9.99999e-01,8.11015e-01,9.99999e-01
6.360682746e-01,8.14378e-01,9.99999e-01,8.14378e-01,9.99999e-01
6.392486160e-01,8.17688e-01,9.99999e-01,8.17688e-01,9.99999e-01
6.424448591e-01,8.20945e-01,9.99999e-01,8.20945e-01,9.99999e-01
6.456570834e-01,8.24150e-01,9.99999e-01,8.24150e-01,9.99999e-01
6.488853688e-01,8.27305e-01,9.99999e-01,8.27305e-01,9.99999e-01
6.521297956e-01,8.30409e-01,9.99999e-01,8.30409e-01,9.99999e-01
6.553904446e-01,8.33462e-01,9.99999e-01,8.33462e-01,9.99999e-01
6.586673968e-01,8.36467e-01,9.99999e-01,8.36467e-01,9.99999e-01
6.619607338e-01,8.39422e-01,9.99999e-01,8.39422e-01,9.99999e-01
6.652705375e-01,8.42330e-01,9.99999e-01,8.42330e-01,9.99999e-01
6.685968902e-01,8.45189e-01,9.99999e-01,8.45189e-01,9.99999e-01
6.719398746e-01,8.48002e-01,9.99999e-01,8.48002e-01,9.99999e-01
6.752995740e-01,8.50768e-01,9.99999e-01,8.50768e-01,9.99999e-01
6.786760719e-01,8.53488e-01,9.99999e-01,8.53488e-01,9.99999e-01
6.820694522e-01,8.56163e-01,9.99999e-01,8.56163e-01,9.99999e-01
6.854797995e-01,8.58793e-01,9.99999e-01,8.58793e-01,9.99999e-01
6.889071985e-01,8.61380e-01,9.99999e-01,8.61380e-01,9.99999e-01
6.923517345e-01,8.63922e-01,9.99999e-01,8.63922e-01,9.99999e-01
6.958134932e-01,8.66422e-01,9.99999e-01,8.66422e-01,9.99999e-01
6.992925606e-01,8.68879e-01,9.99999e-01,8.68879e-01,9.99999e-01
7.027890234e-01,8.71295e-01,9.99999e-01,8.71295e-01,9.99999e-01
7.063029686e-01,8.73669e-01,9.99999e-01,8.73669e-01,9.99999e-01
7.098344834e-01,8.76003e-01,9.99999e-01,8.76003e-01,9.99999e-01
7.133836558e-01,8.78297e-01,9.99999e-01,8.78297e-01,9.99999e-01
7.169505741e-01,8.80551e-01,9.99999e-01,8.80551e-01,9.99999e-01
7.205353270e-01,8.82766e-01,9.99999e-01,8.82766e-01,9.99999e-01
7.241380036e-01,8.84943e-01,9.99999e-01,8.84943e-01,9.99999e-01
7.277586936e-01,8.87082e-01,9.99999e-01,8.87082e-01,9.99999e-01
7.313974871e-01,8.89184e-01,9.99999e-01,8.89184e-01,9.99999e-01
7.350544745e-01,8.91249e-01,9.99999e-01,8.91249e-01,9.99999e-01
7.387297469e-01,8.93278e-01,9.99999e-01,8.93278e-01,9.99999e-01
7.424233956e-01,8.95272e-01,9.99999e-01,8.95272e-01,9.99999e-01
7.461355126e-01,8.97230e-01,9.99999e-01,8.97230e-01,9.99999e-01
7.498661902e-01,8.99154e-01,9.99999e-01,8.99154e-01,9.99999e-01
7.536155211e-01,9.01044e-01,9.99999e-01,9.01044e-01,9.99999e-01
7.573835987e-01,9.02901e-01,9.99999e-01,9.02901e-01,9.99999e-01
7.611705167e-01,9.04724e-01,9.99999e-01,9.04724e-01,9.99999e-01
7.649763693e-01,9.06515e-01,9.99999e-01,9.06515e-01,9.99999e-01
7.688012511e-01,9.08274e-01,9.99999e-01,9.08274e-01,9.99999e-01
7.726452574e-01,9.10002e-01,9.99999e-01,9.10002e-01,9.99999e-01
7.765084837e-01,9.11699e-01,9.99999e-01,9.11699e-01,9.99999e-01
7.803910261e-01,9.13365e-01,9.99999e-01,9.13365e-01,9.99999e-01
7.842929812e-01,9.15001e-01,9.99999e-01,9.15001e-01,9.99999e-01
7.882144461e-01,9.16608e-01,9.99999e-01,9.16608e-01,9.99999e-01
7.921555184e-01,9.18186e-01,9.99999e-01,9.18186e-01,9.99999e-01
7.961162960e-01,9.19735e-01,9.99999e-01,9.19735e-01,9.99999e-01
8.000968774e-01,9.21257e-01,9.99999e-01,9.21257e-01,9.99999e-01
8.040973618e-01,9.22750e-01,9.99999e-01,9.22750e-01,9.99999e-01
8.081178486e-01,9.24217e-01,9.99999e-01,9.24217e-01,9.99999e-01
8.121584379e-01,9.25657e-01,9.99999e-01,9.25657e-01,9.99999e-01
8.162192301e-01,9.27070e-01,9.99999e-01,9.27070e-01,9.99999e-01
8.203003262e-01,9.28458e-01,9.99999e-01,9.28458e-01,9.99999e-01
8.244018279e-01,9.29820e-01,9.99999e-01,9.29820e-01,9.99999e-01
8.285238370e-01,9.31157e-01,9.99999e-01,9.31157e-01,9.99999e-01
8.326664562e-01,9.32470e-01,9.99999e-01,9.32470e-01,9.99999e-01
8.368297885e-01,9.33759e-01,9.99999e-01,9.33759e-01,9.99999e-01
8.410139374e-01,9.35024e-01,9.99999e-01,9.35024e-01,9.99999e-01
8.452190071e-01,9.36266e-01,9.99999e-01,9.36266e-01,9.99999e-01
8.494451021e-01,9.37484e-01,9.99999e-01,9.37484e-01,9.99999e-01
8.536923276e-01,9.38680e-01,9.99999e-01,9.38680e-01,9.99999e-01
8.579607893e-01,9.39854e-01,9.99999e-01,9.39854e-01,9.99999e-01
8.622505932e-01,9.41007e-01,9.99999e-01,9.41007e-01,9.99999e-01
8.665618462e-01,9.42137e-01,9.99999e-01,9.42137e-01,9.99999e-01
8.708946554e-01,9.43247e-01,9.99999e-01,9.43247e-01,9.99999e-01
8.752491287e-01,9.44336e-01,9.99999e-01,9.44336e-01,9.99999e-01
8.796253743e-01,9.45405e-01,9.99999e-01,9.45405e-01,9.99999e-01
8.840235012e-01,9.46454e-01,9.99999e-01,9.46454e-01,9.99999e-01
8.884436187e-01,9.47484e-01,9.99999e-01,9.47484e-01,9.99999e-01
8.928858368e-01,9.48494e-01,9.99999e-01,9.48494e-01,9.99999e-01
8.973502660e-01,9.49485e-01,9.99999e-01,9.49485e-01,9.99999e-01
9.018370173e-01,9.50458e-01,9.99999e-01,9.50458e-01,9.99999e-01
9.063462024e-01,9.51412e-01,9.99999e-01,9.51412e-01,9.99999e-01
9.108779334e-01,9.52349e-01,9.99999e-01,9.52349e-01,9.99999e-01
9.154323231e-01,9.53267e-01,9.99999e-01,9.53267e-01,9.99999e-01
9.200094847e-01,9.54169e-01,9.99999e-01,9.54169e-01,9.99999e-01
9.246095321e-01,9.55054e-01,9.99999e-01,9.55054e-01,9.99999e-01
9.292325798e-01,9.55922e-01,9.99999e-01,9.55922e-01,9.99999e-01
9.338787427e-01,9.56773e-01,9.99999e-01,9.56773e-01,9.99999e-01
9.385481364e-01,9.57609e-01,9.99999e-01,9.57609e-01,9.99999e-01
9.432408771e-01,9.58428e-01,9.99999e-01,9.58428e-01,9.99999e-01
9.479570815e-01,9.59232e-01,9.99999e-01,9.59232e-01,9.99999e-01
9.526968669e-01,9.60021e-01,9.99999e-01,9.60021e-01,9.99999e-01
9.574603512e-01,9.60795e-01,9.99999e-01,9.60795e-01,9.99999e-01
9.622476530e-01,9.61555e-01,9.99999e-01,9.61555e-01,9.99999e-01
9.670588912e-01,9.62299e-01,9.99999e-01,9.62299e-01,9.99999e-01
9.718941857e-01,9.63030e-01,9.99999e-01,9.63030e-01,9.99999e-01
9.767536566e-01,9.63747e-01,9.99999e-01,9.63747e-01,9.99999e-01
9.816374249e-01,9.64450e-01,9.99999e-01,9.64450e-01,9.99999e-01
9.865456120e-01,9.65140e-01,9.99999e-01,9.65140e-01,9.99999e-01
9.914783401e-01,9.65817e-01,9.99999e-01,9.65817e-01,9.99999e-01
9.964357318e-01,9.66480e-01,9.99999e-01,9.66480e-01,9.99999e-01
1.001417910e+00,9.67131e-01,9.99999e-01,9.67131e-01,9.99999e-01
1.006425000e+00,9.67770e-01,9.99999e-01,9.67770e-01,9.99999e-01
1.011457125e+00,9.68396e-01,9.99999e-01,9.68396e-01,9.99999e-01
1.016514411e+00,9.69011e-01,9.99999e-01,9.69011e-01,9.99999e-01
1.021596983e+00,9.69614e-01,9.99999e-01,9.69614e-01,9.99999e-01
1.026704968e+00,9.70205e-01,9.99999e-01,9.70205e-01,9.99999e-01
1.031838492e+00,9.70785e-01,9.99999e-01,9.70785e-01,9.99999e-01
1.036997685e+00,9.71353e-01,9.99999e-01,9.71353e-01,9.99999e-01
1.042182673e+00,9.71911e-01,9.99999e-01,9.71911e-01,9.99999e-01
1.047393587e+00,9.72458e-01,9.99999e-01,9.72458e-01,9.99999e-01
1.052630555e+00,9.72995e-01,9.99999e-01,9.72995e-01,9.99999e-01
1.057893707e+00,9.73521e-01,9.99999e-01,9.73521e-01,9.99999e-01
1.063183176e+00,9.74037e-01,9.99999e-01,9.74037e-01,9.99999e-01
1.068499092e+00,9.74543e-01,9.99999e-01,9.74543e-01,9.99999e-01
1.073841587e+00,9.75040e-01,9.99999e-01,9.75040e-01,9.99999e-01
1.079210795e+00,9.75527e-01,9.99999e-01,9.75527e-01,9.99999e-01
1.084606849e+00,9.76004e-01,9.99999e-01,9.76004e-01,9.99999e-01
1.090029883e+00,9.76473e-01,9.99999e-01,9.76473e-01,9.99999e-01
1.095480033e+00,9.76932e-01,9.99999e-01,9.76932e-01,9.99999e-01
1.100957433e+00,9.77382e-01,9.99999e-01,9.77382e-01,9.99999e-01
1.106462220e+00,9.77824e-01,9.99999e-01,9.77824e-01,9.99999e-01
1.111994531e+00,9.78257e-01,9.99999e-01,9.78257e-01,9.99999e-01
1.117554504e+00,9.78682e-01,9.99999e-01,9.78682e-01,9.99999e-01
1.123142276e+00,9.79099e-01,9.99999e-01,9.79099e-01,9.99999e-01
1.128757988e+00,9.79507e-01,9.99999e-01,9.79507e-01,9.99999e-01
1.134401778e+00,9.79908e-01,9.99999e-01,9.79908e-01,9.99999e-01
1.140073787e+00,9.80301e-01,9.99999e-01,9.80301e-01,9.99999e-01
1.145774156e+00,9.80686e-01,9.99999e-01,9.80686e-01,9.99999e-01
1.151503026e+00,9.81064e-01,9.99999e-01,9.81064e-01,9.99999e-01
1.157260541e+00,9.81435e-01,9.99999e-01,9.81435e-01,9.99999e-01
1.163046844e+00,9.81798e-01,9.99999e-01,9.81798e-01,9.99999e-01
1.168862078e+00,9.82154e-01,9.99999e-01,9.82154e-01,9.99999e-01
1.174706389e+00,9.82504e-01,9.99999e-01,9.82504e-01,9.99999e-01
1.180579921e+00,9.82846e-01,9.99999e-01,9.82846e-01,9.99999e-01
1.186482820e+00,9.83182e-01,9.99999e-01,9.83182e-01,9.99999e-01
1.192415234e+00,9.83512e-01,9.99999e-01,9.83512e-01,9.99999e-01
1.198377311e+00,9.83835e-01,9.99999e-01,9.83835e-01,9.99999e-01
1.204369197e+00,9.84151e-01,9.99999e-01,9.84151e-01,9.99999e-01
1.210391043e+00,9.84462e-01,9.99999e-01,9.84462e-01,9.99999e-01
1.216442998e+00,9.84767e-01,9.99999e-01,9.84767e-01,9.99999e-01
1.222525213e+00,9.85065e-01,9.99999e-01,9.85065e-01,9.99999e-01
1.228637839e+00,9.85358e-01,9.99999e-01,9.85358e-01,9.99999e-01
1.234781029e+00,9.85645e-01,9.99999e-01,9.85645e-01,9.99999e-01
1.240954934e+00,9.85927e-01,9.99999e-01,9.85927e-01,9.99999e-01
1.247159708e+00,9.86203e-01,9.99999e-01,9.86203e-01,9.99999e-01
1.253395507e+00,9.86473e-01,9.99999e-01,9.86473e-01,9.99999e-01
1.259662485e+00,9.86739e-01,9.99999e-01,9.86739e-01,9.99999e-01
1.265960797e+00,9.86999e-01,9.99999e-01,9.86999e-01,9.99999e-01
1.272290601e+00,9.87254e-01,9.99999e-01,9.87254e-01,9.99999e-01
1.278652054e+00,9.87504e-01,9.99999e-01,9.87504e-01,9.99999e-01
1.285045314e+00,9.87749e-01,9.99999e-01,9.87749e-01,9.99999e-01
1.291470541e+00,9.87990e-01,9.99999e-01,9.87990e-01,9.99999e-01
1.297927893e+00,9.88226e-01,9.99999e-01,9.88226e-01,9.99999e-01
1.304417533e+00,9.88457e-01,9.99999e-01,9.88457e-01,9.99999e-01
1.310939621e+00,9.88684e-01,9.99999e-01,9.88684e-01,9.99999e-01
1.317494319e+00,9.88906e-01,9.99999e-01,9.88906e-01,9.99999e-01
1.324081790e+00,9.89124e-01,9.99999e-01,9.89124e-01,9.99999e-01
1.330702199e+00,9.89338e-01,9.99999e-01,9.89338e-01,9.99999e-01
1.337355710e+00,9.89547e-01,9.99999e-01,9.89547e-01,9.99999e-01
1.344042489e+00,9.89752e-01,9.99999e-01,9.89752e-01,9.99999e-01
1.350762701e+00,9.89954e-01,9.99999e-01,9.89954e-01,9.99999e-01
1.357516515e+00,9.90151e-01,9.99999e-01,9.90151e-01,9.99999e-01
1.364304097e+00,9.90345e-01,9.99999e-01,9.90345e-01,9.99999e-01
1.371125618e+00,9.90535e-01,9.99999e-01,9.90535e-01,9.99999e-01
1.377981246e+00,9.90721e-01,9.99999e-01,9.90721e-01,9.99999e-01
1.384871152e+00,9.90903e-01,9.99999e-01,9.90903e-01,9.99999e-01
1.391795508e+00,9.91082e-01,9.99999e-01,9.91082e-01,9.99999e-01
1.398754485e+00,9.91257e-01,9.99999e-01,9.91257e-01,9.99999e-01
1.405748258e+00,9.91429e-01,9.99999e-01,9.91429e-01,9.99999e-01
1.412776999e+00,9.91597e-01,9.99998e-01,9.91598e-01,9.99999e-01
1.419840884e+00,9.91762e-01,9.99998e-01,9.91763e-01,9.99999e-01
1.426940089e+00,9.91924e-01,9.99998e-01,9.91925e-01,9.99999e-01
1.434074789e+00,9.92083e-01,9.99998e-01,9.92084e-01,9.99999e-01
1.441245163e+00,9.92239e-01,9.99999e-01,9.92240e-01,9.99999e-01
1.448451389e+00,9.92391e-01,9.99997e-01,9.92392e-01,9.99999e-01
1.455693646e+00,9.92541e-01,9.99998e-01,9.92542e-01,9.99999e-01
1.462972114e+00,9.92688e-01,9.99999e-01,9.92689e-01,9.99999e-01
1.470286975e+00,9.92832e-01,9.99999e-01,9.92833e-01,9.99999e-01
1.477638409e+00,9.92973e-01,9.99999e-01,9.92974e-01,9.99999e-01
1.485026601e+00,9.93112e-01,9.99999e-01,9.93112e-01,9.99999e-01
1.492451734e+00,9.93248e-01,9.99999e-01,9.93248e-01,9.99999e-01
1.499913993e+00,9.93380e-01,9.99999e-01,9.93380e-01,9.99999e-01
1.507413563e+00,9.93511e-01,9.99999e-01,9.93511e-01,9.99999e-01
1.514950631e+00,9.93639e-01,9.99999e-01,9.93639e-01,9.99999e-01
1.522525384e+00,9.93764e-01,9.99999e-01,9.93764e-01,9.99999e-01
1.530138011e+00,9.93887e-01,9.99999e-01,9.93887e-01,9.99999e-01
1.537788701e+00,9.94007e-01,9.99999e-01,9.94007e-01,9.99999e-01
1.545477645e+00,9.94125e-01,9.99999e-01,9.94125e-01,9.99999e-01
1.553205033e+00,9.94241e-01,9.99999e-01,9.94241e-01,9.99999e-01
1.560971058e+00,9.94354e-01,9.99999e-01,9.94354e-01,9.99999e-01
1.568775913e+00,9.94465e-01,9.99999e-01,9.94465e-01,9.99999e-01
1.576619793e+00,9.94574e-01,9.99999e-01,9.94574e-01,9.99999e-01
1.584502892e+00,9.94681e-01,9.99999e-01,9.94681e-01,9.99999e-01
1.592425406e+00,9.94786e-01,9.99999e-01,9.94786e-01,9.99999e-01
1.600387533e+00,9.94889e-01,9.99999e-01,9.94889e-01,9.99999e-01
1.608389471e+00,9.94989e-01,9.99999e-01,9.94989e-01,9.99999e-01
1.616431418e+00,9.95088e-01,9.99999e-01,9.95088e-01,9.99999e-01
1.624513575e+00,9.95185e-01,9.99999e-01,9.95185e-01,9.99999e-01
1.632636143e+00,9.95280e-01,9.99999e-01,9.95280e-01,9.99999e-01
1.640799324e+00,9.95373e-01,9.99999e-01,9.95373e-01,9.99999e-01
1.649003321e+00,9.95464e-01,9.99999e-01,9.95464e-01,9.99999e-01
1.657248337e+00,9.95553e-01,9.99999e-01,9.95553e-01,9.99999e-01
1.665534579e+00,9.95641e-01,9.99999e-01,9.95641e-01,9.99999e-01
1.673862252e+00,9.95727e-01,9.99999e-01,9.95727e-01,9.99999e-01
1.682231563e+00,9.95811e-01,9.99999e-01,9.95811e-01,9.99999e-01
1.690642721e+00,9.95893e-01,9.99999e-01,9.95893e-01,9.99999e-01
1.699095934e+00,9.95974e-01,9.99999e-01,9.95974e-01,9.99999e-01
1.707591414e+00,9.96054e-01,9.99999e-01,9.96054e-01,9.99999e-01
1.716129371e+00,9.96132e-01,9.99999e-01,9.96132e-01,9.99999e-01
1.724710018e+00,9.96208e-01,9.99999e-01,9.96208e-01,9.99999e-01
1.733333568e+00,9.96283e-01,9.99999e-01,9.96283e-01,9.99999e-01
1.742000236e+00,9.96356e-01,9.99999e-01,9.96356e-01,9.99999e-01
1.750710237e+00,9.96428e-01,9.99999e-01,9.96428e-01,9.99999e-01
1.759463788e+00,9.96498e-01,9.99999e-01,9.96498e-01,9.99999e-01
1.768261107e+00,9.96567e-01,9.99999e-01,9.96567e-01,9.99999e-01
1.777102413e+00,9.96635e-01,9.99999e-01,9.96635e-01,9.99999e-01
1.785987925e+00,9.96701e-01,9.99999e-01,9.96701e-01,9.99999e-01
1.794917864e+00,9.96766e-01,9.99999e-01,9.96766e-01,9.99999e-01
1.803892454e+00,9.96830e-01,9.99999e-01,9.96830e-01,9.99999e-01
1.812911916e+00,9.96892e-01,9.99999e-01,9.96892e-01,9.99999e-01
1.821976476e+00,9.96954e-01,9.99999e-01,9.96954e-01,9.99999e-01
1.831086358e+00,9.97014e-01,9.99999e-01,9.97014e-01,9.99999e-01
1.840241790e+00,9.97073e-01,9.99999e-01,9.97073e-01,9.99999e-01
1.849442999e+00,9.97130e-01,9.99999e-01,9.97130e-01,9.99999e-01
1.858690214e+00,9.97187e-01,9.99999e-01,9.97187e-01,9.99999e-01
1.867983665e+00,9.97242e-01,9.99999e-01,9.97242e-01,9.99999e-01
1.877323583e+00,9.97297e-01,9.99999e-01,9.97297e-01,9.99999e-01
1.886710201e+00,9.97350e-01,9.99999e-01,9.97350e-01,9.99999e-01
1.896143752e+00,9.97402e-01,9.99999e-01,9.97402e-01,9.99999e-01
1.905624471e+00,9.97454e-01,9.99999e-01,9.97454e-01,9.99999e-01
1.915152593e+00,9.97504e-01,9.99999e-01,9.97504e-01,9.99999e-01
1.924728356e+00,9.97553e-01,9.99999e-01,9.97553e-01,9.99999e-01
1.934351998e+00,9.97601e-01,9.99999e-01,9.97601e-01,9.99999e-01
1.944023758e+00,9.97649e-01,9.99999e-01,9.97649e-01,9.99999e-01
1.953743877e+00,9.97695e-01,9.99999e-01,9.97695e-01,9.99999e-01
1.963512596e+00,9.97740e-01,9.99999e-01,9.97740e-01,9.99999e-01
1.973330159e+00,9.97785e-01,9.99999e-01,9.97785e-01,9.99999e-01
1.983196810e+00,9.97829e-01,9.99999e-01,9.97829e-01,9.99999e-01
1.993112794e+00,9.97871e-01,9.99999e-01,9.97871e-01,9.99999e-01
2.003078358e+00,9.97856e-01,9.99999e-01,9.97913e-01,9.99941e-01
2.013093750e+00,9.97843e-01,9.99999e-01,9.97955e-01,9.99887e-01
2.023159218e+00,9.97816e-01,9.99999e-01,9.97995e-01,9.99820e-01
2.033275015e+00,9.97765e-01,9.99999e-01,9.98034e-01,9.99729e-01
2.043441390e+00,9.97624e-01,9.99998e-01,9.98073e-01,9.99550e-01
2.053658597e+00,9.97334e-01,9.99996e-01,9.98111e-01,9.99224e-01
2.063926890e+00,9.96811e-01,9.99992e-01,9.98149e-01,9.98666e-01
2.074246524e+00,9.95871e-01,9.99984e-01,9.98185e-01,9.97695e-01
2.084617757e+00,9.94368e-01,9.99976e-01,9.98221e-01,9.96162e-01
2.095040845e+00,9.92278e-01,9.99964e-01,9.98256e-01,9.94046e-01
2.105516050e+00,9.89784e-01,9.99956e-01,9.98290e-01,9.91520e-01
2.116043630e+00,9.87764e-01,9.99960e-01,9.98324e-01,9.89460e-01
2.126623848e+00,9.86399e-01,9.99965e-01,9.98357e-01,9.88054e-01
2.137256967e+00,9.85017e-01,9.99969e-01,9.98390e-01,9.86634e-01
2.147943252e+00,9.82340e-01,9.99986e-01,9.98421e-01,9.83906e-01
2.158682968e+00,9.79755e-01,9.99903e-01,9.98452e-01,9.81367e-01
2.169476383e+00,9.84300e-01,9.99965e-01,9.98483e-01,9.85827e-01
2.180323765e+00,9.88297e-01,9.99980e-01,9.98513e-01,9.89787e-01
2.191225384e+00,9.90076e-01,9.99979e-01,9.98542e-01,9.91540e-01
2.202181511e+00,9.91956e-01,9.99983e-01,9.98571e-01,9.93390e-01
2.213192418e+00,9.93949e-01,9.99987e-01,9.98599e-01,9.95355e-01
2.224258381e+00,9.95674e-01,9.99989e-01,9.98627e-01,9.97052e-01
2.235379672e+00,9.96957e-01,9.99991e-01,9.98654e-01,9.98308e-01
2.246556571e+00,9.97739e-01,9.99994e-01,9.98680e-01,9.99061e-01
2.257789354e+00,9.98185e-01,9.99996e-01,9.98706e-01,9.99480e-01
2.269078300e+00,9.98457e-01,9.99997e-01,9.98732e-01,9.99726e-01
2.280423692e+00,9.98598e-01,9.99998e-01,9.98757e-01,9.99841e-01
2.291825810e+00,9.98688e-01,9.99998e-01,9.98781e-01,9.99906e-01
2.303284939e+00,9.98752e-01,9.99999e-01,9.98806e-01,9.99946e-01
2.314801364e+00,9.98795e-01,9.99999e-01,9.98829e-01,9.99965e-01
2.326375371e+00,9.98852e-01,9.99999e-01,9.98852e-01,9.99999e-01
2.338007248e+00,9.98875e-01,9.99999e-01,9.98875e-01,9.99999e-01
2.349697284e+00,9.98897e-01,9.99999e-01,9.98897e-01,9.99999e-01
2.361445770e+00,9.98919e-01,9.99999e-01,9.98919e-01,9.99999e-01
2.373252999e+00,9.98940e-01,9.99999e-01,9.98940e-01,9.99999e-01
2.385119264e+00,9.98961e-01,9.99999e-01,9.98961e-01,9.99999e-01
2.397044861e+00,9.98981e-01,9.99999e-01,9.98981e-01,9.99999e-01
2.409030085e+00,9.99002e-01,9.99999e-01,9.99002e-01,9.99999e-01
2.421075235e+00,9.99021e-01,9.99999e-01,9.99021e-01,9.99999e-01
2.433180612e+00,9.99041e-01,9.99999e-01,9.99041e-01,9.99999e-01
2.445346515e+00,9.99059e-01,9.99999e-01,9.99059e-01,9.99999e-01
2.457573247e+00,9.99078e-01,9.99999e-01,9.99078e-01,9.99999e-01
2.469861113e+00,9.99096e-01,9.99999e-01,9.99096e-01,9.99999e-01
2.482210419e+00,9.99114e-01,9.99999e-01,9.99114e-01,9.99999e-01
2.494621471e+00,9.99132e-01,9.99999e-01,9.99132e-01,9.99999e-01
2.507094578e+00,9.99149e-01,9.99999e-01,9.99149e-01,9.99999e-01
2.519630051e+00,9.99165e-01,9.99999e-01,9.99165e-01,9.99999e-01
2.532228202e+00,9.99182e-01,9.99999e-01,9.99182e-01,9.99999e-01
2.544889343e+00,9.99198e-01,9.99999e-01,9.99198e-01,9.99999e-01
2.557613789e+00,9.99214e-01,9.99999e-01,9.99214e-01,9.99999e-01
2.570401858e+00,9.99229e-01,9.99999e-01,9.99229e-01,9.99999e-01
2.583253867e+00,9.99245e-01,9.99999e-01,9.99245e-01,9.99999e-01
2.596170137e+00,9.99259e-01,9.99999e-01,9.99259e-01,9.99999e-01
2.609150988e+00,9.99274e-01,9.99999e-01,9.99274e-01,9.99999e-01
2.622196742e+00,9.99288e-01,9.99999e-01,9.99288e-01,9.99999e-01
2.635307726e+00,9.99302e-01,9.99999e-01,9.99302e-01,9.99999e-01
2.648484265e+00,9.99316e-01,9.99999e-01,9.99316e-01,9.99999e-01
2.661726686e+00,9.99330e-01,9.99999e-01,9.99330e-01,9.99999e-01
2.675035320e+00,9.99343e-01,9.99999e-01,9.99343e-01,9.99999e-01
2.688410496e+00,9.99356e-01,9.99999e-01,9.99356e-01,9.99999e-01
2.701852549e+00,9.99369e-01,9.99999e-01,9.99369e-01,9.99999e-01
2.715361811e+00,9.99381e-01,9.99999e-01,9.99381e-01,9.99999e-01
2.728938620e+00,9.99393e-01,9.99999e-01,9.99393e-01,9.99999e-01
2.742583314e+00,9.99405e-01,9.99999e-01,9.99405e-01,9.99999e-01
2.756296230e+00,9.99417e-01,9.99999e-01,9.99417e-01,9.99999e-01
2.770077711e+00,9.99428e-01,9.99999e-01,9.99428e-01,9.99999e-01
2.783928100e+00,9.99440e-01,9.99999e-01,9.99440e-01,9.99999e-01
2.797847740e+00,9.99451e-01,9.99999e-01,9.99451e-01,9.99999e-01
2.811836979e+00,9.99461e-01,9.99999e-01,9.99461e-01,9.99999e-01
2.825896164e+00,9.99472e-01,9.99999e-01,9.99472e-01,9.99999e-01
2.840025645e+00,9.99483e-01,9.99999e-01,9.99483e-01,9.99999e-01
2.854225773e+00,9.99493e-01,9.99999e-01,9.99493e-01,9.99999e-01
2.868496902e+00,9.99503e-01,9.99999e-01,9.99503e-01,9.99999e-01
2.882839386e+00,9.99513e-01,9.99999e-01,9.99513e-01,9.99999e-01
2.897253583e+00,9.99522e-01,9.99999e-01,9.99522e-01,9.99999e-01
2.911739851e+00,9.99532e-01,9.99999e-01,9.99532e-01,9.99999e-01
2.926298550e+00,9.99541e-01,9.99999e-01,9.99541e-01,9.99999e-01
2.940930043e+00,9.99550e-01,9.99999e-01,9.99550e-01,9.99999e-01
2.955634693e+00,9.99559e-01,9.99999e-01,9.99559e-01,9.99999e-01
2.970412867e+00,9.99567e-01,9.99999e-01,9.99567e-01,9.99999e-01
2.985264931e+00,9.99576e-01,9.99999e-01,9.99576e-01,9.99999e-01
3.000191256e+00,9.99584e-01,9.99999e-01,9.99584e-01,9.99999e-01
3.015192212e+00,9.99592e-01,9.99999e-01,9.99592e-01,9.99999e-01
3.030268173e+00,9.99600e-01,9.99999e-01,9.99600e-01,9.99999e-01
3.045419514e+00,9.99608e-01,9.99999e-01,9.99608e-01,9.99999e-01
3.060646612e+00,9.99616e-01,9.99999e-01,9.99616e-01,9.99999e-01
3.075949845e+00,9.99624e-01,9.99999e-01,9.99624e-01,9.99999e-01
3.091329594e+00,9.99631e-01,9.99999e-01,9.99631e-01,9.99999e-01
3.106786242e+00,9.99638e-01,9.99999e-01,9.99638e-01,9.99999e-01
3.122320173e+00,9.99645e-01,9.99999e-01,9.99645e-01,9.99999e-01
3.137931774e+00,9.99652e-01,9.99999e-01,9.99652e-01,9.99999e-01
3.153621433e+00,9.99659e-01,9.99999e-01,9.99659e-01,9.99999e-01
3.169389540e+00,9.99666e-01,9.99999e-01,9.99666e-01,9.99999e-01
3.185236488e+00,9.99673e-01,9.99999e-01,9.99673e-01,9.99999e-01
3.201162670e+00,9.99679e-01,9.99999e-01,9.99679e-01,9.99999e-01
3.217168483e+00,9.99685e-01,9.99999e-01,9.99685e-01,9.99999e-01
3.233254326e+00,9.99692e-01,9.99999e-01,9.99692e-01,9.99999e-01
3.249420598e+00,9.99698e-01,9.99999e-01,9.99698e-01,9.99999e-01
3.265667701e+00,9.99704e-01,9.99999e-01,9.99704e-01,9.99999e-01
3.281996039e+00,9.99709e-01,9.99999e-01,9.99709e-01,9.99999e-01
3.298406019e+00,9.99715e-01,9.99999e-01,9.99715e-01,9.99999e-01
3.314898049e+00,9.99721e-01,9.99999e-01,9.99721e-01,9.99999e-01
3.331472540e+00,9.98987e-01,9.99999e-01,9.99726e-01,9.99259e-01
3.348129902e+00,9.95184e-01,9.99999e-01,9.99732e-01,9.95450e-01
3.364870552e+00,9.68455e-01,9.99999e-01,9.99737e-01,9.68709e-01
3.381694905e+00,9.75903e-01,9.99999e-01,9.99742e-01,9.76154e-01
3.398603379e+00,9.72907e-01,9.99999e-01,9.99747e-01,9.73152e-01
3.415596396e+00,9.71534e-01,9.99999e-01,9.99752e-01,9.71774e-01
3.432674378e+00,9.84382e-01,9.99999e-01,9.99757e-01,9.84621e-01
3.449837750e+00,9.89266e-01,9.99999e-01,9.99762e-01,9.89501e-01
3.467086939e+00,9.87495e-01,9.99999e-01,9.99766e-01,9.87725e-01
3.484422373e+00,9.85804e-01,9.99999e-01,9.99771e-01,9.86029e-01
3.501844485e+00,9.90499e-01,9.99999e-01,9.99776e-01,9.90721e-01
3.519353708e+00,9.97247e-01,9.99999e-01,9.99780e-01,9.97465e-01
3.536950476e+00,9.99289e-01,9.99999e-01,9.99784e-01,9.99503e-01
3.554635228e+00,9.98410e-01,9.99999e-01,9.99789e-01,9.98620e-01
3.572408405e+00,9.97878e-01,9.99999e-01,9.99793e-01,9.98084e-01
3.590270447e+00,9.97684e-01,9.99999e-01,9.99797e-01,9.97885e-01
3.608221799e+00,9.96180e-01,9.99999e-01,9.99801e-01,9.96378e-01
3.626262908e+00,9.94936e-01,9.99999e-01,9.99805e-01,9.95129e-01
3.644394222e+00,9.92380e-01,9.99999e-01,9.99808e-01,9.92570e-01
3.662616193e+00,9.89669e-01,9.99999e-01,9.99812e-01,9.89854e-01
3.680929274e+00,9.86165e-01,9.99999e-01,9.99816e-01,9.86345e-01
3.699333921e+00,9.81894e-01,9.99999e-01,9.99820e-01,9.82070e-01
3.717830590e+00,9.76381e-01,9.99998e-01,9.99823e-01,9.76553e-01
3.736419743e+00,9.68602e-01,9.99997e-01,9.99827e-01,9.68771e-01
3.755101842e+00,9.60570e-01,9.99995e-01,9.99830e-01,9.60736e-01
3.773877351e+00,9.49716e-01,9.99991e-01,9.99833e-01,9.49881e-01
3.792746738e+00,9.34639e-01,9.99986e-01,9.99837e-01,9.34804e-01
3.811710472e+00,9.17174e-01,9.99973e-01,9.99840e-01,9.17345e-01
3.830769024e+00,8.96202e-01,9.99958e-01,9.99843e-01,8.96378e-01
3.849922869e+00,8.70066e-01,9.99924e-01,9.99846e-01,8.70264e-01
3.869172484e+00,8.38570e-01,9.99890e-01,9.99849e-01,8.38787e-01
3.888518346e+00,7.98004e-01,9.99810e-01,9.99852e-01,7.98272e-01
3.907960938e+00,7.47254e-01,9.99766e-01,9.99855e-01,7.47536e-01
3.927500742e+00,6.85976e-01,9.99595e-01,9.99858e-01,6.86350e-01
3.947138246e+00,6.13577e-01,9.99434e-01,9.99861e-01,6.14008e-01
3.966873937e+00,5.30744e-01,9.99354e-01,9.99863e-01,5.31159e-01
3.986708307e+00,4.42586e-01,9.98944e-01,9.99866e-01,4.43113e-01
4.006641849e+00,3.54797e-01,9.98626e-01,9.99869e-01,3.55331e-01
4.026675058e+00,2.74629e-01,9.98886e-01,9.99871e-01,2.74970e-01
4.046808433e+00,2.08145e-01,9.98813e-01,9.99874e-01,2.08419e-01
4.067042475e+00,1.57137e-01,9.98284e-01,9.99876e-01,1.57426e-01
4.087377688e+00,1.20781e-01,9.98004e-01,9.99879e-01,1.21037e-01
4.107814576e+00,9.73994e-02,9.97673e-01,9.99881e-01,9.76379e-02
4.128353649e+00,8.44372e-02,9.97658e-01,9.99883e-01,8.46451e-02
4.148995417e+00,7.88969e-02,9.98408e-01,9.99886e-01,7.90316e-02
4.169740394e+00,7.98168e-02,9.98500e-01,9.99888e-01,7.99456e-02
4.190589096e+00,8.47867e-02,9.98598e-01,9.99890e-01,8.49149e-02
4.211542042e+00,8.63988e-02,9.98705e-01,9.99892e-01,8.65200e-02
4.232599752e+00,7.84600e-02,9.99222e-01,9.99894e-01,7.85293e-02
4.253762751e+00,5.79354e-02,9.99445e-01,9.99896e-01,5.79735e-02
4.275031564e+00,3.23430e-02,9.99118e-01,9.99898e-01,3.23748e-02
4.296406722e+00,2.61457e-02,9.91198e-01,9.99900e-01,2.63805e-02
4.317888756e+00,4.32210e-02,9.98249e-01,9.99902e-01,4.33010e-02
4.339478200e+00,8.57255e-02,9.98980e-01,9.99904e-01,8.58211e-02
4.361175591e+00,1.28514e-01,9.99189e-01,9.99906e-01,1.28630e-01
4.382981469e+00,1.57409e-01,9.99115e-01,9.99908e-01,1.57563e-01
4.404896376e+00,1.76530e-01,9.98767e-01,9.99910e-01,1.76763e-01
4.426920858e+00,1.94507e-01,9.98764e-01,9.99911e-01,1.94765e-01
4.449055462e+00,2.16836e-01,9.99135e-01,9.99913e-01,2.17042e-01
4.471300739e+00,2.47025e-01,9.99101e-01,9.99915e-01,2.47268e-01
4.493657243e+00,2.87121e-01,9.99234e-01,9.99917e-01,2.87364e-01
4.516125529e+00,3.36256e-01,9.99253e-01,9.99918e-01,3.36534e-01
4.538706157e+00,3.94985e-01,9.99117e-01,9.99920e-01,3.95365e-01
4.561399688e+00,4.60978e-01,9.99388e-01,9.99921e-01,4.61295e-01
4.584206686e+00,5.30759e-01,9.99510e-01,9.99923e-01,5.31059e-01
4.607127720e+00,6.00395e-01,9.99522e-01,9.99924e-01,6.00727e-01
4.630163358e+00,6.67563e-01,9.99703e-01,9.99926e-01,6.67810e-01
4.653314175e+00,7.28194e-01,9.99697e-01,9.99927e-01,7.28467e-01
4.676580746e+00,7.80880e-01,9.99727e-01,9.99929e-01,7.81147e-01
4.699963650e+00,8.25392e-01,9.99842e-01,9.99930e-01,8.25579e-01
4.723463468e+00,8.62179e-01,9.99821e-01,9.99931e-01,8.62391e-01
4.747080785e+00,8.91271e-01,9.99903e-01,9.99933e-01,8.91416e-01
4.770816189e+00,9.14869e-01,9.99914e-01,9.99934e-01,9.15006e-01
4.794670270e+00,9.33848e-01,9.99927e-01,9.99935e-01,9.33974e-01
4.818643622e+00,9.48948e-01,9.99956e-01,9.99937e-01,9.49048e-01
4.842736840e+00,9.60430e-01,9.99952e-01,9.99938e-01,9.60534e-01
4.866950524e+00,9.69110e-01,9.99977e-01,9.99939e-01,9.69189e-01
4.891285276e+00,9.76246e-01,9.99976e-01,9.99940e-01,9.76325e-01
4.915741703e+00,9.81765e-01,9.99986e-01,9.99941e-01,9.81834e-01
4.940320411e+00,9.85861e-01,9.99988e-01,9.99943e-01,9.85927e-01
4.965022013e+00,9.89133e-01,9.99990e-01,9.99944e-01,9.89196e-01
4.989847123e+00,9.91874e-01,9.99995e-01,9.99945e-01,9.91933e-01
5.014796359e+00,9.94144e-01,9.99994e-01,9.99946e-01,9.94202e-01
5.039870341e+00,9.95984e-01,9.99997e-01,9.99947e-01,9.96038e-01
5.065069693e+00,9.97271e-01,9.99997e-01,9.99948e-01,9.97324e-01
5.090395041e+00,9.98418e-01,9.99999e-01,9.99949e-01,9.98468e-01
5.115847016e+00,9.99125e-01,9.99999e-01,9.99950e-01,9.99174e-01
5.141426251e+00,9.99036e-01,9.99998e-01,9.99951e-01,9.99086e-01
5.167133383e+00,9.99603e-01,9.99999e-01,9.99952e-01,9.99650e-01
5.192969049e+00,9.99685e-01,9.99999e-01,9.99953e-01,9.99731e-01
5.218933895e+00,9.99286e-01,9.99999e-01,9.99954e-01,9.99331e-01
5.245028564e+00,9.99357e-01,9.99999e-01,9.99955e-01,9.99401e-01
5.271253707e+00,9.99534e-01,9.99999e-01,9.99955e-01,9.99578e-01
5.297609976e+00,9.99472e-01,9.99999e-01,9.99956e-01,9.99515e-01
5.324098025e+00,9.99746e-01,9.99999e-01,9.99957e-01,9.99788e-01
5.350718516e+00,9.97039e-01,9.99999e-01,9.99958e-01,9.97080e-01
5.377472108e+00,9.97350e-01,9.99999e-01,9.99959e-01,9.97391e-01
5.404359469e+00,9.99960e-01,9.99999e-01,9.99960e-01,9.99999e-01
5.431381266e+00,9.99960e-01,9.99999e-01,9.99960e-01,9.99999e-01
5.458538172e+00,9.99961e-01,9.99999e-01,9.99961e-01,9.99999e-01
5.485830863e+00,9.99962e-01,9.99999e-01,9.99962e-01,9.99999e-01
5.513260018e+00,9.99963e-01,9.99999e-01,9.99963e-01,9.99999e-01
5.540826318e+00,9.99963e-01,9.99999e-01,9.99963e-01,9.99999e-01
5.568530449e+00,9.99964e-01,9.99999e-01,9.99964e-01,9.99999e-01
5.596373101e+00,9.99965e-01,9.99999e-01,9.99965e-01,9.99999e-01
5.624354967e+00,9.99965e-01,9.99999e-01,9.99965e-01,9.99999e-01
5.652476742e+00,9.99966e-01,9.99999e-01,9.99966e-01,9.99999e-01
5.680739126e+00,9.99967e-01,9.99999e-01,9.99967e-01,9.99999e-01
5.709142821e+00,9.99967e-01,9.99999e-01,9.99967e-01,9.99999e-01
5.737688535e+00,9.99968e-01,9.99999e-01,9.99968e-01,9.99999e-01
5.766376978e+00,9.99969e-01,9.99999e-01,9.99969e-01,9.99999e-01
5.795208863e+00,9.99969e-01,9.99999e-01,9.99969e-01,9.99999e-01
5.824184907e+00,9.99970e-01,9.99999e-01,9.99970e-01,9.99999e-01
5.853305832e+00,9.99970e-01,9.99999e-01,9.99970e-01,9.99999e-01
5.882572361e+00,9.99971e-01,9.99999e-01,9.99971e-01,9.99999e-01
5.911985223e+00,9.99971e-01,9.99999e-01,9.99971e-01,9.99999e-01
5.941545149e+00,9.99972e-01,9.99999e-01,9.99972e-01,9.99999e-01
5.971252874e+00,9.99973e-01,9.99999e-01,9.99973e-01,9.99999e-01
6.001109139e+00,9.99973e-01,9.99999e-01,9.99973e-01,9.99999e-01
6.031114685e+00,9.99974e-01,9.99999e-01,9.99974e-01,9.99999e-01
6.061270258e+00,9.99974e-01,9.99999e-01,9.99974e-01,9.99999e-01
6.091576609e+00,9.99975e-01,9.99999e-01,9.99975e-01,9.99999e-01
6.122034492e+00,9.99975e-01,9.99999e-01,9.99975e-01,9.99999e-01
6.152644665e+00,9.99976e-01,9.99999e-01,9.99976e-01,9.99999e-01
6.183407888e+00,9.99976e-01,9.99999e-01,9.99976e-01,9.99999e-01
6.214324928e+00,9.99976e-01,9.99999e-01,9.99976e-01,9.99999e-01
6.245396552e+00,9.99977e-01,9.99999e-01,9.99977e-01,9.99999e-01
6.276623535e+00,9.99977e-01,9.99999e-01,9.99977e-01,9.99999e-01
6.308006653e+00,9.99978e-01,9.99999e-01,9.99978e-01,9.99999e-01
6.339546686e+00,9.99978e-01,9.99999e-01,9.99978e-01,9.99999e-01
6.371244419e+00,9.99979e-01,9.99999e-01,9.99979e-01,9.99999e-01
6.403100641e+00,9.99979e-01,9.99999e-01,9.99979e-01,9.99999e-01
6.435116145e+00,9.99979e-01,9.99999e-01,9.99979e-01,9.99999e-01
6.467291725e+00,9.99980e-01,9.99999e-01,9.99980e-01,9.99999e-01
6.499628184e+00,9.99980e-01,9.99999e-01,9.99980e-01,9.99999e-01
6.532126325e+00,9.99981e-01,9.99999e-01,9.99981e-01,9.99999e-01
6.564786956e+00,9.99981e-01,9.99999e-01,9.99981e-01,9.99999e-01
6.597610891e+00,9.99981e-01,9.99999e-01,9.99981e-01,9.99999e-01
6.630598946e+00,9.99982e-01,9.99999e-01,9.99982e-01,9.99999e-01
6.663751940e+00,9.99982e-01,9.99999e-01,9.99982e-01,9.99999e-01
6.697070700e+00,9.99982e-01,9.99999e-01,9.99982e-01,9.99999e-01
6.730556054e+00,9.99983e-01,9.99999e-01,9.99983e-01,9.99999e-01
6.764208834e+00,9.99983e-01,9.99999e-01,9.99983e-01,9.99999e-01
6.798029878e+00,9.99983e-01,9.99999e-01,9.99983e-01,9.99999e-01
6.832020027e+00,9.99984e-01,9.99999e-01,9.99984e-01,9.99999e-01
6.866180128e+00,9.99984e-01,9.99999e-01,9.99984e-01,9.99999e-01
6.900511028e+00,9.99984e-01,9.99999e-01,9.99984e-01,9.99999e-01
6.935013583e+00,9.99984e-01,9.99999e-01,9.99984e-01,9.99999e-01
6.969688651e+00,9.99985e-01,9.99999e-01,9.99985e-01,9.99999e-01
7.004537095e+00,9.99985e-01,9.99999e-01,9.99985e-01,9.99999e-01
7.039559780e+00,9.99985e-01,9.99999e-01,9.99985e-01,9.99999e-01
7.074757579e+00,9.99986e-01,9.99999e-01,9.99986e-01,9.99999e-01
7.110131367e+00,9.99986e-01,9.99999e-01,9.99986e-01,9.99999e-01
7.145682024e+00,9.99986e-01,9.99999e-01,9.99986e-01,9.99999e-01
7.181410434e+00,9.99986e-01,9.99999e-01,9.99986e-01,9.99999e-01
7.217317486e+00,9.99987e-01,9.99999e-01,9.99987e-01,9.99999e-01
7.253404073e+00,9.99987e-01,9.99999e-01,9.99987e-01,9.99999e-01
7.289671094e+00,9.99987e-01,9.99999e-01,9.99987e-01,9.99999e-01
7.326119449e+00,9.99987e-01,9.99999e-01,9.99987e-01,9.99999e-01
7.362750046e+00,9.99988e-01,9.99999e-01,9.99988e-01,9.99999e-01
7.399563797e+00,9.99988e-01,9.99999e-01,9.99988e-01,9.99999e-01
7.436561616e+00,9.99988e-01,9.99999e-01,9.99988e-01,9.99999e-01
7.473744424e+00,9.99988e-01,9.99999e-01,9.99988e-01,9.99999e-01
7.511113146e+00,9.99988e-01,9.99999e-01,9.99988e-01,9.99999e-01
7.548668712e+00,9.99989e-01,9.99999e-01,9.99989e-01,9.99999e-01
7.586412055e+00,9.99989e-01,9.99999e-01,9.99989e-01,9.99999e-01
7.624344115e+00,9.99989e-01,9.99999e-01,9.99989e-01,9.99999e-01
7.662465836e+00,9.99989e-01,9.99999e-01,9.99989e-01,9.99999e-01
7.700778165e+00,9.99989e-01,9.99999e-01,9.99989e-01,9.99999e-01
7.739282056e+00,9.99990e-01,9.99999e-01,9.99990e-01,9.99999e-01
7.777978466e+00,9.99990e-01,9.99999e-01,9.99990e-01,9.99999e-01
7.816868359e+00,9.99990e-01,9.99999e-01,9.99990e-01,9.99999e-01
7.855952700e+00,9.99990e-01,9.99999e-01,9.99990e-01,9.99999e-01
7.895232464e+00,9.99990e-01,9.99999e-01,9.99990e-01,9.99999e-01
7.934708626e+00,9.99991e-01,9.99999e-01,9.99991e-01,9.99999e-01
7.974382169e+00,9.99991e-01,9.99999e-01,9.99991e-01,9.99999e-01
8.014254080e+00,9.99991e-01,9.99999e-01,9.99991e-01,9.99999e-01
8.054325351e+00,9.99991e-01,9.99999e-01,9.99991e-01,9.99999e-01
8.094596977e+00,9.99991e-01,9.99999e-01,9.99991e-01,9.99999e-01
8.135069962e+00,9.99991e-01,9.99999e-01,9.99991e-01,9.99999e-01
8.175745312e+00,9.99991e-01,9.99999e-01,9.99991e-01,9.99999e-01
8.216624039e+00,9.99992e-01,9.99999e-01,9.99992e-01,9.99999e-01
8.257707159e+00,9.99992e-01,9.99999e-01,9.99992e-01,9.99999e-01
8.298995695e+00,9.99992e-01,9.99999e-01,9.99992e-01,9.99999e-01
8.340490673e+00,9.99992e-01,9.99999e-01,9.99992e-01,9.99999e-01
8.382193126e+00,9.99992e-01,9.99999e-01,9.99992e-01,9.99999e-01
8.424104092e+00,9.99992e-01,9.99999e-01,9.99992e-01,9.99999e-01
8.466224613e+00,9.99992e-01,9.99999e-01,9.99992e-01,9.99999e-01
8.508555736e+00,9.99993e-01,9.99999e-01,9.99993e-01,9.99999e-01
8.551098514e+00,9.99993e-01,9.99999e-01,9.99993e-01,9.99999e-01
8.593854007e+00,9.99993e-01,9.99999e-01,9.99993e-01,9.99999e-01
8.636823277e+00,9.99993e-01,9.99999e-01,9.99993e-01,9.99999e-01
8.680007393e+00,9.99993e-01,9.99999e-01,9.99993e-01,9.99999e-01
8.723407430e+00,9.99993e-01,9.99999e-01,9.99993e-01,9.99999e-01
8.767024467e+00,9.99993e-01,9.99999e-01,9.99993e-01,9.99999e-01
8.810859590e+00,9.99993e-01,9.99999e-01,9.99993e-01,9.99999e-01
8.854913888e+00,9.99994e-01,9.99999e-01,9.99994e-01,9.99999e-01
8.899188457e+00,9.99994e-01,9.99999e-01,9.99994e-01,9.99999e-01
8.943684399e+00,9.99994e-01,9.99999e-01,9.99994e-01,9.99999e-01
8.988402821e+00,9.99994e-01,9.99999e-01,9.99994e-01,9.99999e-01
9.033344836e+00,9.99994e-01,9.99999e-01,9.99994e-01,9.99999e-01
9.078511560e+00,9.99994e-01,9.99999e-01,9.99994e-01,9.99999e-01
9.123904118e+00,9.99994e-01,9.99999e-01,9.99994e-01,9.99999e-01
9.169523638e+00,9.99994e-01,9.99999e-01,9.99994e-01,9.99999e-01
9.215371256e+00,9.99994e-01,9.99999e-01,9.99994e-01,9.99999e-01
9.261448113e+00,9.99994e-01,9.99999e-01,9.99994e-01,9.99999e-01
9.307755353e+00,9.99995e-01,9.99999e-01,9.99995e-01,9.99999e-01
9.354294130e+00,9.99995e-01,9.99999e-01,9.99995e-01,9.99999e-01
9.401065601e+00,9.99995e-01,9.99999e-01,9.99995e-01,9.99999e-01
9.448070929e+00,9.99995e-01,9.99999e-01,9.99995e-01,9.99999e-01
9.495311283e+00,9.99995e-01,9.99999e-01,9.99995e-01,9.99999e-01
9.542787840e+00,9.99995e-01,9.99999e-01,9.99995e-01,9.99999e-01
9.590501779e+00,9.99995e-01,9.99999e-01,9.99995e-01,9.99999e-01
9.638454288e+00,9.99995e-01,9.99999e-01,9.99995e-01,9.99999e-01
9.686646559e+00,9.99995e-01,9.99999e-01,9.99995e-01,9.99999e-01
9.735079792e+00,9.99995e-01,9.99999e-01,9.99995e-01,9.99999e-01
9.783755191e+00,9.99995e-01,9.99999e-01,9.99995e-01,9.99999e-01
9.832673967e+00,9.99995e-01,9.99999e-01,9.99995e-01,9.99999e-01
9.881837337e+00,9.99995e-01,9.99999e-01,9.99995e-01,9.99999e-01
9.931246523e+00,9.99996e-01,9.99999e-01,9.99996e-01,9.99999e-01
9.980902756e+00,9.99996e-01,9.99999e-01,9.99996e-01,9.99999e-01
1.003080727e+01,9.99996e-01,9.99999e-01,9.99996e-01,9.99999e-01
1.008096131e+01,9.99996e-01,9.99999e-01,9.99996e-01,9.99999e-01
1.013136611e+01,9.99996e-01,9.99999e-01,9.99996e-01,9.99999e-01
1.018202294e+01,9.99996e-01,9.99999e-01,9.99996e-01,9.99999e-01
1.023293306e+01,9.99996e-01,9.99999e-01,9.99996e-01,9.99999e-01
1.028409772e+01,9.99996e-01,9.99999e-01,9.99996e-01,9.99999e-01
1.033551821e+01,9.99996e-01,9.99999e-01,9.99996e-01,9.99999e-01
1.038719580e+01,9.99996e-01,9.99999e-01,9.99996e-01,9.99999e-01
1.043913178e+01,9.99996e-01,9.99999e-01,9.99996e-01,9.99999e-01
1.049132744e+01,9.99996e-01,9.99999e-01,9.99996e-01,9.99999e-01
1.054378408e+01,9.99996e-01,9.99999e-01,9.99996e-01,9.99999e-01
1.059650300e+01,9.99996e-01,9.99999e-01,9.99996e-01,9.99999e-01
1.064948551e+01,9.99996e-01,9.99999e-01,9.99996e-01,9.99999e-01
1.070273294e+01,9.99996e-01,9.99999e-01,9.99996e-01,9.99999e-01
1.075624661e+01,9.99996e-01,9.99999e-01,9.99996e-01,9.99999e-01
1.081002784e+01,9.99997e-01,9.99999e-01,9.99997e-01,9.99999e-01
1.086407798e+01,9.99997e-01,9.99999e-01,9.99997e-01,9.99999e-01
1.091839837e+01,9.99997e-01,9.99999e-01,9.99997e-01,9.99999e-01
1.097299036e+01,9.99997e-01,9.99999e-01,9.99997e-01,9.99999e-01
1.102785531e+01,9.99997e-01,9.99999e-01,9.99997e-01,9.99999e-01
1.108299459e+01,9.99997e-01,9.99999e-01,9.99997e-01,9.99999e-01
1.113840956e+01,9.99997e-01,9.99999e-01,9.99997e-01,9.99999e-01
1.119410161e+01,9.99997e-01,9.99999e-01,9.99997e-01,9.99999e-01
1.125007212e+01,9.99997e-01,9.99999e-01,9.99997e-01,9.99999e-01
1.130632248e+01,9.99997e-01,9.99999e-01,9.99997e-01,9.99999e-01
1.136285409e+01,9.99997e-01,9.99999e-01,9.99997e-01,9.99999e-01
1.141966836e+01,9.99997e-01,9.99999e-01,9.99997e-01,9.99999e-01
1.147676670e+01,9.99997e-01,9.99999e-01,9.99997e-01,9.99999e-01
1.153415054e+01,9.99997e-01,9.99999e-01,9.99997e-01,9.99999e-01
1.159182129e+01,9.99997e-01,9.99999e-01,9.99997e-01,9.99999e-01
1.164978039e+01,9.99997e-01,9.99999e-01,9.99997e-01,9.99999e-01
1.170802930e+01,9.99997e-01,9.99999e-01,9.99997e-01,9.99999e-01
1.176656944e+01,9.99997e-01,9.99999e-01,9.99997e-01,9.99999e-01
1.182540229e+01,9.99997e-01,9.99999e-01,9.99997e-01,9.99999e-01
1.188452930e+01,9.99997e-01,9.99999e-01,9.99997e-01,9.99999e-01
1.194395195e+01,9.99997e-01,9.99999e-01,9.99997e-01,9.99999e-01
1.200367171e+01,9.99997e-01,9.99999e-01,9.99997e-01,9.99999e-01
1.206369007e+01,9.99997e-01,9.99999e-01,9.99997e-01,9.99999e-01
1.212400852e+01,9.99997e-01,9.99999e-01,9.99997e-01,9.99999e-01
1.218462856e+01,9.99997e-01,9.99999e-01,9.99997e-01,9.99999e-01
1.224555170e+01,9.99998e-01,9.99999e-01,9.99998e-01,9.99999e-01
1.230677946e+01,9.99998e-01,9.99999e-01,9.99998e-01,9.99999e-01
1.236831336e+01,9.99998e-01,9.99999e-01,9.99998e-01,9.99999e-01
1.243015492e+01,9.99998e-01,9.99999e-01,9.99998e-01,9.99999e-01
1.249230570e+01,9.99998e-01,9.99999e-01,9.99998e-01,9.99999e-01
1.255476723e+01,9.99998e-01,9.99999e-01,9.99998e-01,9.99999e-01
1.261754106e+01,9.99998e-01,9.99999e-01,9.99998e-01,9.99999e-01
1.268062877e+01,9.99998e-01,9.99999e-01,9.99998e-01,9.99999e-01
1.274403191e+01,9.99998e-01,9.99999e-01,9.99998e-01,9.99999e-01
1.280775207e+01,9.99998e-01,9.99999e-01,9.99998e-01,9.99999e-01
1.287179083e+01,9.99998e-01,9.99999e-01,9.99998e-01,9.99999e-01
1.293614979e+01,9.99998e-01,9.99999e-01,9.99998e-01,9.99999e-01
1.300083054e+01,9.99998e-01,9.99999e-01,9.99998e-01,9.99999e-01
1.306583469e+01,9.99998e-01,9.99999e-01,9.99998e-01,9.99999e-01
1.313116386e+01,9.99998e-01,9.99999e-01,9.99998e-01,9.99999e-01
1.319681968e+01,9.99998e-01,9.99999e-01,9.99998e-01,9.99999e-01
1.326280378e+01,9.99998e-01,9.99999e-01,9.99998e-01,9.99999e-01
1.332911780e+01,9.99998e-01,9.99999e-01,9.99998e-01,9.99999e-01
1.339576339e+01,9.99998e-01,9.99999e-01,9.99998e-01,9.99999e-01
1.346274221e+01,9.99998e-01,9.99999e-01,9.99998e-01,9.99999e-01
1.353005592e+01,9.99998e-01,9.99999e-01,9.99998e-01,9.99999e-01
1.359770620e+01,9.99998e-01,9.99999e-01,9.99998e-01,9.99999e-01
1.366569473e+01,9.99998e-01,9.99999e-01,9.99998e-01,9.99999e-01
1.373402320e+01,9.99998e-01,9.99999e-01,9.99998e-01,9.99999e-01
1.380269332e+01,9.99998e-01,9.99999e-01,9.99998e-01,9.99999e-01
1.387170678e+01,9.99998e-01,9.99999e-01,9.99998e-01,9.99999e-01
1.394106532e+01,9.99998e-01,9.99999e-01,9.99998e-01,9.99999e-01
1.401077064e+01,9.99998e-01,9.99999e-01,9.99998e-01,9.99999e-01
1.408082450e+01,9.99998e-01,9.99999e-01,9.99998e-01,9.99999e-01
1.415122862e+01,9.99998e-01,9.99999e-01,9.99998e-01,9.99999e-01
1.422198476e+01,9.99998e-01,9.99999e-01,9.99998e-01,9.99999e-01
1.429309469e+01,9.99998e-01,9.99999e-01,9.99998e-01,9.99999e-01
1.436456016e+01,9.99998e-01,9.99999e-01,9.99998e-01,9.99999e-01
1.443638296e+01,9.99998e-01,9.99999e-01,9.99998e-01,9.99999e-01
1.450856487e+01,9.99998e-01,9.99999e-01,9.99998e-01,9.99999e-01
1.458110770e+01,9.99998e-01,9.99999e-01,9.99998e-01,9.99999e-01
1.465401324e+01,9.99998e-01,9.99999e-01,9.99998e-01,9.99999e-01
1.472728330e+01,9.99998e-01,9.99999e-01,9.99998e-01,9.99999e-01
1.480091972e+01,9.99998e-01,9.99999e-01,9.99998e-01,9.99999e-01
1.487492432e+01,9.99998e-01,9.99999e-01,9.99998e-01,9.99999e-01
1.494929894e+01,9.99998e-01,9.99999e-01,9.99998e-01,9.99999e-01
1.502404544e+01,9.99998e-01,9.99999e-01,9.99998e-01,9.99999e-01
1.509916566e+01,9.99998e-01,9.99999e-01,9.99998e-01,9.99999e-01
1.517466149e+01,9.99998e-01,9.99999e-01,9.99998e-01,9.99999e-01
1.525053480e+01,9.99998e-01,9.99999e-01,9.99998e-01,9.99999e-01
1.532678747e+01,9.99998e-01,9.99999e-01,9.99998e-01,9.99999e-01
1.540342141e+01,9.70520e-01,9.99999e-01,9.99998e-01,9.70521e-01
1.548043852e+01,9.68486e-01,9.99999e-01,9.99998e-01,9.68487e-01
1.555784071e+01,9.67481e-01,9.99999e-01,9.99998e-01,9.67482e-01
1.563562991e+01,9.66450e-01,9.99999e-01,9.99998e-01,9.66450e-01
1.571380806e+01,9.65384e-01,9.99999e-01,9.99998e-01,9.65384e-01
1.579237710e+01,9.64305e-01,9.99999e-01,9.99998e-01,9.64306e-01
1.587133899e+01,9.63196e-01,9.99999e-01,9.99998e-01,9.63197e-01
1.595069568e+01,9.62058e-01,9.99999e-01,9.99998e-01,9.62058e-01
1.603044916e+01,9.60907e-01,9.99999e-01,9.99998e-01,9.60908e-01
1.611060141e+01,9.59735e-01,9.99999e-01,9.99999e-01,9.59736e-01
1.619115441e+01,9.58523e-01,9.99999e-01,9.99999e-01,9.58523e-01
1.627211019e+01,9.57281e-01,9.99999e-01,9.99999e-01,9.57282e-01
1.635347074e+01,9.56032e-01,9.99999e-01,9.99999e-01,9.56032e-01
1.643523809e+01,9.54769e-01,9.99999e-01,9.99999e-01,9.54770e-01
1.651741428e+01,9.53459e-01,9.99999e-01,9.99999e-01,9.53459e-01
1.660000135e+01,9.52113e-01,9.99999e-01,9.99999e-01,9.52114e-01
1.668300136e+01,9.50775e-01,9.99999e-01,9.99999e-01,9.50775e-01
1.676641637e+01,9.49387e-01,9.99999e-01,9.99999e-01,9.49387e-01
1.685024845e+01,9.47952e-01,9.99999e-01,9.99999e-01,9.47953e-01
1.693449969e+01,9.46508e-01,9.99999e-01,9.99999e-01,9.46508e-01
1.701917219e+01,9.45018e-01,9.99999e-01,9.99999e-01,9.45019e-01
1.710426805e+01,9.43487e-01,9.99999e-01,9.99999e-01,9.43487e-01
1.718978939e+01,9.41950e-01,9.99999e-01,9.99999e-01,9.41951e-01
1.727573834e+01,9.40380e-01,9.99999e-01,9.99999e-01,9.40380e-01
1.736211703e+01,9.38792e-01,9.99999e-01,9.99999e-01,9.38793e-01
1.744892761e+01,9.37174e-01,9.99999e-01,9.99999e-01,9.37175e-01
1.753617225e+01,9.35523e-01,9.99999e-01,9.99999e-01,9.35524e-01
1.762385311e+01,9.33835e-01,9.99999e-01,9.99999e-01,9.33835e-01
1.771197238e+01,9.32105e-01,9.99999e-01,9.99999e-01,9.32105e-01
1.780053224e+01,9.30376e-01,9.99999e-01,9.99999e-01,9.30377e-01
1.788953490e+01,9.28620e-01,9.99999e-01,9.99999e-01,9.28620e-01
1.797898258e+01,9.26850e-01,9.99999e-01,9.99999e-01,9.26850e-01
1.806887749e+01,9.25040e-01,9.99999e-01,9.99999e-01,9.25040e-01
1.815922188e+01,9.23197e-01,9.99999e-01,9.99999e-01,9.23198e-01
1.825001799e+01,9.21320e-01,9.99999e-01,9.99999e-01,9.21320e-01
1.834126808e+01,9.19397e-01,9.99999e-01,9.99999e-01,9.19397e-01
1.843297442e+01,9.17471e-01,9.99999e-01,9.99999e-01,9.17471e-01
1.852513929e+01,9.15518e-01,9.99999e-01,9.99999e-01,9.15518e-01
1.861776499e+01,9.13520e-01,9.99999e-01,9.99999e-01,9.13520e-01
1.871085381e+01,9.11512e-01,9.99999e-01,9.99999e-01,9.11512e-01
1.880440808e+01,9.09472e-01,9.99999e-01,9.99999e-01,9.09472e-01
1.889843012e+01,9.07394e-01,9.99999e-01,9.99999e-01,9.07394e-01
1.899292227e+01,9.05322e-01,9.99999e-01,9.99999e-01,9.05322e-01
1.908788688e+01,9.03163e-01,9.99999e-01,9.99999e-01,9.03163e-01
1.918332632e+01,9.00972e-01,9.99999e-01,9.99999e-01,9.00972e-01
1.927924295e+01,8.98821e-01,9.99999e-01,9.99999e-01,8.98821e-01
1.937563916e+01,8.96622e-01,9.99999e-01,9.99999e-01,8.96622e-01
1.947251736e+01,8.94353e-01,9.99999e-01,9.99999e-01,8.94353e-01
1.956987994e+01,8.92085e-01,9.99999e-01,9.99999e-01,8.92085e-01
1.966772934e+01,8.89766e-01,9.99999e-01,9.99999e-01,8.89766e-01
1.976606799e+01,8.87396e-01,9.99999e-01,9.99999e-01,8.87396e-01
1.986489833e+01,8.85035e-01,9.99999e-01,9.99999e-01,8.85035e-01
1.996422282e+01,8.82647e-01,9.99999e-01,9.99999e-01,8.82647e-01
