#,Wave/freq,Total,H2O,Rayleigh,CIA
4.000000000e-01,9.99814e-01,9.99972e-01,9.99840e-01,9.99999e-01
4.020000000e-01,9.99827e-01,9.99982e-01,9.99844e-01,9.99999e-01
4.040100000e-01,9.99840e-01,9.99992e-01,9.99847e-01,9.99999e-01
4.060300500e-01,9.99848e-01,9.99997e-01,9.99850e-01,9.99999e-01
4.080602003e-01,9.99852e-01,9.99998e-01,9.99853e-01,9.99999e-01
4.101005013e-01,9.99855e-01,9.99999e-01,9.99855e-01,9.99999e-01
4.121510038e-01,9.99857e-01,9.99998e-01,9.99858e-01,9.99999e-01
4.142117588e-01,9.99854e-01,9.99992e-01,9.99861e-01,9.99999e-01
4.162828176e-01,9.99831e-01,9.99966e-01,9.99864e-01,9.99999e-01
4.183642317e-01,9.99847e-01,9.99979e-01,9.99866e-01,9.99999e-01
4.204560528e-01,9.99857e-01,9.99987e-01,9.99869e-01,9.99999e-01
4.225583331e-01,9.99867e-01,9.99995e-01,9.99872e-01,9.99999e-01
4.246711247e-01,9.99871e-01,9.99995e-01,9.99874e-01,9.99999e-01
4.267944804e-01,9.99871e-01,9.99994e-01,9.99877e-01,9.99999e-01
4.289284528e-01,9.99875e-01,9.99995e-01,9.99879e-01,9.99999e-01
4.310730950e-01,9.99880e-01,9.99997e-01,9.99881e-01,9.99999e-01
4.332284605e-01,9.99883e-01,9.99999e-01,9.99884e-01,9.99999e-01
4.353946028e-01,9.99886e-01,9.99999e-01,9.99886e-01,9.99999e-01
4.375715758e-01,9.99885e-01,9.99996e-01,9.99888e-01,9.99999e-01
4.397594337e-01,9.99861e-01,9.99970e-01,9.99890e-01,9.99999e-01
4.419582309e-01,9.99743e-01,9.99849e-01,9.99893e-01,9.99999e-01
4.441680220e-01,9.99780e-01,9.99884e-01,9.99895e-01,9.99999e-01
4.463888621e-01,9.99777e-01,9.99879e-01,9.99897e-01,9.99999e-01
4.486208064e-01,9.99824e-01,9.99925e-01,9.99899e-01,9.99999e-01
4.508639105e-01,9.99866e-01,9.99964e-01,9.99901e-01,9.99999e-01
4.531182300e-01,9.99889e-01,9.99985e-01,9.99903e-01,9.99999e-01
4.553838212e-01,9.99895e-01,9.99990e-01,9.99905e-01,9.99999e-01
4.576607403e-01,9.99902e-01,9.99995e-01,9.99906e-01,9.99999e-01
4.599490440e-01,9.99905e-01,9.99996e-01,9.99908e-01,9.99999e-01
4.622487892e-01,9.99910e-01,9.99998e-01,9.99910e-01,9.99999e-01
4.645600332e-01,9.99910e-01,9.99997e-01,9.99912e-01,9.99999e-01
4.668828333e-01,9.99878e-01,9.99964e-01,9.99914e-01,9.99999e-01
4.692172475e-01,9.99840e-01,9.99924e-01,9.99915e-01,9.99999e-01
4.715633337e-01,9.99868e-01,9.99950e-01,9.99917e-01,9.99999e-01
4.739211504e-01,9.99872e-01,9.99952e-01,9.99918e-01,9.99999e-01
4.762907561e-01,9.99896e-01,9.99975e-01,9.99920e-01,9.99999e-01
4.786722099e-01,9.99912e-01,9.99989e-01,9.99922e-01,9.99999e-01
4.810655710e-01,9.99920e-01,9.99996e-01,9.99923e-01,9.99999e-01
4.834708988e-01,9.99895e-01,9.99970e-01,9.99925e-01,9.99999e-01
4.858882533e-01,9.99873e-01,9.99946e-01,9.99926e-01,9.99999e-01
4.883176946e-01,9.99883e-01,9.99954e-01,9.99928e-01,9.99999e-01
4.907592831e-01,9.99889e-01,9.99959e-01,9.99929e-01,9.99999e-01
4.932130795e-01,9.99902e-01,9.99970e-01,9.99930e-01,9.99999e-01
4.956791449e-01,9.99917e-01,9.99984e-01,9.99932e-01,9.99999e-01
4.981575406e-01,9.99857e-01,9.99923e-01,9.99933e-01,9.99999e-01
5.006483283e-01,9.99736e-01,9.99801e-01,9.99934e-01,9.99999e-01
5.031515699e-01,9.98938e-01,9.99002e-01,9.99936e-01,9.99999e-01
5.056673278e-01,9.99412e-01,9.99474e-01,9.99937e-01,9.99999e-01
5.081956644e-01,9.99276e-01,9.99337e-01,9.99938e-01,9.99999e-01
5.107366428e-01,9.99493e-01,9.99552e-01,9.99939e-01,9.99999e-01
5.132903260e-01,9.99686e-01,9.99744e-01,9.99940e-01,9.99999e-01
5.158567776e-01,9.99834e-01,9.99891e-01,9.99942e-01,9.99999e-01
5.184360615e-01,9.99900e-01,9.99956e-01,9.99943e-01,9.99999e-01
5.210282418e-01,9.99928e-01,9.99983e-01,9.99944e-01,9.99999e-01
5.236333830e-01,9.99880e-01,9.99934e-01,9.99945e-01,9.99999e-01
5.262515499e-01,9.99906e-01,9.99958e-01,9.99946e-01,9.99999e-01
5.288828077e-01,9.99910e-01,9.99962e-01,9.99947e-01,9.99999e-01
5.315272217e-01,9.99916e-01,9.99966e-01,9.99948e-01,9.99999e-01
5.341848578e-01,9.99928e-01,9.99978e-01,9.99949e-01,9.99999e-01
5.368557821e-01,9.99874e-01,9.99923e-01,9.99950e-01,9.99999e-01
5.395400610e-01,9.99676e-01,9.99724e-01,9.99951e-01,9.99999e-01
5.422377613e-01,9.99601e-01,9.99647e-01,9.99952e-01,9.99999e-01
5.449489501e-01,9.99624e-01,9.99670e-01,9.99953e-01,9.99999e-01
5.476736949e-01,9.99665e-01,9.99710e-01,9.99954e-01,9.99999e-01
5.504120634e-01,9.99745e-01,9.99789e-01,9.99955e-01,9.99999e-01
5.531641237e-01,9.99850e-01,9.99893e-01,9.99956e-01,9.99999e-01
5.559299443e-01,9.99906e-01,9.99948e-01,9.99956e-01,9.99999e-01
5.587095940e-01,9.99925e-01,9.99967e-01,9.99957e-01,9.99999e-01
5.615031420e-01,9.99922e-01,9.99963e-01,9.99958e-01,9.99999e-01
5.643106577e-01,9.99918e-01,9.99958e-01,9.99959e-01,9.99999e-01
5.671322110e-01,9.99460e-01,9.99499e-01,9.99960e-01,9.99999e-01
5.699678720e-01,9.99441e-01,9.99479e-01,9.99961e-01,9.99999e-01
5.728177114e-01,9.99415e-01,9.99453e-01,9.99961e-01,9.99999e-01
5.756818000e-01,9.99462e-01,9.99499e-01,9.99962e-01,9.99999e-01
5.785602090e-01,9.99527e-01,9.99564e-01,9.99963e-01,9.99999e-01
5.814530100e-01,9.99525e-01,9.99561e-01,9.99963e-01,9.99999e-01
5.843602750e-01,9.99439e-01,9.99474e-01,9.99964e-01,9.99999e-01
5.872820764e-01,9.95443e-01,9.95477e-01,9.99965e-01,9.99999e-01
5.902184868e-01,9.94527e-01,9.94561e-01,9.99966e-01,9.99999e-01
5.931695792e-01,9.96113e-01,9.96146e-01,9.99966e-01,9.99999e-01
5.961354271e-01,9.95751e-01,9.95783e-01,9.99967e-01,9.99999e-01
5.991161043e-01,9.96895e-01,9.96926e-01,9.99967e-01,9.99999e-01
6.021116848e-01,9.98225e-01,9.98256e-01,9.99968e-01,9.99999e-01
6.051222432e-01,9.99087e-01,9.99117e-01,9.99969e-01,9.99999e-01
6.081478544e-01,9.99589e-01,9.99618e-01,9.99969e-01,9.99999e-01
6.111885937e-01,9.99809e-01,9.99838e-01,9.99970e-01,9.99999e-01
6.142445367e-01,9.99899e-01,9.99927e-01,9.99970e-01,9.99999e-01
6.173157594e-01,9.99931e-01,9.99959e-01,9.99971e-01,9.99999e-01
6.204023382e-01,9.99938e-01,9.99965e-01,9.99972e-01,9.99999e-01
6.235043498e-01,9.99822e-01,9.99849e-01,9.99972e-01,9.99999e-01
6.266218716e-01,9.99188e-01,9.99214e-01,9.99973e-01,9.99999e-01
6.297549810e-01,9.99685e-01,9.99711e-01,9.99973e-01,9.99999e-01
6.329037559e-01,9.99406e-01,9.99431e-01,9.99974e-01,9.99999e-01
6.360682746e-01,9.99489e-01,9.99514e-01,9.99974e-01,9.99999e-01
6.392486160e-01,9.99347e-01,9.99371e-01,9.99975e-01,9.99999e-01
6.424448591e-01,9.99129e-01,9.99153e-01,9.99975e-01,9.99999e-01
6.456570834e-01,9.96053e-01,9.96077e-01,9.99976e-01,9.99999e-01
6.488853688e-01,9.97129e-01,9.97152e-01,9.99976e-01,9.99999e-01
6.521297956e-01,9.97075e-01,9.97097e-01,9.99977e-01,9.99999e-01
6.553904446e-01,9.97078e-01,9.97100e-01,9.99977e-01,9.99999e-01
6.586673968e-01,9.97503e-01,9.97524e-01,9.99977e-01,9.99999e-01
6.619607338e-01,9.98599e-01,9.98620e-01,9.99978e-01,9.99999e-01
6.652705375e-01,9.99151e-01,9.99171e-01,9.99978e-01,9.99999e-01
6.685968902e-01,9.99627e-01,9.99647e-01,9.99979e-01,9.99999e-01
6.719398746e-01,9.99801e-01,9.99821e-01,9.99979e-01,9.99999e-01
6.752995740e-01,9.99886e-01,9.99905e-01,9.99979e-01,9.99999e-01
6.786760719e-01,9.99839e-01,9.99858e-01,9.99980e-01,9.99999e-01
6.820694522e-01,9.99741e-01,9.99759e-01,9.99980e-01,9.99999e-01
6.854797995e-01,9.99671e-01,9.99690e-01,9.99981e-01,9.99999e-01
6.889071985e-01,9.99223e-01,9.99242e-01,9.99981e-01,9.99999e-01
6.923517345e-01,9.87763e-01,9.87780e-01,9.99981e-01,9.99999e-01
6.958134932e-01,9.93718e-01,9.93735e-01,9.99982e-01,9.99999e-01
6.992925606e-01,9.93932e-01,9.93949e-01,9.99982e-01,9.99999e-01
7.027890234e-01,9.92564e-01,9.92580e-01,9.99982e-01,9.99999e-01
7.063029686e-01,9.93738e-01,9.93755e-01,9.99983e-01,9.99999e-01
7.098344834e-01,9.93991e-01,9.94007e-01,9.99983e-01,9.99999e-01
7.133836558e-01,9.91925e-01,9.91941e-01,9.99983e-01,9.99999e-01
7.169505741e-01,9.37242e-01,9.37257e-01,9.99984e-01,9.99998e-01
7.205353270e-01,9.69230e-01,9.69245e-01,9.99984e-01,9.99998e-01
7.241380036e-01,9.60586e-01,9.60601e-01,9.99984e-01,9.99998e-01
7.277586936e-01,9.64393e-01,9.64407e-01,9.99985e-01,9.99998e-01
7.313974871e-01,9.62366e-01,9.62380e-01,9.99985e-01,9.99998e-01
7.350544745e-01,9.79234e-01,9.79248e-01,9.99985e-01,9.99999e-01
7.387297469e-01,9.84685e-01,9.84699e-01,9.99985e-01,9.99999e-01
7.424233956e-01,9.92486e-01,9.92499e-01,9.99986e-01,9.99999e-01
7.461355126e-01,9.95430e-01,9.95443e-01,9.99986e-01,9.99999e-01
7.498661902e-01,9.97868e-01,9.97881e-01,9.99986e-01,9.99999e-01
7.536155211e-01,9.98945e-01,9.98957e-01,9.99986e-01,9.99999e-01
7.573835987e-01,9.99451e-01,9.99463e-01,9.99987e-01,9.99999e-01
7.611705167e-01,9.99654e-01,9.99666e-01,9.99987e-01,9.99999e-01
7.649763693e-01,9.99778e-01,9.99790e-01,9.99987e-01,9.99999e-01
7.688012511e-01,9.99842e-01,9.99853e-01,9.99987e-01,9.99999e-01
7.726452574e-01,9.99868e-01,9.99879e-01,9.99988e-01,9.99999e-01
7.765084837e-01,9.99816e-01,9.99828e-01,9.99988e-01,9.99999e-01
7.803910261e-01,9.99246e-01,9.99257e-01,9.99988e-01,9.99999e-01
7.842929812e-01,9.97398e-01,9.97409e-01,9.99988e-01,9.99999e-01
7.882144461e-01,9.94695e-01,9.94705e-01,9.99988e-01,9.99999e-01
7.921555184e-01,9.97095e-01,9.97106e-01,9.99989e-01,9.99999e-01
7.961162960e-01,9.94832e-01,9.94842e-01,9.99989e-01,9.99999e-01
8.000968774e-01,9.94062e-01,9.94072e-01,9.99989e-01,9.99999e-01
8.040973618e-01,9.94053e-01,9.94063e-01,9.99989e-01,9.99999e-01
8.081178486e-01,9.86586e-01,9.86596e-01,9.99989e-01,9.99999e-01
8.121584379e-01,9.45354e-01,9.45363e-01,9.99990e-01,9.99998e-01
8.162192301e-01,9.35960e-01,9.35970e-01,9.99990e-01,9.99998e-01
8.203003262e-01,9.67174e-01,9.67183e-01,9.99990e-01,9.99998e-01
8.244018279e-01,9.55335e-01,9.55345e-01,9.99990e-01,9.99998e-01
8.285238370e-01,9.61083e-01,9.61092e-01,9.99990e-01,9.99998e-01
8.326664562e-01,9.60798e-01,9.60807e-01,9.99991e-01,9.99998e-01
8.368297885e-01,9.71876e-01,9.71885e-01,9.99991e-01,9.99999e-01
8.410139374e-01,9.83201e-01,9.83209e-01,9.99991e-01,9.99999e-01
8.452190071e-01,9.91734e-01,9.91742e-01,9.99991e-01,9.99999e-01
8.494451021e-01,9.95180e-01,9.95188e-01,9.99991e-01,9.99999e-01
8.536923276e-01,9.97152e-01,9.97159e-01,9.99991e-01,9.99999e-01
8.579607893e-01,9.98238e-01,9.98246e-01,9.99992e-01,9.99999e-01
8.622505932e-01,9.98880e-01,9.98887e-01,9.99992e-01,9.99999e-01
8.665618462e-01,9.99302e-01,9.99309e-01,9.99992e-01,9.99999e-01
8.708946554e-01,9.99201e-01,9.99208e-01,9.99992e-01,9.99999e-01
8.752491287e-01,9.98934e-01,9.98941e-01,9.99992e-01,9.99999e-01
8.796253743e-01,9.98524e-01,9.98531e-01,9.99992e-01,9.99999e-01
8.840235012e-01,9.98316e-01,9.98323e-01,9.99992e-01,9.99999e-01
8.884436187e-01,9.93801e-01,9.93808e-01,9.99992e-01,9.99999e-01
8.928858368e-01,9.37233e-01,9.37239e-01,9.99993e-01,9.99998e-01
8.973502660e-01,8.92448e-01,8.92455e-01,9.99993e-01,9.99998e-01
9.018370173e-01,9.43923e-01,9.43930e-01,9.99993e-01,9.99997e-01
9.063462024e-01,9.49834e-01,9.49842e-01,9.99993e-01,9.99997e-01
9.108779334e-01,9.23177e-01,9.23185e-01,9.99993e-01,9.99997e-01
9.154323231e-01,9.13302e-01,9.13309e-01,9.99993e-01,9.99997e-01
9.200094847e-01,9.31590e-01,9.31598e-01,9.99993e-01,9.99996e-01
9.246095321e-01,8.93935e-01,8.93945e-01,9.99993e-01,9.99994e-01
9.292325798e-01,4.79520e-01,4.79528e-01,9.99994e-01,9.99988e-01
9.338787427e-01,3.91091e-01,3.91098e-01,9.99994e-01,9.99985e-01
9.385481364e-01,6.84378e-01,6.84391e-01,9.99994e-01,9.99985e-01
9.432408771e-01,5.90525e-01,5.90537e-01,9.99994e-01,9.99983e-01
9.479570815e-01,4.85827e-01,4.85836e-01,9.99994e-01,9.99985e-01
9.526968669e-01,5.80460e-01,5.80469e-01,9.99994e-01,9.99989e-01
9.574603512e-01,6.02472e-01,6.02480e-01,9.99994e-01,9.99991e-01
9.622476530e-01,6.61705e-01,6.61712e-01,9.99994e-01,9.99994e-01
9.670588912e-01,7.87606e-01,7.87612e-01,9.99994e-01,9.99996e-01
9.718941857e-01,8.60638e-01,8.60644e-01,9.99994e-01,9.99997e-01
9.767536566e-01,8.82810e-01,8.82815e-01,9.99995e-01,9.99998e-01
9.816374249e-01,9.11883e-01,9.11887e-01,9.99995e-01,9.99998e-01
9.865456120e-01,9.43992e-01,9.43996e-01,9.99995e-01,9.99999e-01
9.914783401e-01,9.64978e-01,9.64982e-01,9.99995e-01,9.99999e-01
9.964357318e-01,9.80778e-01,9.80782e-01,9.99995e-01,9.99999e-01
1.001417910e+00,9.88438e-01,9.88442e-01,9.99995e-01,9.99999e-01
1.006425000e+00,9.93381e-01,9.93385e-01,9.99995e-01,9.99999e-01
1.011457125e+00,9.95894e-01,9.95898e-01,9.99995e-01,9.99999e-01
1.016514411e+00,9.97206e-01,9.97210e-01,9.99995e-01,9.99999e-01
1.021596983e+00,9.97771e-01,9.97775e-01,9.99995e-01,9.99999e-01
1.026704968e+00,9.98260e-01,9.98264e-01,9.99995e-01,9.99999e-01
1.031838492e+00,9.98736e-01,9.98740e-01,9.99995e-01,9.99999e-01
1.036997685e+00,9.99246e-01,9.99250e-01,9.99995e-01,9.99999e-01
1.042182673e+00,9.99100e-01,9.99103e-01,9.99996e-01,9.99999e-01
1.047393587e+00,9.98809e-01,9.98813e-01,9.99996e-01,9.99999e-01
1.052630555e+00,9.98366e-01,9.98369e-01,9.99996e-01,9.99999e-01
1.057893707e+00,9.97273e-01,9.97276e-01,9.99996e-01,9.99999e-01
1.063183176e+00,9.95521e-01,9.95525e-01,9.99996e-01,9.99999e-01
1.068499092e+00,9.92521e-01,9.92525e-01,9.99996e-01,9.99999e-01
1.073841587e+00,9.91240e-01,9.91243e-01,9.99996e-01,9.99999e-01
1.079210795e+00,9.88817e-01,9.88820e-01,9.99996e-01,9.99999e-01
1.084606849e+00,9.83097e-01,9.83100e-01,9.99996e-01,9.99998e-01
1.090029883e+00,9.75695e-01,9.75699e-01,9.99996e-01,9.99998e-01
1.095480033e+00,9.35252e-01,9.35256e-01,9.99996e-01,9.99997e-01
1.100957433e+00,8.43822e-01,8.43827e-01,9.99996e-01,9.99996e-01
1.106462220e+00,6.51124e-01,6.51130e-01,9.99996e-01,9.99993e-01
1.111994531e+00,4.09800e-01,4.09806e-01,9.99996e-01,9.99986e-01
1.117554504e+00,2.39134e-01,2.39139e-01,9.99996e-01,9.99981e-01
1.123142276e+00,3.58130e-01,3.58138e-01,9.99996e-01,9.99978e-01
1.128757988e+00,5.09955e-01,5.09969e-01,9.99996e-01,9.99976e-01
1.134401778e+00,2.67918e-01,2.67926e-01,9.99997e-01,9.99973e-01
1.140073787e+00,6.65290e-01,6.65305e-01,9.99997e-01,9.99978e-01
1.145774156e+00,4.33827e-01,4.33836e-01,9.99997e-01,9.99981e-01
1.151503026e+00,3.96030e-01,3.96037e-01,9.99997e-01,9.99984e-01
1.157260541e+00,4.54949e-01,4.54955e-01,9.99997e-01,9.99988e-01
1.163046844e+00,5.58276e-01,5.58281e-01,9.99997e-01,9.99992e-01
1.168862078e+00,6.65251e-01,6.65254e-01,9.99997e-01,9.99995e-01
1.174706389e+00,7.77469e-01,7.77472e-01,9.99997e-01,9.99997e-01
1.180579921e+00,8.57799e-01,8.57801e-01,9.99997e-01,9.99998e-01
1.186482820e+00,9.16837e-01,9.16840e-01,9.99997e-01,9.99998e-01
1.192415234e+00,9.50543e-01,9.50546e-01,9.99997e-01,9.99998e-01
1.198377311e+00,9.58098e-01,9.58101e-01,9.99997e-01,9.99998e-01
1.204369197e+00,9.60351e-01,9.60353e-01,9.99997e-01,9.99998e-01
1.210391043e+00,9.62048e-01,9.62050e-01,9.99997e-01,9.99999e-01
1.216442998e+00,9.67677e-01,9.67679e-01,9.99997e-01,9.99999e-01
1.222525213e+00,9.74724e-01,9.74726e-01,9.99997e-01,9.99999e-01
1.228637839e+00,9.82372e-01,9.82373e-01,9.99997e-01,9.99999e-01
1.234781029e+00,9.86893e-01,9.86895e-01,9.99997e-01,9.99999e-01
1.240954934e+00,9.91687e-01,9.91688e-01,9.99997e-01,9.99999e-01
1.247159708e+00,9.93525e-01,9.93527e-01,9.99997e-01,9.99999e-01
1.253395507e+00,9.94243e-01,9.94244e-01,9.99997e-01,9.99999e-01
1.259662485e+00,9.94521e-01,9.94522e-01,9.99997e-01,9.99999e-01
1.265960797e+00,9.91274e-01,9.91275e-01,9.99997e-01,9.99999e-01
1.272290601e+00,9.86288e-01,9.86290e-01,9.99997e-01,9.99999e-01
1.278652054e+00,9.72933e-01,9.72935e-01,9.99997e-01,9.99998e-01
1.285045314e+00,9.51411e-01,9.51414e-01,9.99998e-01,9.99998e-01
1.291470541e+00,9.16876e-01,9.16878e-01,9.99998e-01,9.99997e-01
1.297927893e+00,8.83912e-01,8.83916e-01,9.99998e-01,9.99996e-01
1.304417533e+00,8.64940e-01,8.64946e-01,9.99998e-01,9.99994e-01
1.310939621e+00,8.32415e-01,8.32423e-01,9.99998e-01,9.99990e-01
1.317494319e+00,8.35383e-01,8.35397e-01,9.99998e-01,9.99983e-01
1.324081790e+00,7.64125e-01,7.64146e-01,9.99998e-01,9.99973e-01
1.330702199e+00,3.66152e-01,3.66168e-01,9.99998e-01,9.99956e-01
1.337355710e+00,7.18682e-02,7.18742e-02,9.99998e-01,9.99917e-01
1.344042489e+00,3.12010e-03,3.12065e-03,9.99998e-01,9.99823e-01
1.350762701e+00,2.34230e-06,2.34297e-06,9.99998e-01,9.99718e-01
1.357516515e+00,8.02445e-09,8.02726e-09,9.99998e-01,9.99651e-01
1.364304097e+00,7.85626e-06,7.85921e-06,9.99998e-01,9.99626e-01
1.371125618e+00,4.07074e-04,4.07228e-04,9.99998e-01,9.99623e-01
1.377981246e+00,1.13128e-03,1.13174e-03,9.99998e-01,9.99595e-01
1.384871152e+00,1.87676e-05,1.87750e-05,9.99998e-01,9.99606e-01
1.391795508e+00,9.86044e-06,9.86373e-06,9.99998e-01,9.99666e-01
1.398754485e+00,8.41667e-05,8.41909e-05,9.99998e-01,9.99713e-01
1.405748258e+00,7.48317e-05,7.48510e-05,9.99998e-01,9.99742e-01
1.412776999e+00,7.46710e-05,7.46865e-05,9.99998e-01,9.99793e-01
1.419840884e+00,1.42802e-04,1.42824e-04,9.99998e-01,9.99845e-01
1.426940089e+00,1.05680e-03,1.05690e-03,9.99998e-01,9.99904e-01
1.434074789e+00,5.12206e-03,5.12237e-03,9.99998e-01,9.99940e-01
1.441245163e+00,1.51793e-02,1.51800e-02,9.99998e-01,9.99953e-01
1.448451389e+00,5.30137e-02,5.30158e-02,9.99998e-01,9.99961e-01
1.455693646e+00,1.38187e-01,1.38191e-01,9.99998e-01,9.99967e-01
1.462972114e+00,1.77342e-01,1.77347e-01,9.99998e-01,9.99972e-01
1.470286975e+00,1.34172e-01,1.34176e-01,9.99998e-01,9.99975e-01
1.477638409e+00,1.63374e-01,1.63377e-01,9.99998e-01,9.99978e-01
1.485026601e+00,2.26436e-01,2.26440e-01,9.99998e-01,9.99983e-01
1.492451734e+00,3.30822e-01,3.30826e-01,9.99998e-01,9.99988e-01
1.499913993e+00,4.73692e-01,4.73695e-01,9.99998e-01,9.99993e-01
1.507413563e+00,5.82631e-01,5.82633e-01,9.99998e-01,9.99996e-01
1.514950631e+00,7.11745e-01,7.11747e-01,9.99998e-01,9.99997e-01
1.522525384e+00,8.02456e-01,8.02457e-01,9.99998e-01,9.99998e-01
1.530138011e+00,8.50978e-01,8.50979e-01,9.99998e-01,9.99998e-01
1.537788701e+00,9.12854e-01,9.12855e-01,9.99998e-01,9.99999e-01
1.545477645e+00,9.43375e-01,9.43376e-01,9.99998e-01,9.99999e-01
1.553205033e+00,9.53472e-01,9.53473e-01,9.99998e-01,9.99999e-01
1.560971058e+00,9.71083e-01,9.71084e-01,9.99998e-01,9.99999e-01
1.568775913e+00,9.80760e-01,9.80761e-01,9.99998e-01,9.99999e-01
1.576619793e+00,9.85046e-01,9.85046e-01,9.99998e-01,9.99999e-01
1.584502892e+00,9.90877e-01,9.90877e-01,9.99998e-01,9.99999e-01
1.592425406e+00,9.91543e-01,9.91544e-01,9.99998e-01,9.99999e-01
1.600387533e+00,9.94155e-01,9.94156e-01,9.99998e-01,9.99999e-01
1.608389471e+00,9.93956e-01,9.93957e-01,9.99998e-01,9.99999e-01
1.616431418e+00,9.93806e-01,9.93806e-01,9.99998e-01,9.99999e-01
1.624513575e+00,9.93376e-01,9.93377e-01,9.99998e-01,9.99999e-01
1.632636143e+00,9.89635e-01,9.89636e-01,9.99998e-01,9.99999e-01
1.640799324e+00,9.86199e-01,9.86200e-01,9.99998e-01,9.99999e-01
1.649003321e+00,9.82449e-01,9.82450e-01,9.99998e-01,9.99999e-01
1.657248337e+00,9.76793e-01,9.76794e-01,9.99998e-01,9.99999e-01
1.665534579e+00,9.68532e-01,9.68533e-01,9.99998e-01,9.99999e-01
1.673862252e+00,9.57456e-01,9.57457e-01,9.99998e-01,9.99999e-01
1.682231563e+00,9.62689e-01,9.62690e-01,9.99998e-01,9.99999e-01
1.690642721e+00,9.35390e-01,9.35391e-01,9.99999e-01,9.99998e-01
1.699095934e+00,9.26188e-01,9.26189e-01,9.99999e-01,9.99998e-01
1.707591414e+00,9.20664e-01,9.20666e-01,9.99999e-01,9.99997e-01
1.716129371e+00,9.02690e-01,9.02692e-01,9.99999e-01,9.99996e-01
1.724710018e+00,8.57365e-01,8.57369e-01,9.99999e-01,9.99995e-01
1.733333568e+00,8.17920e-01,8.17925e-01,9.99999e-01,9.99993e-01
1.742000236e+00,7.37232e-01,7.37239e-01,9.99999e-01,9.99990e-01
1.750710237e+00,5.66503e-01,5.66511e-01,9.99999e-01,9.99985e-01
1.759463788e+00,3.44895e-01,3.44903e-01,9.99999e-01,9.99977e-01
1.768261107e+00,1.39022e-01,1.39027e-01,9.99999e-01,9.99963e-01
1.777102413e+00,3.84704e-02,3.84726e-02,9.99999e-01,9.99943e-01
1.785987925e+00,5.05501e-03,5.05547e-03,9.99999e-01,9.99909e-01
1.794917864e+00,7.55765e-04,7.55884e-04,9.99999e-01,9.99842e-01
1.803892454e+00,7.13693e-06,7.13863e-06,9.99999e-01,9.99761e-01
1.812911916e+00,4.99302e-07,4.99464e-07,9.99999e-01,9.99675e-01
1.821976476e+00,8.05103e-07,8.05412e-07,9.99999e-01,9.99617e-01
1.831086358e+00,9.11717e-08,9.12110e-08,9.99999e-01,9.99569e-01
1.840241790e+00,1.80955e-06,1.81042e-06,9.99999e-01,9.99523e-01
1.849442999e+00,6.60429e-06,6.60768e-06,9.99999e-01,9.99486e-01
1.858690214e+00,9.63657e-09,9.64229e-09,9.99999e-01,9.99406e-01
1.867983665e+00,2.19694e-09,2.19839e-09,9.99999e-01,9.99339e-01
1.877323583e+00,3.54355e-04,3.54578e-04,9.99999e-01,9.99371e-01
1.886710201e+00,6.41675e-04,6.42017e-04,9.99999e-01,9.99466e-01
1.896143752e+00,1.96639e-03,1.96734e-03,9.99999e-01,9.99519e-01
1.905624471e+00,1.28819e-05,1.28877e-05,9.99999e-01,9.99552e-01
1.915152593e+00,7.73763e-07,7.74086e-07,9.99999e-01,9.99582e-01
1.924728356e+00,1.22639e-07,1.22685e-07,9.99999e-01,9.99631e-01
1.934351998e+00,4.15301e-08,4.15427e-08,9.99999e-01,9.99696e-01
1.944023758e+00,2.36225e-05,2.36277e-05,9.99999e-01,9.99781e-01
1.953743877e+00,1.03638e-04,1.03653e-04,9.99999e-01,9.99856e-01
1.963512596e+00,2.05092e-03,2.05111e-03,9.99999e-01,9.99910e-01
1.973330159e+00,8.71503e-03,8.71550e-03,9.99999e-01,9.99945e-01
1.983196810e+00,9.01359e-02,9.01390e-02,9.99999e-01,9.99964e-01
1.993112794e+00,1.52331e-01,1.52335e-01,9.99999e-01,9.99976e-01
2.003078358e+00,3.10739e-01,3.10744e-01,9.99999e-01,9.99984e-01
2.013093750e+00,4.67825e-01,4.67829e-01,9.99999e-01,9.99990e-01
2.023159218e+00,6.44638e-01,6.44642e-01,9.99999e-01,9.99993e-01
2.033275015e+00,7.13562e-01,7.13565e-01,9.99999e-01,9.99995e-01
2.043441390e+00,8.10953e-01,8.10955e-01,9.99999e-01,9.99996e-01
2.053658597e+00,8.43618e-01,8.43619e-01,9.99999e-01,9.99997e-01
2.063926890e+00,8.91696e-01,8.91697e-01,9.99999e-01,9.99998e-01
2.074246524e+00,9.05665e-01,9.05666e-01,9.99999e-01,9.99998e-01
2.084617757e+00,9.37352e-01,9.37353e-01,9.99999e-01,9.99998e-01
2.095040845e+00,9.50200e-01,9.50200e-01,9.99999e-01,9.99998e-01
2.105516050e+00,9.57180e-01,9.57181e-01,9.99999e-01,9.99999e-01
2.116043630e+00,9.59043e-01,9.59044e-01,9.99999e-01,9.99999e-01
2.126623848e+00,9.74864e-01,9.74865e-01,9.99999e-01,9.99999e-01
2.137256967e+00,9.76059e-01,9.76060e-01,9.99999e-01,9.99999e-01
2.147943252e+00,9.76960e-01,9.76961e-01,9.99999e-01,9.99999e-01
2.158682968e+00,9.78906e-01,9.78907e-01,9.99999e-01,9.99999e-01
2.169476383e+00,9.77555e-01,9.77555e-01,9.99999e-01,9.99998e-01
2.180323765e+00,9.74320e-01,9.74321e-01,9.99999e-01,9.99998e-01
2.191225384e+00,9.68747e-01,9.68748e-01,9.99999e-01,9.99998e-01
2.202181511e+00,9.61371e-01,9.61372e-01,9.99999e-01,9.99998e-01
2.213192418e+00,9.60975e-01,9.60976e-01,9.99999e-01,9.99998e-01
2.224258381e+00,9.54068e-01,9.54069e-01,9.99999e-01,9.99998e-01
2.235379672e+00,9.60760e-01,9.60761e-01,9.99999e-01,9.99998e-01
2.246556571e+00,9.31655e-01,9.31656e-01,9.99999e-01,9.99998e-01
2.257789354e+00,9.46841e-01,9.46843e-01,9.99999e-01,9.99998e-01
2.269078300e+00,8.74098e-01,8.74099e-01,9.99999e-01,9.99997e-01
2.280423692e+00,8.94560e-01,8.94562e-01,9.99999e-01,9.99997e-01
2.291825810e+00,8.03195e-01,8.03197e-01,9.99999e-01,9.99996e-01
2.303284939e+00,8.21967e-01,8.21970e-01,9.99999e-01,9.99995e-01
2.314801364e+00,7.14693e-01,7.14697e-01,9.99999e-01,9.99993e-01
2.326375371e+00,7.05274e-01,7.05280e-01,9.99999e-01,9.99991e-01
2.338007248e+00,6.70116e-01,6.70124e-01,9.99999e-01,9.99988e-01
2.349697284e+00,5.10189e-01,5.10197e-01,9.99999e-01,9.99984e-01
2.361445770e+00,5.74448e-01,5.74460e-01,9.99999e-01,9.99978e-01
2.373252999e+00,4.74474e-01,4.74488e-01,9.99999e-01,9.99970e-01
2.385119264e+00,2.81303e-01,2.81314e-01,9.99999e-01,9.99959e-01
2.397044861e+00,4.47220e-01,4.47248e-01,9.99999e-01,9.99938e-01
2.409030085e+00,2.31107e-01,2.31128e-01,9.99999e-01,9.99910e-01
2.421075235e+00,2.51269e-01,2.51300e-01,9.99999e-01,9.99877e-01
2.433180612e+00,1.33636e-01,1.33658e-01,9.99999e-01,9.99833e-01
2.445346515e+00,4.07729e-02,4.07819e-02,9.99999e-01,9.99777e-01
2.457573247e+00,1.91593e-02,1.91651e-02,9.99999e-01,9.99700e-01
2.469861113e+00,7.91728e-04,7.92049e-04,9.99999e-01,9.99594e-01
2.482210419e+00,1.29185e-06,1.29259e-06,9.99999e-01,9.99429e-01
2.494621471e+00,1.77397e-09,1.77540e-09,9.99999e-01,9.99191e-01
2.507094578e+00,8.43811e-17,8.44808e-17,9.99999e-01,9.98819e-01
2.519630051e+00,2.46067e-25,2.46491e-25,9.99999e-01,9.98276e-01
2.532228202e+00,6.75373e-34,6.76934e-34,9.99999e-01,9.97693e-01
2.544889343e+00,3.22878e-44,3.23833e-44,9.99999e-01,9.97051e-01
2.557613789e+00,2.00474e-44,2.01172e-44,9.99999e-01,9.96530e-01
2.570401858e+00,3.92702e-62,3.94182e-62,9.99999e-01,9.96246e-01
2.583253867e+00,3.89952e-62,3.91559e-62,9.99999e-01,9.95896e-01
2.596170137e+00,7.25138e-53,7.28171e-53,9.99999e-01,9.95833e-01
2.609150988e+00,2.50422e-37,2.51541e-37,9.99999e-01,9.95551e-01
2.622196742e+00,2.02762e-31,2.03693e-31,9.99999e-01,9.95429e-01
2.635307726e+00,1.22098e-14,1.22684e-14,9.99999e-01,9.95222e-01
2.648484265e+00,1.53466e-17,1.54308e-17,9.99999e-01,9.94544e-01
2.661726686e+00,1.43910e-30,1.44789e-30,9.99999e-01,9.93925e-01
2.675035320e+00,2.57532e-109,2.59026e-109,9.99999e-01,9.94232e-01
2.688410496e+00,1.74053e-53,1.75005e-53,9.99999e-01,9.94559e-01
2.701852549e+00,9.31274e-47,9.35881e-47,9.99999e-01,9.95076e-01
2.715361811e+00,2.11015e-46,2.11987e-46,9.99999e-01,9.95418e-01
2.728938620e+00,3.72536e-33,3.74054e-33,9.99999e-01,9.95938e-01
2.742583314e+00,1.83812e-35,1.84534e-35,9.99999e-01,9.96089e-01
2.756296230e+00,7.34877e-37,7.37646e-37,9.99999e-01,9.96245e-01
2.770077711e+00,3.01420e-50,3.02396e-50,9.99999e-01,9.96772e-01
2.783928100e+00,3.27669e-50,3.28638e-50,9.99999e-01,9.97049e-01
2.797847740e+00,2.65355e-38,2.66030e-38,9.99999e-01,9.97464e-01
2.811836979e+00,9.22268e-41,9.24134e-41,9.99999e-01,9.97980e-01
2.825896164e+00,2.67586e-35,2.68003e-35,9.99999e-01,9.98442e-01
2.840025645e+00,3.19812e-27,3.20205e-27,9.99999e-01,9.98769e-01
2.854225773e+00,4.97635e-24,4.98121e-24,9.99999e-01,9.99024e-01
2.868496902e+00,1.09388e-22,1.09465e-22,9.99999e-01,9.99297e-01
2.882839386e+00,3.82128e-18,3.82325e-18,9.99999e-01,9.99484e-01
2.897253583e+00,1.78717e-15,1.78791e-15,9.99999e-01,9.99586e-01
2.911739851e+00,1.15048e-10,1.15086e-10,9.99999e-01,9.99669e-01
2.926298550e+00,5.36560e-08,5.36694e-08,9.99999e-01,9.99750e-01
2.940930043e+00,8.48051e-08,8.48219e-08,9.99999e-01,9.99801e-01
2.955634693e+00,1.60409e-07,1.60435e-07,9.99999e-01,9.99834e-01
2.970412867e+00,4.12384e-07,4.12437e-07,9.99999e-01,9.99870e-01
2.985264931e+00,2.35326e-05,2.35350e-05,9.99999e-01,9.99899e-01
3.000191256e+00,7.18055e-05,7.18117e-05,9.99999e-01,9.99913e-01
3.015192212e+00,4.14873e-04,4.14903e-04,9.99999e-01,9.99928e-01
3.030268173e+00,1.52884e-03,1.52894e-03,9.99999e-01,9.99938e-01
3.045419514e+00,3.02292e-04,3.02309e-04,9.99999e-01,9.99943e-01
3.060646612e+00,7.66755e-03,7.66793e-03,9.99999e-01,9.99949e-01
3.075949845e+00,9.21599e-03,9.21642e-03,9.99999e-01,9.99952e-01
3.091329594e+00,6.64335e-03,6.64364e-03,9.99999e-01,9.99956e-01
3.106786242e+00,2.02807e-02,2.02815e-02,9.99999e-01,9.99959e-01
3.122320173e+00,3.40962e-02,3.40975e-02,9.99999e-01,9.99961e-01
3.137931774e+00,3.93656e-02,3.93670e-02,9.99999e-01,9.99963e-01
3.153621433e+00,1.17401e-01,1.17405e-01,9.99999e-01,9.99962e-01
3.169389540e+00,1.40747e-01,1.40753e-01,9.99999e-01,9.99958e-01
3.185236488e+00,9.29084e-02,9.29129e-02,9.99999e-01,9.99951e-01
3.201162670e+00,8.39042e-03,8.39084e-03,9.99999e-01,9.99948e-01
3.217168483e+00,3.24070e-02,3.24087e-02,9.99999e-01,9.99947e-01
3.233254326e+00,9.65366e-02,9.65415e-02,9.99999e-01,9.99948e-01
3.249420598e+00,1.99725e-01,1.99734e-01,9.99999e-01,9.99951e-01
3.265667701e+00,9.47958e-02,9.48001e-02,9.99999e-01,9.99954e-01
3.281996039e+00,1.53344e-01,1.53350e-01,9.99999e-01,9.99956e-01
3.298406019e+00,4.31529e-02,4.31546e-02,9.99999e-01,9.99959e-01
3.314898049e+00,3.55872e-02,3.55886e-02,9.99999e-01,9.99961e-01
3.331472540e+00,7.75586e-02,7.75613e-02,9.99999e-01,9.99964e-01
3.348129902e+00,6.67154e-02,6.67174e-02,9.99999e-01,9.99969e-01
3.364870552e+00,1.12505e-01,1.12508e-01,9.99999e-01,9.99975e-01
3.381694905e+00,1.42158e-01,1.42161e-01,9.99999e-01,9.99980e-01
3.398603379e+00,2.41874e-01,2.41877e-01,9.99999e-01,9.99985e-01
3.415596396e+00,3.51841e-01,3.51844e-01,9.99999e-01,9.99990e-01
3.432674378e+00,3.76015e-01,3.76018e-01,9.99999e-01,9.99992e-01
3.449837750e+00,5.11852e-01,5.11855e-01,9.99999e-01,9.99994e-01
3.467086939e+00,6.30690e-01,6.30693e-01,9.99999e-01,9.99995e-01
3.484422373e+00,6.48632e-01,6.48634e-01,9.99999e-01,9.99995e-01
3.501844485e+00,7.79446e-01,7.79449e-01,9.99999e-01,9.99996e-01
3.519353708e+00,8.12282e-01,8.12284e-01,9.99999e-01,9.99996e-01
3.536950476e+00,8.28228e-01,8.28230e-01,9.99999e-01,9.99996e-01
3.554635228e+00,8.90948e-01,8.90951e-01,9.99999e-01,9.99996e-01
3.572408405e+00,8.94411e-01,8.94413e-01,9.99999e-01,9.99997e-01
3.590270447e+00,9.25313e-01,9.25315e-01,9.99999e-01,9.99997e-01
3.608221799e+00,9.41529e-01,9.41532e-01,9.99999e-01,9.99997e-01
3.626262908e+00,9.49873e-01,9.49875e-01,9.99999e-01,9.99997e-01
3.644394222e+00,9.69624e-01,9.69626e-01,9.99999e-01,9.99997e-01
3.662616193e+00,9.49893e-01,9.49895e-01,9.99999e-01,9.99997e-01
3.680929274e+00,9.20540e-01,9.20541e-01,9.99999e-01,9.99997e-01
3.699333921e+00,9.61984e-01,9.61986e-01,9.99999e-01,9.99997e-01
3.717830590e+00,9.70100e-01,9.70101e-01,9.99999e-01,9.99997e-01
3.736419743e+00,9.65184e-01,9.65186e-01,9.99999e-01,9.99997e-01
3.755101842e+00,9.62615e-01,9.62617e-01,9.99999e-01,9.99997e-01
3.773877351e+00,9.69070e-01,9.69072e-01,9.99999e-01,9.99997e-01
3.792746738e+00,9.62857e-01,9.62859e-01,9.99999e-01,9.99997e-01
3.811710472e+00,9.54516e-01,9.54518e-01,9.99999e-01,9.99997e-01
3.830769024e+00,9.50968e-01,9.50970e-01,9.99999e-01,9.99997e-01
3.849922869e+00,9.28685e-01,9.28687e-01,9.99999e-01,9.99997e-01
3.869172484e+00,9.18234e-01,9.18235e-01,9.99999e-01,9.99997e-01
3.888518346e+00,9.53424e-01,9.53426e-01,9.99999e-01,9.99997e-01
3.907960938e+00,9.47973e-01,9.47975e-01,9.99999e-01,9.99997e-01
3.927500742e+00,7.15053e-01,7.15054e-01,9.99999e-01,9.99997e-01
3.947138246e+00,8.11855e-01,8.11857e-01,9.99999e-01,9.99997e-01
3.966873937e+00,5.90182e-01,5.90183e-01,9.99999e-01,9.99997e-01
3.986708307e+00,9.11872e-01,9.11874e-01,9.99999e-01,9.99997e-01
4.006641849e+00,9.67483e-01,9.67485e-01,9.99999e-01,9.99997e-01
4.026675058e+00,9.62433e-01,9.62435e-01,9.99999e-01,9.99997e-01
4.046808433e+00,9.54502e-01,9.54504e-01,9.99999e-01,9.99997e-01
4.067042475e+00,9.47879e-01,9.47881e-01,9.99999e-01,9.99997e-01
4.087377688e+00,9.44137e-01,9.44139e-01,9.99999e-01,9.99997e-01
4.107814576e+00,9.23661e-01,9.23663e-01,9.99999e-01,9.99997e-01
4.128353649e+00,8.82571e-01,8.82574e-01,9.99999e-01,9.99997e-01
4.148995417e+00,8.55694e-01,8.55696e-01,9.99999e-01,9.99996e-01
4.169740394e+00,7.80158e-01,7.80160e-01,9.99999e-01,9.99996e-01
4.190589096e+00,7.39805e-01,7.39808e-01,9.99999e-01,9.99996e-01
4.211542042e+00,6.21767e-01,6.21769e-01,9.99999e-01,9.99996e-01
4.232599752e+00,5.90980e-01,5.90982e-01,9.99999e-01,9.99996e-01
4.253762751e+00,5.14838e-01,5.14840e-01,9.99999e-01,9.99996e-01
4.275031564e+00,3.99638e-01,3.99639e-01,9.99999e-01,9.99995e-01
4.296406722e+00,3.01164e-01,3.01165e-01,9.99999e-01,9.99995e-01
4.317888756e+00,3.50290e-01,3.50292e-01,9.99999e-01,9.99995e-01
4.339478200e+00,2.67389e-01,2.67390e-01,9.99999e-01,9.99994e-01
4.361175591e+00,2.16041e-01,2.16042e-01,9.99999e-01,9.99994e-01
4.382981469e+00,2.17038e-01,2.17039e-01,9.99999e-01,9.99994e-01
4.404896376e+00,2.06071e-01,2.06073e-01,9.99999e-01,9.99993e-01
4.426920858e+00,1.17698e-01,1.17699e-01,9.99999e-01,9.99993e-01
4.449055462e+00,2.10900e-01,2.10901e-01,9.99999e-01,9.99992e-01
4.471300739e+00,1.35793e-01,1.35794e-01,9.99999e-01,9.99991e-01
4.493657243e+00,2.05587e-01,2.05589e-01,9.99999e-01,9.99990e-01
4.516125529e+00,8.82868e-02,8.82876e-02,9.99999e-01,9.99989e-01
4.538706157e+00,1.59036e-01,1.59038e-01,9.99999e-01,9.99988e-01
4.561399688e+00,1.40824e-01,1.40825e-01,9.99999e-01,9.99987e-01
4.584206686e+00,2.11094e-01,2.11097e-01,9.99999e-01,9.99985e-01
4.607127720e+00,1.31058e-01,1.31060e-01,9.99999e-01,9.99984e-01
4.630163358e+00,4.10061e-02,4.10069e-02,9.99999e-01,9.99981e-01
4.653314175e+00,3.61135e-02,3.61142e-02,9.99999e-01,9.99979e-01
4.676580746e+00,7.05261e-03,7.05277e-03,9.99999e-01,9.99975e-01
4.699963650e+00,2.87247e-02,2.87255e-02,9.99999e-01,9.99971e-01
4.723463468e+00,6.85641e-03,6.85663e-03,9.99999e-01,9.99966e-01
4.747080785e+00,4.93679e-02,4.93698e-02,9.99999e-01,9.99960e-01
4.770816189e+00,9.38847e-03,9.38890e-03,9.99999e-01,9.99953e-01
4.794670270e+00,3.04496e-03,3.04513e-03,9.99999e-01,9.99945e-01
4.818643622e+00,2.30674e-03,2.30689e-03,9.99999e-01,9.99934e-01
4.842736840e+00,5.74397e-04,5.74441e-04,9.99999e-01,9.99923e-01
4.866950524e+00,5.97666e-03,5.97720e-03,9.99999e-01,9.99908e-01
4.891285276e+00,2.37034e-04,2.37059e-04,9.99999e-01,9.99890e-01
4.915741703e+00,1.44192e-03,1.44211e-03,9.99999e-01,9.99872e-01
4.940320411e+00,1.29190e-04,1.29210e-04,9.99999e-01,9.99847e-01
4.965022013e+00,2.21887e-05,2.21926e-05,9.99999e-01,9.99823e-01
4.989847123e+00,1.15264e-04,1.15287e-04,9.99999e-01,9.99800e-01
5.014796359e+00,1.45848e-07,1.45881e-07,9.99999e-01,9.99769e-01
5.039870341e+00,1.29458e-05,1.29493e-05,9.99999e-01,9.99732e-01
5.065069693e+00,2.05639e-05,2.05704e-05,9.99999e-01,9.99680e-01
5.090395041e+00,1.69188e-07,1.69250e-07,9.99999e-01,9.99631e-01
5.115847016e+00,5.97761e-08,5.98017e-08,9.99999e-01,9.99571e-01
5.141426251e+00,3.34802e-10,3.34968e-10,9.99999e-01,9.99505e-01
5.167133383e+00,3.11464e-11,3.11639e-11,9.99999e-01,9.99439e-01
5.192969049e+00,3.00037e-11,3.00228e-11,9.99999e-01,9.99363e-01
5.218933895e+00,3.28237e-17,3.28469e-17,9.99999e-01,9.99292e-01
5.245028564e+00,4.26250e-13,4.26582e-13,9.99999e-01,9.99222e-01
5.271253707e+00,4.61426e-14,4.61829e-14,9.99999e-01,9.99126e-01
5.297609976e+00,2.41999e-16,2.42233e-16,9.99999e-01,9.99033e-01
5.324098025e+00,7.61741e-17,7.62544e-17,9.99999e-01,9.98946e-01
5.350718516e+00,2.23796e-20,2.24066e-20,9.99999e-01,9.98795e-01
5.377472108e+00,6.66702e-21,6.67559e-21,9.99999e-01,9.98717e-01
5.404359469e+00,6.36489e-21,6.37416e-21,9.99999e-01,9.98546e-01
5.431381266e+00,7.44913e-38,7.46080e-38,9.99999e-01,9.98435e-01
5.458538172e+00,5.25163e-38,5.26074e-38,9.99999e-01,9.98267e-01
5.485830863e+00,2.45734e-40,2.46210e-40,9.99999e-01,9.98066e-01
5.513260018e+00,1.36371e-42,1.36662e-42,9.99999e-01,9.97870e-01
5.540826318e+00,7.29516e-45,7.31248e-45,9.99999e-01,9.97631e-01
5.568530449e+00,1.15738e-69,1.16040e-69,9.99999e-01,9.97401e-01
5.596373101e+00,1.44325e-66,1.44743e-66,9.99999e-01,9.97112e-01
5.624354967e+00,5.09158e-60,5.10816e-60,9.99999e-01,9.96752e-01
5.652476742e+00,1.44088e-65,1.44600e-65,9.99999e-01,9.96456e-01
5.680739126e+00,1.81057e-75,1.81764e-75,9.99999e-01,9.96113e-01
5.709142821e+00,3.44938e-82,3.46403e-82,9.99999e-01,9.95771e-01
5.737688535e+00,1.43973e-79,1.44650e-79,9.99999e-01,9.95318e-01
5.766376978e+00,8.04509e-61,8.08450e-61,9.99999e-01,9.95125e-01
5.795208863e+00,2.24799e-55,2.25963e-55,9.99999e-01,9.94846e-01
5.824184907e+00,1.93105e-67,1.94162e-67,9.99999e-01,9.94555e-01
5.853305832e+00,3.35610e-66,3.37504e-66,9.99999e-01,9.94389e-01
5.882572361e+00,2.24356e-81,2.25657e-81,9.99999e-01,9.94235e-01
5.911985223e+00,5.32235e-78,5.35408e-78,9.99999e-01,9.94074e-01
5.941545149e+00,1.84193e-80,1.85296e-80,9.99999e-01,9.94042e-01
5.971252874e+00,1.73198e-69,1.74265e-69,9.99999e-01,9.93876e-01
6.001109139e+00,5.29009e-47,5.32325e-47,9.99999e-01,9.93769e-01
6.031114685e+00,8.23852e-52,8.28978e-52,9.99999e-01,9.93816e-01
6.061270258e+00,1.46354e-51,1.47245e-51,9.99999e-01,9.93951e-01
6.091576609e+00,1.25554e-43,1.26317e-43,9.99999e-01,9.93958e-01
6.122034492e+00,5.82355e-28,5.85899e-28,9.99999e-01,9.93951e-01
6.152644665e+00,1.42687e-28,1.43559e-28,9.99999e-01,9.93927e-01
6.183407888e+00,2.10510e-19,2.11797e-19,9.99999e-01,9.93925e-01
6.214324928e+00,3.15974e-13,3.17899e-13,9.99999e-01,9.93944e-01
6.245396552e+00,3.12163e-09,3.14078e-09,9.99999e-01,9.93903e-01
6.276623535e+00,1.09466e-09,1.10161e-09,9.99999e-01,9.93691e-01
6.308006653e+00,1.43563e-09,1.44527e-09,9.99999e-01,9.93332e-01
6.339546686e+00,6.34590e-20,6.39054e-20,9.99999e-01,9.93014e-01
6.371244419e+00,8.01717e-42,8.07471e-42,9.99999e-01,9.92873e-01
6.403100641e+00,1.12771e-58,1.13575e-58,9.99999e-01,9.92917e-01
6.435116145e+00,4.42524e-128,4.45663e-128,9.99999e-01,9.92955e-01
6.467291725e+00,8.13889e-129,8.19655e-129,9.99999e-01,9.92964e-01
6.499628184e+00,5.29399e-147,5.33131e-147,9.99999e-01,9.92999e-01
6.532126325e+00,9.79298e-130,9.86056e-130,9.99999e-01,9.93145e-01
6.564786956e+00,5.84146e-156,5.87933e-156,9.99999e-01,9.93559e-01
6.597610891e+00,3.73829e-210,3.76172e-210,9.99999e-01,9.93771e-01
6.630598946e+00,2.68034e-138,2.69663e-138,9.99999e-01,9.93957e-01
6.663751940e+00,8.18014e-129,8.22699e-129,9.99999e-01,9.94304e-01
6.697070700e+00,5.41276e-102,5.44153e-102,9.99999e-01,9.94713e-01
6.730556054e+00,5.47651e-70,5.50354e-70,9.99999e-01,9.95087e-01
6.764208834e+00,4.36389e-70,4.38384e-70,9.99999e-01,9.95448e-01
6.798029878e+00,9.54304e-86,9.58313e-86,9.99999e-01,9.95816e-01
6.832020027e+00,8.14140e-86,8.17448e-86,9.99999e-01,9.95953e-01
6.866180128e+00,1.52560e-98,1.53141e-98,9.99999e-01,9.96206e-01
6.900511028e+00,1.06162e-56,1.06533e-56,9.99999e-01,9.96520e-01
6.935013583e+00,1.61179e-56,1.61710e-56,9.99999e-01,9.96712e-01
6.969688651e+00,4.85387e-71,4.86886e-71,9.99999e-01,9.96920e-01
7.004537095e+00,6.60150e-70,6.62105e-70,9.99999e-01,9.97046e-01
7.039559780e+00,5.50024e-76,5.51644e-76,9.99999e-01,9.97061e-01
7.074757579e+00,9.15224e-60,9.17625e-60,9.99999e-01,9.97382e-01
7.110131367e+00,3.05908e-59,3.06652e-59,9.99999e-01,9.97575e-01
7.145682024e+00,2.07008e-66,2.07485e-66,9.99999e-01,9.97698e-01
7.181410434e+00,4.35920e-84,4.36835e-84,9.99999e-01,9.97904e-01
7.217317486e+00,2.68800e-62,2.69320e-62,9.99999e-01,9.98070e-01
7.253404073e+00,1.71253e-62,1.71558e-62,9.99999e-01,9.98219e-01
7.289671094e+00,7.82188e-55,7.83468e-55,9.99999e-01,9.98365e-01
7.326119449e+00,1.14490e-54,1.14658e-54,9.99999e-01,9.98528e-01
7.362750046e+00,3.89320e-40,3.89833e-40,9.99999e-01,9.98683e-01
7.399563797e+00,1.03251e-32,1.03374e-32,9.99999e-01,9.98814e-01
7.436561616e+00,7.57048e-36,7.57847e-36,9.99999e-01,9.98945e-01
7.473744424e+00,7.48127e-34,7.48820e-34,9.99999e-01,9.99075e-01
7.511113146e+00,4.42395e-29,4.42747e-29,9.99999e-01,9.99204e-01
7.548668712e+00,9.75235e-31,9.75915e-31,9.99999e-01,9.99302e-01
7.586412055e+00,1.31561e-54,1.31640e-54,9.99999e-01,9.99395e-01
7.624344115e+00,2.28841e-27,2.28959e-27,9.99999e-01,9.99483e-01
7.662465836e+00,5.56272e-17,5.56518e-17,9.99999e-01,9.99558e-01
7.700778165e+00,2.55924e-17,2.56020e-17,9.99999e-01,9.99624e-01
7.739282056e+00,1.03752e-27,1.03786e-27,9.99999e-01,9.99674e-01
7.777978466e+00,4.17563e-19,4.17679e-19,9.99999e-01,9.99721e-01
7.816868359e+00,8.84081e-16,8.84290e-16,9.99999e-01,9.99763e-01
7.855952700e+00,2.58423e-16,2.58476e-16,9.99999e-01,9.99792e-01
7.895232464e+00,2.86623e-16,2.86675e-16,9.99999e-01,9.99817e-01
7.934708626e+00,1.96874e-10,1.96906e-10,9.99999e-01,9.99838e-01
7.974382169e+00,1.41448e-07,1.41469e-07,9.99999e-01,9.99854e-01
8.014254080e+00,2.46613e-08,2.46646e-08,9.99999e-01,9.99868e-01
8.054325351e+00,6.11034e-08,6.11107e-08,9.99999e-01,9.99880e-01
8.094596977e+00,3.95915e-06,3.95958e-06,9.99999e-01,9.99891e-01
8.135069962e+00,4.05872e-06,4.05912e-06,9.99999e-01,9.99901e-01
8.175745312e+00,5.91273e-07,5.91327e-07,9.99999e-01,9.99908e-01
8.216624039e+00,3.85803e-05,3.85835e-05,9.99999e-01,9.99914e-01
8.257707159e+00,3.09697e-04,3.09722e-04,9.99999e-01,9.99920e-01
8.298995695e+00,3.19859e-03,3.19883e-03,9.99999e-01,9.99924e-01
8.340490673e+00,7.96432e-04,7.96489e-04,9.99999e-01,9.99928e-01
8.382193126e+00,7.17932e-03,7.17981e-03,9.99999e-01,9.99931e-01
8.424104092e+00,1.86151e-03,1.86163e-03,9.99999e-01,9.99934e-01
8.466224613e+00,5.52146e-03,5.52181e-03,9.99999e-01,9.99937e-01
8.508555736e+00,2.00536e-03,2.00548e-03,9.99999e-01,9.99939e-01
8.551098514e+00,4.06219e-02,4.06242e-02,9.99999e-01,9.99941e-01
8.593854007e+00,1.30924e-01,1.30931e-01,9.99999e-01,9.99942e-01
8.636823277e+00,1.58714e-01,1.58723e-01,9.99999e-01,9.99943e-01
8.680007393e+00,5.18732e-02,5.18761e-02,9.99999e-01,9.99944e-01
8.723407430e+00,9.49245e-02,9.49296e-02,9.99999e-01,9.99945e-01
8.767024467e+00,6.15041e-02,6.15074e-02,9.99999e-01,9.99946e-01
8.810859590e+00,7.26770e-02,7.26808e-02,9.99999e-01,9.99947e-01
8.854913888e+00,3.11612e-01,3.11628e-01,9.99999e-01,9.99947e-01
8.899188457e+00,2.57991e-01,2.58004e-01,9.99999e-01,9.99947e-01
8.943684399e+00,1.75303e-01,1.75312e-01,9.99999e-01,9.99948e-01
8.988402821e+00,1.55225e-01,1.55233e-01,9.99999e-01,9.99948e-01
9.033344836e+00,1.02584e-01,1.02589e-01,9.99999e-01,9.99948e-01
9.078511560e+00,1.80458e-01,1.80468e-01,9.99999e-01,9.99948e-01
9.123904118e+00,2.98236e-01,2.98251e-01,9.99999e-01,9.99948e-01
9.169523638e+00,2.24999e-01,2.25011e-01,9.99999e-01,9.99948e-01
9.215371256e+00,4.55026e-01,4.55049e-01,9.99999e-01,9.99947e-01
9.261448113e+00,4.22801e-01,4.22823e-01,9.99999e-01,9.99947e-01
9.307755353e+00,2.83314e-01,2.83329e-01,9.99999e-01,9.99947e-01
9.354294130e+00,2.16832e-01,2.16843e-01,9.99999e-01,9.99947e-01
9.401065601e+00,1.02142e-01,1.02147e-01,9.99999e-01,9.99946e-01
9.448070929e+00,1.62254e-01,1.62263e-01,9.99999e-01,9.99946e-01
9.495311283e+00,3.96365e-01,3.96386e-01,9.99999e-01,9.99945e-01
9.542787840e+00,5.03860e-01,5.03887e-01,9.99999e-01,9.99945e-01
9.590501779e+00,3.24611e-01,3.24628e-01,9.99999e-01,9.99944e-01
9.638454288e+00,3.34224e-01,3.34243e-01,9.99999e-01,9.99944e-01
9.686646559e+00,3.54654e-01,3.54674e-01,9.99999e-01,9.99943e-01
9.735079792e+00,4.67235e-01,4.67262e-01,9.99999e-01,9.99943e-01
9.783755191e+00,3.54751e-01,3.54771e-01,9.99999e-01,9.99942e-01
9.832673967e+00,1.21313e-01,1.21319e-01,9.99999e-01,9.99942e-01
9.881837337e+00,3.70410e-02,3.70431e-02,9.99999e-01,9.99941e-01
9.931246523e+00,2.49083e-01,2.49098e-01,9.99999e-01,9.99941e-01
9.980902756e+00,4.02231e-01,4.02255e-01,9.99999e-01,9.99940e-01
1.003080727e+01,4.04511e-01,4.04535e-01,9.99999e-01,9.99939e-01
1.008096131e+01,4.54578e-01,4.54605e-01,9.99999e-01,9.99939e-01
1.013136611e+01,5.47268e-01,5.47301e-01,9.99999e-01,9.99938e-01
1.018202294e+01,5.84229e-01,5.84265e-01,9.99999e-01,9.99937e-01
1.023293306e+01,3.85135e-01,3.85159e-01,9.99999e-01,9.99937e-01
1.028409772e+01,1.85025e-01,1.85037e-01,9.99999e-01,9.99936e-01
1.033551821e+01,1.57755e-01,1.57765e-01,9.99999e-01,9.99935e-01
1.038719580e+01,5.38459e-02,5.38494e-02,9.99999e-01,9.99934e-01
1.043913178e+01,6.12740e-02,6.12780e-02,9.99999e-01,9.99934e-01
1.049132744e+01,1.87902e-01,1.87914e-01,9.99999e-01,9.99933e-01
1.054378408e+01,2.80003e-01,2.80022e-01,9.99999e-01,9.99932e-01
1.059650300e+01,2.62209e-01,2.62227e-01,9.99999e-01,9.99931e-01
1.064948551e+01,2.26791e-01,2.26806e-01,9.99999e-01,9.99930e-01
1.070273294e+01,1.22235e-01,1.22243e-01,9.99999e-01,9.99928e-01
1.075624661e+01,1.38481e-01,1.38491e-01,9.99999e-01,9.99927e-01
1.081002784e+01,1.43879e-01,1.43890e-01,9.99999e-01,9.99926e-01
1.086407798e+01,4.02004e-02,4.02034e-02,9.99999e-01,9.99925e-01
1.091839837e+01,9.94446e-03,9.94521e-03,9.99999e-01,9.99923e-01
1.097299036e+01,8.04006e-04,8.04068e-04,9.99999e-01,9.99922e-01
1.102785531e+01,3.96381e-04,3.96412e-04,9.99999e-01,9.99921e-01
1.108299459e+01,2.16048e-02,2.16065e-02,9.99999e-01,9.99920e-01
1.113840956e+01,1.17205e-01,1.17215e-01,9.99999e-01,9.99919e-01
1.119410161e+01,1.85816e-01,1.85831e-01,9.99999e-01,9.99918e-01
1.125007212e+01,1.00403e-01,1.00411e-01,9.99999e-01,9.99917e-01
1.130632248e+01,7.71897e-02,7.71962e-02,9.99999e-01,9.99916e-01
1.136285409e+01,1.45608e-01,1.45621e-01,9.99999e-01,9.99915e-01
1.141966836e+01,1.72861e-01,1.72876e-01,9.99999e-01,9.99913e-01
1.147676670e+01,1.17647e-01,1.17657e-01,9.99999e-01,9.99912e-01
1.153415054e+01,2.47978e-02,2.48000e-02,9.99999e-01,9.99911e-01
1.159182129e+01,8.54300e-03,8.54376e-03,9.99999e-01,9.99910e-01
1.164978039e+01,5.72004e-04,5.72056e-04,9.99999e-01,9.99909e-01
1.170802930e+01,7.51735e-05,7.51804e-05,9.99999e-01,9.99907e-01
1.176656944e+01,2.98140e-03,2.98167e-03,9.99999e-01,9.99906e-01
1.182540229e+01,2.32470e-02,2.32492e-02,9.99999e-01,9.99905e-01
1.188452930e+01,2.38062e-02,2.38085e-02,9.99999e-01,9.99903e-01
1.194395195e+01,3.97305e-02,3.97344e-02,9.99999e-01,9.99902e-01
1.200367171e+01,7.85529e-02,7.85607e-02,9.99999e-01,9.99900e-01
1.206369007e+01,2.86323e-02,2.86352e-02,9.99999e-01,9.99898e-01
1.212400852e+01,7.33977e-02,7.34052e-02,9.99999e-01,9.99897e-01
1.218462856e+01,6.97849e-02,6.97922e-02,9.99999e-01,9.99895e-01
1.224555170e+01,5.22733e-03,5.22788e-03,9.99999e-01,9.99893e-01
1.230677946e+01,1.35366e-03,1.35381e-03,9.99999e-01,9.99891e-01
1.236831336e+01,5.45700e-05,5.45760e-05,9.99999e-01,9.99889e-01
1.243015492e+01,8.10062e-07,8.10153e-07,9.99999e-01,9.99886e-01
1.249230570e+01,1.55969e-06,1.55987e-06,9.99999e-01,9.99884e-01
1.255476723e+01,9.80561e-06,9.80677e-06,9.99999e-01,9.99881e-01
1.261754106e+01,2.05760e-03,2.05785e-03,9.99999e-01,9.99879e-01
1.268062877e+01,1.12173e-02,1.12186e-02,9.99999e-01,9.99876e-01
1.274403191e+01,6.51366e-03,6.51448e-03,9.99999e-01,9.99873e-01
1.280775207e+01,1.89249e-02,1.89273e-02,9.99999e-01,9.99870e-01
1.287179083e+01,5.18882e-03,5.18950e-03,9.99999e-01,9.99867e-01
1.293614979e+01,9.32162e-03,9.32289e-03,9.99999e-01,9.99863e-01
1.300083054e+01,4.77114e-04,4.77180e-04,9.99999e-01,9.99860e-01
1.306583469e+01,4.54520e-04,4.54585e-04,9.99999e-01,9.99856e-01
1.313116386e+01,2.79554e-04,2.79595e-04,9.99999e-01,9.99853e-01
1.319681968e+01,1.25067e-04,1.25086e-04,9.99999e-01,9.99849e-01
1.326280378e+01,3.55766e-07,3.55821e-07,9.99999e-01,9.99845e-01
1.332911780e+01,5.55976e-07,5.56064e-07,9.99999e-01,9.99841e-01
1.339576339e+01,1.39987e-07,1.40010e-07,9.99999e-01,9.99836e-01
1.346274221e+01,7.82139e-11,7.82270e-11,9.99999e-01,9.99832e-01
1.353005592e+01,6.28423e-06,6.28531e-06,9.99999e-01,9.99827e-01
1.359770620e+01,2.23048e-05,2.23087e-05,9.99999e-01,9.99822e-01
1.366569473e+01,1.58327e-05,1.58356e-05,9.99999e-01,9.99816e-01
1.373402320e+01,3.80116e-04,3.80187e-04,9.99999e-01,9.99811e-01
1.380269332e+01,8.24785e-04,8.24945e-04,9.99999e-01,9.99805e-01
1.387170678e+01,6.72677e-05,6.72811e-05,9.99999e-01,9.99799e-01
1.394106532e+01,1.68424e-05,1.68458e-05,9.99999e-01,9.99793e-01
1.401077064e+01,1.25819e-06,1.25846e-06,9.99999e-01,9.99786e-01
1.408082450e+01,1.52405e-06,1.52439e-06,9.99999e-01,9.99779e-01
1.415122862e+01,2.52309e-09,2.52366e-09,9.99999e-01,9.99772e-01
1.422198476e+01,3.51459e-12,3.51541e-12,9.99999e-01,9.99765e-01
1.429309469e+01,1.70568e-11,1.70610e-11,9.99999e-01,9.99758e-01
1.436456016e+01,2.81143e-14,2.81214e-14,9.99999e-01,9.99750e-01
1.443638296e+01,3.59326e-16,3.59418e-16,9.99999e-01,9.99742e-01
1.450856487e+01,1.07768e-11,1.07796e-11,9.99999e-01,9.99733e-01
1.458110770e+01,2.51774e-08,2.51843e-08,9.99999e-01,9.99724e-01
1.465401324e+01,2.26394e-07,2.26458e-07,9.99999e-01,9.99715e-01
1.472728330e+01,2.51629e-07,2.51703e-07,9.99999e-01,9.99705e-01
1.480091972e+01,1.15829e-08,1.15864e-08,9.99999e-01,9.99695e-01
1.487492432e+01,7.36115e-14,7.36347e-14,9.99999e-01,9.99684e-01
1.494929894e+01,2.55335e-11,2.55419e-11,9.99999e-01,9.99673e-01
1.502404544e+01,3.86832e-09,3.86963e-09,9.99999e-01,9.99661e-01
1.509916566e+01,9.81971e-09,9.82315e-09,9.99999e-01,9.99649e-01
1.517466149e+01,7.72839e-10,7.73119e-10,9.99999e-01,9.99637e-01
1.525053480e+01,1.28973e-08,1.29021e-08,9.99999e-01,9.99623e-01
1.532678747e+01,1.59679e-10,1.59741e-10,9.99999e-01,9.99609e-01
1.540342141e+01,1.03049e-12,1.03091e-12,9.99999e-01,9.99595e-01
1.548043852e+01,3.73574e-14,3.73731e-14,9.99999e-01,9.99580e-01
1.555784071e+01,4.39566e-18,4.39757e-18,9.99999e-01,9.99565e-01
1.563562991e+01,6.44374e-26,6.44664e-26,9.99999e-01,9.99549e-01
1.571380806e+01,1.92326e-26,1.92416e-26,9.99999e-01,9.99532e-01
1.579237710e+01,1.57827e-19,1.57903e-19,9.99999e-01,9.99514e-01
1.587133899e+01,1.53259e-16,1.53336e-16,9.99999e-01,9.99497e-01
1.595069568e+01,1.70945e-18,1.71035e-18,9.99999e-01,9.99477e-01
1.603044916e+01,1.05421e-24,1.05478e-24,9.99999e-01,9.99456e-01
1.611060141e+01,3.15938e-24,3.16116e-24,9.99999e-01,9.99436e-01
1.619115441e+01,3.17237e-23,3.17423e-23,9.99999e-01,9.99413e-01
1.627211019e+01,4.00242e-26,4.00486e-26,9.99999e-01,9.99390e-01
1.635347074e+01,8.41370e-24,8.41902e-24,9.99999e-01,9.99367e-01
1.643523809e+01,3.14690e-24,3.14897e-24,9.99999e-01,9.99342e-01
1.651741428e+01,3.50032e-26,3.50271e-26,9.99999e-01,9.99316e-01
1.660000135e+01,1.00227e-32,1.00298e-32,9.99999e-01,9.99290e-01
1.668300136e+01,1.33041e-33,1.33139e-33,9.99999e-01,9.99264e-01
1.676641637e+01,1.87511e-29,1.87655e-29,9.99999e-01,9.99236e-01
1.685024845e+01,1.71722e-30,1.71858e-30,9.99999e-01,9.99208e-01
1.693449969e+01,1.56951e-37,1.57079e-37,9.99999e-01,9.99179e-01
1.701917219e+01,2.15421e-40,2.15604e-40,9.99999e-01,9.99148e-01
1.710426805e+01,1.31166e-51,1.31281e-51,9.99999e-01,9.99116e-01
1.718978939e+01,3.93381e-56,3.93742e-56,9.99999e-01,9.99084e-01
1.727573834e+01,2.65691e-57,2.65944e-57,9.99999e-01,9.99049e-01
1.736211703e+01,1.37832e-61,1.37969e-61,9.99999e-01,9.99011e-01
1.744892761e+01,4.95326e-53,4.95834e-53,9.99999e-01,9.98973e-01
1.753617225e+01,1.19566e-42,1.19694e-42,9.99999e-01,9.98935e-01
1.762385311e+01,1.43472e-41,1.43631e-41,9.99999e-01,9.98894e-01
1.771197238e+01,1.20025e-44,1.20162e-44,9.99999e-01,9.98852e-01
1.780053224e+01,4.64127e-48,4.64679e-48,9.99999e-01,9.98810e-01
1.788953490e+01,2.96593e-52,2.96959e-52,9.99999e-01,9.98765e-01
1.797898258e+01,2.80093e-59,2.80454e-59,9.99999e-01,9.98715e-01
1.806887749e+01,8.88112e-61,8.89298e-61,9.99999e-01,9.98665e-01
1.815922188e+01,9.64362e-81,9.65698e-81,9.99999e-01,9.98615e-01
1.825001799e+01,1.09527e-60,1.09685e-60,9.99999e-01,9.98559e-01
1.834126808e+01,1.72346e-58,1.72604e-58,9.99999e-01,9.98502e-01
1.843297442e+01,5.37989e-59,5.38826e-59,9.99999e-01,9.98445e-01
1.852513929e+01,6.45611e-79,6.46654e-79,9.99999e-01,9.98386e-01
1.861776499e+01,2.84805e-95,2.85284e-95,9.99999e-01,9.98322e-01
1.871085381e+01,3.53992e-75,3.54609e-75,9.99999e-01,9.98258e-01
1.880440808e+01,1.21760e-63,1.21980e-63,9.99999e-01,9.98194e-01
1.889843012e+01,2.43796e-65,2.44254e-65,9.99999e-01,9.98127e-01
1.899292227e+01,1.95859e-88,1.96241e-88,9.99999e-01,9.98054e-01
1.908788688e+01,1.04852e-85,1.05064e-85,9.99999e-01,9.97981e-01
1.918332632e+01,3.11585e-86,3.12239e-86,9.99999e-01,9.97907e-01
1.927924295e+01,2.04446e-106,2.04890e-106,9.99999e-01,9.97831e-01
1.937563916e+01,4.37931e-165,4.38917e-165,9.99999e-01,9.97752e-01
1.947251736e+01,3.34053e-168,3.34832e-168,9.99999e-01,9.97673e-01
1.956987994e+01,4.29121e-161,4.30155e-161,9.99999e-01,9.97594e-01
1.966772934e+01,1.43029e-132,1.43387e-132,9.99999e-01,9.97503e-01
1.976606799e+01,6.85565e-130,6.87347e-130,9.99999e-01,9.97406e-01
1.986489833e+01,2.04816e-138,2.05369e-138,9.99999e-01,9.97310e-01
1.996422282e+01,2.16915e-129,2.17521e-129,9.99999e-01,9.97212e-01
