#,Wave/freq,Total,H2O,Rayleigh,CIA
4.000000000e-01,9.99448e-01,9.99920e-01,9.99527e-01,9.99999e-01
4.020000000e-01,9.99487e-01,9.99950e-01,9.99536e-01,9.99999e-01
4.040100000e-01,9.99525e-01,9.99978e-01,9.99545e-01,9.99999e-01
4.060300500e-01,9.99550e-01,9.99994e-01,9.99554e-01,9.99999e-01
4.080602003e-01,9.99562e-01,9.99997e-01,9.99563e-01,9.99999e-01
4.101005013e-01,9.99572e-01,9.99999e-01,9.99572e-01,9.99999e-01
4.121510038e-01,9.99577e-01,9.99996e-01,9.99580e-01,9.99999e-01
4.142117588e-01,9.99566e-01,9.99977e-01,9.99589e-01,9.99999e-01
4.162828176e-01,9.99498e-01,9.99901e-01,9.99597e-01,9.99999e-01
4.183642317e-01,9.99546e-01,9.99940e-01,9.99605e-01,9.99999e-01
4.204560528e-01,9.99577e-01,9.99963e-01,9.99612e-01,9.99999e-01
4.225583331e-01,9.99607e-01,9.99986e-01,9.99620e-01,9.99999e-01
4.246711247e-01,9.99617e-01,9.99988e-01,9.99627e-01,9.99999e-01
4.267944804e-01,9.99619e-01,9.99983e-01,9.99635e-01,9.99999e-01
4.289284528e-01,9.99630e-01,9.99987e-01,9.99642e-01,9.99999e-01
4.310730950e-01,9.99644e-01,9.99994e-01,9.99649e-01,9.99999e-01
4.332284605e-01,9.99655e-01,9.99998e-01,9.99656e-01,9.99999e-01
4.353946028e-01,9.99662e-01,9.99998e-01,9.99663e-01,9.99999e-01
4.375715758e-01,9.99659e-01,9.99989e-01,9.99669e-01,9.99999e-01
4.397594337e-01,9.99588e-01,9.99911e-01,9.99676e-01,9.99999e-01
4.419582309e-01,9.99236e-01,9.99553e-01,9.99682e-01,9.99999e-01
4.441680220e-01,9.99347e-01,9.99658e-01,9.99689e-01,9.99999e-01
4.463888621e-01,9.99337e-01,9.99642e-01,9.99695e-01,9.99999e-01
4.486208064e-01,9.99480e-01,9.99778e-01,9.99701e-01,9.99999e-01
4.508639105e-01,9.99603e-01,9.99896e-01,9.99707e-01,9.99999e-01
4.531182300e-01,9.99672e-01,9.99958e-01,9.99712e-01,9.99999e-01
4.553838212e-01,9.99690e-01,9.99971e-01,9.99718e-01,9.99999e-01
4.576607403e-01,9.99711e-01,9.99986e-01,9.99724e-01,9.99999e-01
4.599490440e-01,9.99720e-01,9.99990e-01,9.99729e-01,9.99999e-01
4.622487892e-01,9.99733e-01,9.99997e-01,9.99734e-01,9.99999e-01
4.645600332e-01,9.99733e-01,9.99993e-01,9.99740e-01,9.99999e-01
4.668828333e-01,9.99639e-01,9.99893e-01,9.99745e-01,9.99999e-01
4.692172475e-01,9.99526e-01,9.99775e-01,9.99750e-01,9.99999e-01
4.715633337e-01,9.99608e-01,9.99852e-01,9.99755e-01,9.99999e-01
4.739211504e-01,9.99620e-01,9.99859e-01,9.99759e-01,9.99999e-01
4.762907561e-01,9.99692e-01,9.99927e-01,9.99764e-01,9.99999e-01
4.786722099e-01,9.99739e-01,9.99969e-01,9.99769e-01,9.99999e-01
4.810655710e-01,9.99764e-01,9.99990e-01,9.99773e-01,9.99999e-01
4.834708988e-01,9.99690e-01,9.99911e-01,9.99778e-01,9.99999e-01
4.858882533e-01,9.99624e-01,9.99841e-01,9.99782e-01,9.99999e-01
4.883176946e-01,9.99653e-01,9.99866e-01,9.99786e-01,9.99999e-01
4.907592831e-01,9.99671e-01,9.99879e-01,9.99791e-01,9.99999e-01
4.932130795e-01,9.99710e-01,9.99914e-01,9.99795e-01,9.99999e-01
4.956791449e-01,9.99754e-01,9.99954e-01,9.99799e-01,9.99999e-01
4.981575406e-01,9.99576e-01,9.99773e-01,9.99803e-01,9.99999e-01
5.006483283e-01,9.99217e-01,9.99409e-01,9.99807e-01,9.99999e-01
5.031515699e-01,9.96846e-01,9.97034e-01,9.99810e-01,9.99999e-01
5.056673278e-01,9.98254e-01,9.98439e-01,9.99814e-01,9.99999e-01
5.081956644e-01,9.97851e-01,9.98032e-01,9.99818e-01,9.99999e-01
5.107366428e-01,9.98494e-01,9.98671e-01,9.99821e-01,9.99999e-01
5.132903260e-01,9.99067e-01,9.99241e-01,9.99825e-01,9.99999e-01
5.158567776e-01,9.99509e-01,9.99679e-01,9.99828e-01,9.99999e-01
5.184360615e-01,9.99704e-01,9.99871e-01,9.99832e-01,9.99999e-01
5.210282418e-01,9.99787e-01,9.99951e-01,9.99835e-01,9.99999e-01
5.236333830e-01,9.99645e-01,9.99806e-01,9.99838e-01,9.99999e-01
5.262515499e-01,9.99721e-01,9.99878e-01,9.99841e-01,9.99999e-01
5.288828077e-01,9.99733e-01,9.99888e-01,9.99845e-01,9.99999e-01
5.315272217e-01,9.99751e-01,9.99902e-01,9.99848e-01,9.99999e-01
5.341848578e-01,9.99787e-01,9.99935e-01,9.99851e-01,9.99999e-01
5.368557821e-01,9.99628e-01,9.99773e-01,9.99854e-01,9.99999e-01
5.395400610e-01,9.99036e-01,9.99179e-01,9.99856e-01,9.99999e-01
5.422377613e-01,9.98814e-01,9.98954e-01,9.99859e-01,9.99999e-01
5.449489501e-01,9.98883e-01,9.99020e-01,9.99862e-01,9.99999e-01
5.476736949e-01,9.99005e-01,9.99139e-01,9.99865e-01,9.99999e-01
5.504120634e-01,9.99243e-01,9.99374e-01,9.99867e-01,9.99999e-01
5.531641237e-01,9.99556e-01,9.99685e-01,9.99870e-01,9.99999e-01
5.559299443e-01,9.99721e-01,9.99848e-01,9.99872e-01,9.99999e-01
5.587095940e-01,9.99780e-01,9.99904e-01,9.99875e-01,9.99999e-01
5.615031420e-01,9.99771e-01,9.99893e-01,9.99877e-01,9.99999e-01
5.643106577e-01,9.99758e-01,9.99877e-01,9.99880e-01,9.99999e-01
5.671322110e-01,9.98393e-01,9.98509e-01,9.99882e-01,9.99999e-01
5.699678720e-01,9.98341e-01,9.98455e-01,9.99884e-01,9.99999e-01
5.728177114e-01,9.98262e-01,9.98374e-01,9.99887e-01,9.99999e-01
5.756818000e-01,9.98401e-01,9.98511e-01,9.99889e-01,9.99999e-01
5.785602090e-01,9.98596e-01,9.98704e-01,9.99891e-01,9.99999e-01
5.814530100e-01,9.98590e-01,9.98696e-01,9.99893e-01,9.99999e-01
5.843602750e-01,9.98331e-01,9.98435e-01,9.99895e-01,9.99999e-01
5.872820764e-01,9.86517e-01,9.86617e-01,9.99897e-01,9.99999e-01
5.902184868e-01,9.83819e-01,9.83917e-01,9.99899e-01,9.99999e-01
5.931695792e-01,9.88496e-01,9.88593e-01,9.99901e-01,9.99999e-01
5.961354271e-01,9.87424e-01,9.87519e-01,9.99903e-01,9.99999e-01
5.991161043e-01,9.90796e-01,9.90889e-01,9.99905e-01,9.99999e-01
6.021116848e-01,9.94735e-01,9.94826e-01,9.99907e-01,9.99999e-01
6.051222432e-01,9.97290e-01,9.97380e-01,9.99909e-01,9.99999e-01
6.081478544e-01,9.98779e-01,9.98868e-01,9.99911e-01,9.99999e-01
6.111885937e-01,9.99435e-01,9.99522e-01,9.99912e-01,9.99999e-01
6.142445367e-01,9.99701e-01,9.99785e-01,9.99914e-01,9.99999e-01
6.173157594e-01,9.99798e-01,9.99881e-01,9.99916e-01,9.99999e-01
6.204023382e-01,9.99817e-01,9.99899e-01,9.99917e-01,9.99999e-01
6.235043498e-01,9.99471e-01,9.99551e-01,9.99919e-01,9.99999e-01
6.266218716e-01,9.97587e-01,9.97665e-01,9.99921e-01,9.99999e-01
6.297549810e-01,9.99066e-01,9.99143e-01,9.99922e-01,9.99999e-01
6.329037559e-01,9.98236e-01,9.98312e-01,9.99924e-01,9.99999e-01
6.360682746e-01,9.98482e-01,9.98556e-01,9.99925e-01,9.99999e-01
6.392486160e-01,9.98060e-01,9.98133e-01,9.99927e-01,9.99999e-01
6.424448591e-01,9.97412e-01,9.97482e-01,9.99928e-01,9.99999e-01
6.456570834e-01,9.88302e-01,9.88371e-01,9.99929e-01,9.99999e-01
6.488853688e-01,9.91496e-01,9.91564e-01,9.99931e-01,9.99999e-01
6.521297956e-01,9.91340e-01,9.91406e-01,9.99932e-01,9.99999e-01
6.553904446e-01,9.91332e-01,9.91397e-01,9.99933e-01,9.99999e-01
6.586673968e-01,9.92597e-01,9.92661e-01,9.99935e-01,9.99999e-01
6.619607338e-01,9.95841e-01,9.95903e-01,9.99936e-01,9.99999e-01
6.652705375e-01,9.97478e-01,9.97539e-01,9.99937e-01,9.99999e-01
6.685968902e-01,9.98894e-01,9.98954e-01,9.99939e-01,9.99999e-01
6.719398746e-01,9.99411e-01,9.99470e-01,9.99940e-01,9.99999e-01
6.752995740e-01,9.99661e-01,9.99719e-01,9.99941e-01,9.99999e-01
6.786760719e-01,9.99523e-01,9.99580e-01,9.99942e-01,9.99999e-01
6.820694522e-01,9.99230e-01,9.99286e-01,9.99943e-01,9.99999e-01
6.854797995e-01,9.99024e-01,9.99079e-01,9.99944e-01,9.99999e-01
6.889071985e-01,9.97690e-01,9.97744e-01,9.99945e-01,9.99999e-01
6.923517345e-01,9.64099e-01,9.64150e-01,9.99946e-01,9.99999e-01
6.958134932e-01,9.81522e-01,9.81573e-01,9.99947e-01,9.99999e-01
6.992925606e-01,9.82066e-01,9.82116e-01,9.99948e-01,9.99999e-01
7.027890234e-01,9.78073e-01,9.78122e-01,9.99949e-01,9.99999e-01
7.063029686e-01,9.81499e-01,9.81547e-01,9.99950e-01,9.99999e-01
7.098344834e-01,9.82236e-01,9.82284e-01,9.99951e-01,9.99999e-01
7.133836558e-01,9.76196e-01,9.76243e-01,9.99952e-01,9.99998e-01
7.169505741e-01,8.27269e-01,8.27309e-01,9.99953e-01,9.99997e-01
7.205353270e-01,9.12359e-01,9.12402e-01,9.99954e-01,9.99997e-01
7.241380036e-01,8.88286e-01,8.88327e-01,9.99955e-01,9.99996e-01
7.277586936e-01,8.98749e-01,8.98789e-01,9.99956e-01,9.99997e-01
7.313974871e-01,8.92884e-01,8.92923e-01,9.99957e-01,9.99997e-01
7.350544745e-01,9.39743e-01,9.39783e-01,9.99958e-01,9.99998e-01
7.387297469e-01,9.55232e-01,9.55271e-01,9.99958e-01,9.99999e-01
7.424233956e-01,9.77847e-01,9.77886e-01,9.99959e-01,9.99999e-01
7.461355126e-01,9.86480e-01,9.86519e-01,9.99960e-01,9.99999e-01
7.498661902e-01,9.93679e-01,9.93717e-01,9.99961e-01,9.99999e-01
7.536155211e-01,9.96867e-01,9.96905e-01,9.99962e-01,9.99999e-01
7.573835987e-01,9.98369e-01,9.98406e-01,9.99962e-01,9.99999e-01
7.611705167e-01,9.98973e-01,9.99009e-01,9.99963e-01,9.99999e-01
7.649763693e-01,9.99342e-01,9.99378e-01,9.99964e-01,9.99999e-01
7.688012511e-01,9.99531e-01,9.99566e-01,9.99964e-01,9.99999e-01
7.726452574e-01,9.99608e-01,9.99642e-01,9.99965e-01,9.99999e-01
7.765084837e-01,9.99455e-01,9.99489e-01,9.99966e-01,9.99999e-01
7.803910261e-01,9.97758e-01,9.97791e-01,9.99966e-01,9.99999e-01
7.842929812e-01,9.92278e-01,9.92309e-01,9.99967e-01,9.99999e-01
7.882144461e-01,9.84308e-01,9.84339e-01,9.99968e-01,9.99999e-01
7.921555184e-01,9.91396e-01,9.91427e-01,9.99968e-01,9.99999e-01
7.961162960e-01,9.84708e-01,9.84738e-01,9.99969e-01,9.99999e-01
8.000968774e-01,9.82439e-01,9.82469e-01,9.99970e-01,9.99999e-01
8.040973618e-01,9.82417e-01,9.82445e-01,9.99970e-01,9.99999e-01
8.081178486e-01,9.60711e-01,9.60739e-01,9.99971e-01,9.99998e-01
8.121584379e-01,8.47501e-01,8.47526e-01,9.99971e-01,9.99997e-01
8.162192301e-01,8.23616e-01,8.23640e-01,9.99972e-01,9.99996e-01
8.203003262e-01,9.08342e-01,9.08369e-01,9.99972e-01,9.99996e-01
8.244018279e-01,8.78038e-01,8.78063e-01,9.99973e-01,9.99996e-01
8.285238370e-01,8.89419e-01,8.89443e-01,9.99973e-01,9.99997e-01
8.326664562e-01,8.88894e-01,8.88918e-01,9.99974e-01,9.99997e-01
8.368297885e-01,9.18977e-01,9.19001e-01,9.99974e-01,9.99998e-01
8.410139374e-01,9.50980e-01,9.51003e-01,9.99975e-01,9.99999e-01
8.452190071e-01,9.75647e-01,9.75670e-01,9.99975e-01,9.99999e-01
8.494451021e-01,9.85735e-01,9.85758e-01,9.99976e-01,9.99999e-01
8.536923276e-01,9.91558e-01,9.91580e-01,9.99976e-01,9.99999e-01
8.579607893e-01,9.94771e-01,9.94793e-01,9.99977e-01,9.99999e-01
8.622505932e-01,9.96674e-01,9.96696e-01,9.99977e-01,9.99999e-01
8.665618462e-01,9.97927e-01,9.97948e-01,9.99978e-01,9.99999e-01
8.708946554e-01,9.97625e-01,9.97646e-01,9.99978e-01,9.99999e-01
8.752491287e-01,9.96834e-01,9.96855e-01,9.99978e-01,9.99999e-01
8.796253743e-01,9.95614e-01,9.95635e-01,9.99979e-01,9.99999e-01
8.840235012e-01,9.95000e-01,9.95020e-01,9.99979e-01,9.99999e-01
8.884436187e-01,9.81720e-01,9.81740e-01,9.99980e-01,9.99998e-01
8.928858368e-01,8.27174e-01,8.27192e-01,9.99980e-01,9.99996e-01
8.973502660e-01,7.18333e-01,7.18349e-01,9.99980e-01,9.99995e-01
9.018370173e-01,8.45751e-01,8.45770e-01,9.99981e-01,9.99994e-01
9.063462024e-01,8.60334e-01,8.60354e-01,9.99981e-01,9.99994e-01
9.108779334e-01,7.91983e-01,7.92002e-01,9.99981e-01,9.99993e-01
9.154323231e-01,7.66751e-01,7.66769e-01,9.99982e-01,9.99992e-01
9.200094847e-01,8.13249e-01,8.13270e-01,9.99982e-01,9.99990e-01
9.246095321e-01,7.29429e-01,7.29452e-01,9.99982e-01,9.99984e-01
9.292325798e-01,1.45945e-01,1.45952e-01,9.99983e-01,9.99967e-01
9.338787427e-01,8.32986e-02,8.33034e-02,9.99983e-01,9.99958e-01
9.385481364e-01,3.62825e-01,3.62846e-01,9.99983e-01,9.99957e-01
9.432408771e-01,2.56498e-01,2.56514e-01,9.99984e-01,9.99952e-01
9.479570815e-01,1.50837e-01,1.50846e-01,9.99984e-01,9.99958e-01
9.526968669e-01,2.30556e-01,2.30566e-01,9.99984e-01,9.99968e-01
9.574603512e-01,2.45944e-01,2.45953e-01,9.99985e-01,9.99976e-01
9.622476530e-01,3.12850e-01,3.12859e-01,9.99985e-01,9.99984e-01
9.670588912e-01,5.07035e-01,5.07047e-01,9.99985e-01,9.99989e-01
9.718941857e-01,6.44420e-01,6.44433e-01,9.99985e-01,9.99993e-01
9.767536566e-01,6.93779e-01,6.93791e-01,9.99986e-01,9.99995e-01
9.816374249e-01,7.61810e-01,7.61822e-01,9.99986e-01,9.99996e-01
9.865456120e-01,8.43157e-01,8.43169e-01,9.99986e-01,9.99998e-01
9.914783401e-01,8.99592e-01,8.99604e-01,9.99986e-01,9.99999e-01
9.964357318e-01,9.43995e-01,9.44007e-01,9.99987e-01,9.99999e-01
1.001417910e+00,9.66035e-01,9.66047e-01,9.99987e-01,9.99999e-01
1.006425000e+00,9.80444e-01,9.80456e-01,9.99987e-01,9.99999e-01
1.011457125e+00,9.87843e-01,9.87855e-01,9.99987e-01,9.99999e-01
1.016514411e+00,9.91716e-01,9.91728e-01,9.99988e-01,9.99999e-01
1.021596983e+00,9.93388e-01,9.93399e-01,9.99988e-01,9.99999e-01
1.026704968e+00,9.94835e-01,9.94846e-01,9.99988e-01,9.99999e-01
1.031838492e+00,9.96248e-01,9.96259e-01,9.99988e-01,9.99999e-01
1.036997685e+00,9.97761e-01,9.97772e-01,9.99989e-01,9.99999e-01
1.042182673e+00,9.97324e-01,9.97335e-01,9.99989e-01,9.99999e-01
1.047393587e+00,9.96463e-01,9.96473e-01,9.99989e-01,9.99999e-01
1.052630555e+00,9.95148e-01,9.95157e-01,9.99989e-01,9.99999e-01
1.057893707e+00,9.91908e-01,9.91917e-01,9.99989e-01,9.99999e-01
1.063183176e+00,9.86740e-01,9.86750e-01,9.99990e-01,9.99999e-01
1.068499092e+00,9.77938e-01,9.77947e-01,9.99990e-01,9.99999e-01
1.073841587e+00,9.74217e-01,9.74227e-01,9.99990e-01,9.99999e-01
1.079210795e+00,9.67155e-01,9.67164e-01,9.99990e-01,9.99998e-01
1.084606849e+00,9.50681e-01,9.50690e-01,9.99990e-01,9.99997e-01
1.090029883e+00,9.29710e-01,9.29720e-01,9.99990e-01,9.99996e-01
1.095480033e+00,8.20409e-01,8.20420e-01,9.99991e-01,9.99994e-01
1.100957433e+00,6.08882e-01,6.08892e-01,9.99991e-01,9.99990e-01
1.106462220e+00,2.99607e-01,2.99615e-01,9.99991e-01,9.99980e-01
1.111994531e+00,8.60423e-02,8.60462e-02,9.99991e-01,9.99961e-01
1.117554504e+00,2.21642e-02,2.21656e-02,9.99991e-01,9.99946e-01
1.123142276e+00,7.58251e-02,7.58304e-02,9.99991e-01,9.99936e-01
1.128757988e+00,1.60920e-01,1.60932e-01,9.99992e-01,9.99931e-01
1.134401778e+00,7.32731e-02,7.32793e-02,9.99992e-01,9.99922e-01
1.140073787e+00,3.17112e-01,3.17134e-01,9.99992e-01,9.99937e-01
1.145774156e+00,1.10025e-01,1.10031e-01,9.99992e-01,9.99947e-01
1.151503026e+00,8.66085e-02,8.66130e-02,9.99992e-01,9.99954e-01
1.157260541e+00,1.09686e-01,1.09690e-01,9.99992e-01,9.99965e-01
1.163046844e+00,1.92484e-01,1.92490e-01,9.99992e-01,9.99977e-01
1.168862078e+00,3.06042e-01,3.06047e-01,9.99993e-01,9.99988e-01
1.174706389e+00,4.79863e-01,4.79869e-01,9.99993e-01,9.99993e-01
1.180579921e+00,6.37514e-01,6.37520e-01,9.99993e-01,9.99995e-01
1.186482820e+00,7.73438e-01,7.73445e-01,9.99993e-01,9.99996e-01
1.192415234e+00,8.60199e-01,8.60207e-01,9.99993e-01,9.99996e-01
1.198377311e+00,8.80699e-01,8.80706e-01,9.99993e-01,9.99997e-01
1.204369197e+00,8.87222e-01,8.87228e-01,9.99993e-01,9.99997e-01
1.210391043e+00,8.91653e-01,8.91659e-01,9.99993e-01,9.99998e-01
1.216442998e+00,9.07226e-01,9.07232e-01,9.99993e-01,9.99998e-01
1.222525213e+00,9.26796e-01,9.26802e-01,9.99994e-01,9.99998e-01
1.228637839e+00,9.48523e-01,9.48528e-01,9.99994e-01,9.99999e-01
1.234781029e+00,9.61563e-01,9.61568e-01,9.99994e-01,9.99999e-01
1.240954934e+00,9.75495e-01,9.75500e-01,9.99994e-01,9.99999e-01
1.247159708e+00,9.80874e-01,9.80879e-01,9.99994e-01,9.99999e-01
1.253395507e+00,9.82979e-01,9.82984e-01,9.99994e-01,9.99999e-01
1.259662485e+00,9.83791e-01,9.83796e-01,9.99994e-01,9.99999e-01
1.265960797e+00,9.74287e-01,9.74292e-01,9.99994e-01,9.99998e-01
1.272290601e+00,9.59807e-01,9.59812e-01,9.99994e-01,9.99998e-01
1.278652054e+00,9.21913e-01,9.21919e-01,9.99994e-01,9.99998e-01
1.285045314e+00,8.63247e-01,8.63254e-01,9.99995e-01,9.99996e-01
1.291470541e+00,7.74289e-01,7.74297e-01,9.99995e-01,9.99994e-01
1.297927893e+00,6.96312e-01,6.96321e-01,9.99995e-01,9.99990e-01
1.304417533e+00,6.55054e-01,6.55068e-01,9.99995e-01,9.99983e-01
1.310939621e+00,5.86211e-01,5.86230e-01,9.99995e-01,9.99971e-01
1.317494319e+00,5.92912e-01,5.92942e-01,9.99995e-01,9.99952e-01
1.324081790e+00,4.65605e-01,4.65642e-01,9.99995e-01,9.99923e-01
1.330702199e+00,1.07477e-01,1.07491e-01,9.99995e-01,9.99871e-01
1.337355710e+00,1.21937e-03,1.21967e-03,9.99995e-01,9.99755e-01
1.344042489e+00,1.71901e-05,1.71992e-05,9.99995e-01,9.99475e-01
1.350762701e+00,2.15632e-15,2.15813e-15,9.99995e-01,9.99163e-01
1.357516515e+00,9.20065e-23,9.21022e-23,9.99995e-01,9.98963e-01
1.364304097e+00,4.43748e-14,4.44242e-14,9.99996e-01,9.98889e-01
1.371125618e+00,7.66416e-09,7.67277e-09,9.99996e-01,9.98880e-01
1.377981246e+00,2.40052e-08,2.40341e-08,9.99996e-01,9.98797e-01
1.384871152e+00,7.08734e-12,7.09566e-12,9.99996e-01,9.98830e-01
1.391795508e+00,3.12711e-14,3.13022e-14,9.99996e-01,9.99008e-01
1.398754485e+00,3.90571e-11,3.90905e-11,9.99996e-01,9.99148e-01
1.405748258e+00,4.17756e-11,4.18076e-11,9.99996e-01,9.99236e-01
1.412776999e+00,6.39603e-11,6.39997e-11,9.99996e-01,9.99386e-01
1.419840884e+00,1.11322e-10,1.11373e-10,9.99996e-01,9.99541e-01
1.426940089e+00,1.61100e-07,1.61146e-07,9.99996e-01,9.99715e-01
1.434074789e+00,1.78016e-06,1.78048e-06,9.99996e-01,9.99822e-01
1.441245163e+00,1.92161e-05,1.92188e-05,9.99996e-01,9.99862e-01
1.448451389e+00,6.27986e-04,6.28059e-04,9.99996e-01,9.99885e-01
1.455693646e+00,6.59707e-03,6.59771e-03,9.99996e-01,9.99905e-01
1.462972114e+00,9.61901e-03,9.61981e-03,9.99996e-01,9.99919e-01
1.470286975e+00,4.86111e-03,4.86147e-03,9.99996e-01,9.99927e-01
1.477638409e+00,7.53877e-03,7.53926e-03,9.99996e-01,9.99937e-01
1.485026601e+00,1.54395e-02,1.54403e-02,9.99997e-01,9.99952e-01
1.492451734e+00,4.78670e-02,4.78687e-02,9.99997e-01,9.99967e-01
1.499913993e+00,1.19952e-01,1.19955e-01,9.99997e-01,9.99982e-01
1.507413563e+00,2.12698e-01,2.12700e-01,9.99997e-01,9.99990e-01
1.514950631e+00,3.73001e-01,3.73003e-01,9.99997e-01,9.99993e-01
1.522525384e+00,5.25437e-01,5.25440e-01,9.99997e-01,9.99996e-01
1.530138011e+00,6.21906e-01,6.21908e-01,9.99997e-01,9.99997e-01
1.537788701e+00,7.63175e-01,7.63177e-01,9.99997e-01,9.99998e-01
1.545477645e+00,8.41825e-01,8.41827e-01,9.99997e-01,9.99998e-01
1.553205033e+00,8.68250e-01,8.68252e-01,9.99997e-01,9.99999e-01
1.560971058e+00,9.16606e-01,9.16609e-01,9.99997e-01,9.99999e-01
1.568775913e+00,9.43895e-01,9.43897e-01,9.99997e-01,9.99999e-01
1.576619793e+00,9.56202e-01,9.56204e-01,9.99997e-01,9.99999e-01
1.584502892e+00,9.73120e-01,9.73122e-01,9.99997e-01,9.99999e-01
1.592425406e+00,9.75062e-01,9.75064e-01,9.99997e-01,9.99999e-01
1.600387533e+00,9.82716e-01,9.82718e-01,9.99997e-01,9.99999e-01
1.608389471e+00,9.82131e-01,9.82133e-01,9.99997e-01,9.99999e-01
1.616431418e+00,9.81683e-01,9.81685e-01,9.99997e-01,9.99999e-01
1.624513575e+00,9.80436e-01,9.80438e-01,9.99997e-01,9.99999e-01
1.632636143e+00,9.69494e-01,9.69496e-01,9.99997e-01,9.99999e-01
1.640799324e+00,9.59565e-01,9.59566e-01,9.99997e-01,9.99999e-01
1.649003321e+00,9.48749e-01,9.48751e-01,9.99997e-01,9.99999e-01
1.657248337e+00,9.32636e-01,9.32637e-01,9.99997e-01,9.99999e-01
1.665534579e+00,9.09588e-01,9.09590e-01,9.99997e-01,9.99998e-01
1.673862252e+00,8.78938e-01,8.78940e-01,9.99997e-01,9.99998e-01
1.682231563e+00,8.93765e-01,8.93768e-01,9.99997e-01,9.99998e-01
1.690642721e+00,8.20903e-01,8.20906e-01,9.99998e-01,9.99997e-01
1.699095934e+00,7.98557e-01,7.98561e-01,9.99998e-01,9.99996e-01
1.707591414e+00,7.84331e-01,7.84335e-01,9.99998e-01,9.99994e-01
1.716129371e+00,7.40297e-01,7.40304e-01,9.99998e-01,9.99991e-01
1.724710018e+00,6.41360e-01,6.41368e-01,9.99998e-01,9.99988e-01
1.733333568e+00,5.61034e-01,5.61044e-01,9.99998e-01,9.99982e-01
1.742000236e+00,4.11880e-01,4.11891e-01,9.99998e-01,9.99973e-01
1.750710237e+00,2.02281e-01,2.02289e-01,9.99998e-01,9.99957e-01
1.759463788e+00,5.39068e-02,5.39104e-02,9.99998e-01,9.99933e-01
1.768261107e+00,6.25555e-03,6.25623e-03,9.99998e-01,9.99892e-01
1.777102413e+00,2.77438e-04,2.77485e-04,9.99998e-01,9.99831e-01
1.785987925e+00,2.44902e-06,2.44968e-06,9.99998e-01,9.99730e-01
1.794917864e+00,1.04117e-07,1.04166e-07,9.99998e-01,9.99532e-01
1.803892454e+00,2.95344e-13,2.95554e-13,9.99998e-01,9.99291e-01
1.812911916e+00,1.81150e-17,1.81325e-17,9.99998e-01,9.99034e-01
1.821976476e+00,3.21027e-17,3.21393e-17,9.99998e-01,9.98862e-01
1.831086358e+00,6.24691e-19,6.25493e-19,9.99998e-01,9.98719e-01
1.840241790e+00,1.59648e-15,1.59874e-15,9.99998e-01,9.98584e-01
1.849442999e+00,1.31807e-14,1.32009e-14,9.99998e-01,9.98474e-01
1.858690214e+00,1.07003e-22,1.07192e-22,9.99998e-01,9.98236e-01
1.867983665e+00,1.68254e-23,1.68585e-23,9.99998e-01,9.98035e-01
1.877323583e+00,1.25263e-09,1.25498e-09,9.99998e-01,9.98130e-01
1.886710201e+00,2.43802e-08,2.44189e-08,9.99998e-01,9.98416e-01
1.896143752e+00,1.73214e-07,1.73462e-07,9.99998e-01,9.98571e-01
1.905624471e+00,4.82799e-14,4.83442e-14,9.99998e-01,9.98670e-01
1.915152593e+00,8.43366e-17,8.44414e-17,9.99998e-01,9.98759e-01
1.924728356e+00,1.21825e-18,1.21959e-18,9.99998e-01,9.98905e-01
1.934351998e+00,4.74071e-21,4.74499e-21,9.99998e-01,9.99097e-01
1.944023758e+00,1.11420e-11,1.11493e-11,9.99998e-01,9.99350e-01
1.953743877e+00,3.73632e-11,3.73792e-11,9.99998e-01,9.99573e-01
1.963512596e+00,8.84002e-08,8.84237e-08,9.99998e-01,9.99734e-01
1.973330159e+00,9.07442e-06,9.07588e-06,9.99998e-01,9.99839e-01
1.983196810e+00,1.84472e-03,1.84491e-03,9.99998e-01,9.99896e-01
1.993112794e+00,6.66719e-03,6.66764e-03,9.99998e-01,9.99932e-01
2.003078358e+00,3.84120e-02,3.84137e-02,9.99998e-01,9.99955e-01
2.013093750e+00,1.17631e-01,1.17635e-01,9.99998e-01,9.99971e-01
2.023159218e+00,2.82976e-01,2.82981e-01,9.99998e-01,9.99981e-01
2.033275015e+00,3.87123e-01,3.87128e-01,9.99998e-01,9.99987e-01
2.043441390e+00,5.51429e-01,5.51434e-01,9.99998e-01,9.99991e-01
2.053658597e+00,6.08993e-01,6.08997e-01,9.99998e-01,9.99994e-01
2.063926890e+00,7.12478e-01,7.12481e-01,9.99998e-01,9.99995e-01
2.074246524e+00,7.46116e-01,7.46118e-01,9.99998e-01,9.99996e-01
2.084617757e+00,8.25474e-01,8.25476e-01,9.99998e-01,9.99997e-01
2.095040845e+00,8.59338e-01,8.59340e-01,9.99998e-01,9.99997e-01
2.105516050e+00,8.78381e-01,8.78383e-01,9.99998e-01,9.99998e-01
2.116043630e+00,8.83401e-01,8.83403e-01,9.99998e-01,9.99998e-01
2.126623848e+00,9.27175e-01,9.27177e-01,9.99998e-01,9.99998e-01
2.137256967e+00,9.30510e-01,9.30512e-01,9.99998e-01,9.99998e-01
2.147943252e+00,9.33090e-01,9.33092e-01,9.99998e-01,9.99998e-01
2.158682968e+00,9.38569e-01,9.38571e-01,9.99998e-01,9.99998e-01
2.169476383e+00,9.34750e-01,9.34752e-01,9.99998e-01,9.99997e-01
2.180323765e+00,9.25666e-01,9.25668e-01,9.99998e-01,9.99997e-01
2.191225384e+00,9.10272e-01,9.10274e-01,9.99998e-01,9.99997e-01
2.202181511e+00,8.89817e-01,8.89819e-01,9.99998e-01,9.99997e-01
2.213192418e+00,8.88903e-01,8.88906e-01,9.99998e-01,9.99997e-01
2.224258381e+00,8.69969e-01,8.69972e-01,9.99999e-01,9.99997e-01
2.235379672e+00,8.88123e-01,8.88126e-01,9.99999e-01,9.99996e-01
2.246556571e+00,8.11490e-01,8.11493e-01,9.99999e-01,9.99995e-01
2.257789354e+00,8.50619e-01,8.50623e-01,9.99999e-01,9.99995e-01
2.269078300e+00,6.72834e-01,6.72838e-01,9.99999e-01,9.99993e-01
2.280423692e+00,7.18811e-01,7.18816e-01,9.99999e-01,9.99992e-01
2.291825810e+00,5.26047e-01,5.26052e-01,9.99999e-01,9.99990e-01
2.303284939e+00,5.62875e-01,5.62882e-01,9.99999e-01,9.99986e-01
2.314801364e+00,3.77701e-01,3.77708e-01,9.99999e-01,9.99981e-01
2.326375371e+00,3.64653e-01,3.64662e-01,9.99999e-01,9.99975e-01
2.338007248e+00,3.44193e-01,3.44205e-01,9.99999e-01,9.99966e-01
2.349697284e+00,1.59018e-01,1.59025e-01,9.99999e-01,9.99954e-01
2.361445770e+00,2.07585e-01,2.07598e-01,9.99999e-01,9.99936e-01
2.373252999e+00,1.28904e-01,1.28916e-01,9.99999e-01,9.99912e-01
2.385119264e+00,2.94923e-02,2.94959e-02,9.99999e-01,9.99879e-01
2.397044861e+00,1.09010e-01,1.09029e-01,9.99999e-01,9.99818e-01
2.409030085e+00,1.67153e-02,1.67198e-02,9.99999e-01,9.99733e-01
2.421075235e+00,2.63310e-02,2.63406e-02,9.99999e-01,9.99635e-01
2.433180612e+00,7.24320e-03,7.24678e-03,9.99999e-01,9.99505e-01
2.445346515e+00,6.51354e-04,6.51785e-04,9.99999e-01,9.99338e-01
2.457573247e+00,4.06222e-05,4.06585e-05,9.99999e-01,9.99109e-01
2.469861113e+00,6.10707e-08,6.11444e-08,9.99999e-01,9.98794e-01
2.482210419e+00,4.59806e-17,4.60587e-17,9.99999e-01,9.98305e-01
2.494621471e+00,6.80680e-24,6.82319e-24,9.99999e-01,9.97597e-01
2.507094578e+00,1.39976e-45,1.40469e-45,9.99999e-01,9.96494e-01
2.519630051e+00,6.15432e-71,6.18598e-71,9.99999e-01,9.94881e-01
2.532228202e+00,1.08032e-96,1.08776e-96,9.99999e-01,9.93153e-01
2.544889343e+00,4.10161e-127,4.13780e-127,9.99999e-01,9.91255e-01
2.557613789e+00,7.77602e-128,7.85685e-128,9.99999e-01,9.89712e-01
2.570401858e+00,2.01496e-180,2.03763e-180,9.99999e-01,9.88874e-01
2.583253867e+00,1.83182e-180,1.85436e-180,9.99999e-01,9.87841e-01
2.596170137e+00,5.43934e-153,5.50732e-153,9.99999e-01,9.87657e-01
2.609150988e+00,4.66673e-107,4.72905e-107,9.99999e-01,9.86823e-01
2.622196742e+00,6.72871e-90,6.82105e-90,9.99999e-01,9.86463e-01
2.635307726e+00,2.70761e-40,2.74646e-40,9.99999e-01,9.85854e-01
2.648484265e+00,9.56935e-49,9.72634e-49,9.99999e-01,9.83858e-01
2.661726686e+00,1.62830e-86,1.65808e-86,9.99999e-01,9.82036e-01
2.675035320e+00,8.16196e-321,8.30524e-321,9.99999e-01,9.82938e-01
2.688410496e+00,1.07450e-154,1.09208e-154,9.99999e-01,9.83901e-01
2.701852549e+00,5.78638e-135,5.87196e-135,9.99999e-01,9.85425e-01
2.715361811e+00,9.00428e-134,9.12814e-134,9.99999e-01,9.86430e-01
2.728938620e+00,3.22271e-95,3.26196e-95,9.99999e-01,9.87966e-01
2.742583314e+00,8.92361e-102,9.02824e-102,9.99999e-01,9.88410e-01
2.756296230e+00,3.15028e-105,3.18573e-105,9.99999e-01,9.88871e-01
2.770077711e+00,3.68997e-145,3.72562e-145,9.99999e-01,9.90430e-01
2.783928100e+00,5.89428e-145,5.94631e-145,9.99999e-01,9.91249e-01
2.797847740e+00,6.83738e-110,6.88922e-110,9.99999e-01,9.92475e-01
2.811836979e+00,2.07011e-117,2.08260e-117,9.99999e-01,9.94004e-01
2.825896164e+00,1.94983e-101,1.95890e-101,9.99999e-01,9.95372e-01
2.840025645e+00,5.68729e-77,5.70814e-77,9.99999e-01,9.96347e-01
2.854225773e+00,4.55707e-67,4.57032e-67,9.99999e-01,9.97100e-01
2.868496902e+00,3.23665e-63,3.24342e-63,9.99999e-01,9.97913e-01
2.882839386e+00,2.44294e-50,2.44668e-50,9.99999e-01,9.98469e-01
2.897253583e+00,6.35542e-43,6.36323e-43,9.99999e-01,9.98771e-01
2.911739851e+00,6.78883e-29,6.79550e-29,9.99999e-01,9.99018e-01
2.926298550e+00,3.90562e-20,3.90852e-20,9.99999e-01,9.99258e-01
2.940930043e+00,9.85950e-20,9.86532e-20,9.99999e-01,9.99409e-01
2.955634693e+00,8.70134e-20,8.70561e-20,9.99999e-01,9.99508e-01
2.970412867e+00,3.99088e-17,3.99241e-17,9.99999e-01,9.99615e-01
2.985264931e+00,1.75644e-13,1.75697e-13,9.99999e-01,9.99700e-01
3.000191256e+00,1.17978e-10,1.18008e-10,9.99999e-01,9.99744e-01
3.015192212e+00,4.73738e-10,4.73839e-10,9.99999e-01,9.99787e-01
3.030268173e+00,1.24996e-08,1.25019e-08,9.99999e-01,9.99817e-01
3.045419514e+00,8.24331e-10,8.24468e-10,9.99999e-01,9.99833e-01
3.060646612e+00,1.31976e-06,1.31995e-06,9.99999e-01,9.99852e-01
3.075949845e+00,2.28537e-06,2.28569e-06,9.99999e-01,9.99860e-01
3.091329594e+00,4.48232e-06,4.48290e-06,9.99999e-01,9.99870e-01
3.106786242e+00,1.81706e-05,1.81728e-05,9.99999e-01,9.99879e-01
3.122320173e+00,1.03594e-04,1.03606e-04,9.99999e-01,9.99885e-01
3.137931774e+00,1.19503e-04,1.19516e-04,9.99999e-01,9.99891e-01
3.153621433e+00,3.17607e-03,3.17642e-03,9.99999e-01,9.99888e-01
3.169389540e+00,5.26909e-03,5.26974e-03,9.99999e-01,9.99876e-01
3.185236488e+00,2.15581e-03,2.15612e-03,9.99999e-01,9.99855e-01
3.201162670e+00,5.89786e-06,5.89875e-06,9.99999e-01,9.99848e-01
3.217168483e+00,8.79912e-05,8.80049e-05,9.99999e-01,9.99844e-01
3.233254326e+00,2.12210e-03,2.12242e-03,9.99999e-01,9.99847e-01
3.249420598e+00,1.77391e-02,1.77416e-02,9.99999e-01,9.99857e-01
3.265667701e+00,1.90360e-03,1.90385e-03,9.99999e-01,9.99865e-01
3.281996039e+00,5.68235e-03,5.68307e-03,9.99999e-01,9.99871e-01
3.298406019e+00,4.66770e-04,4.66825e-04,9.99999e-01,9.99881e-01
3.314898049e+00,3.03197e-04,3.03231e-04,9.99999e-01,9.99887e-01
3.331472540e+00,1.08129e-03,1.08140e-03,9.99999e-01,9.99896e-01
3.348129902e+00,6.30431e-04,6.30488e-04,9.99999e-01,9.99910e-01
3.364870552e+00,2.40089e-03,2.40106e-03,9.99999e-01,9.99927e-01
3.381694905e+00,6.53003e-03,6.53039e-03,9.99999e-01,9.99944e-01
3.398603379e+00,1.80037e-02,1.80044e-02,9.99999e-01,9.99959e-01
3.415596396e+00,5.68759e-02,5.68774e-02,9.99999e-01,9.99971e-01
3.432674378e+00,6.31176e-02,6.31189e-02,9.99999e-01,9.99978e-01
3.449837750e+00,1.46477e-01,1.46479e-01,9.99999e-01,9.99983e-01
3.467086939e+00,2.66353e-01,2.66357e-01,9.99999e-01,9.99986e-01
3.484422373e+00,2.81566e-01,2.81569e-01,9.99999e-01,9.99988e-01
3.501844485e+00,4.81731e-01,4.81736e-01,9.99999e-01,9.99990e-01
3.519353708e+00,5.45257e-01,5.45262e-01,9.99999e-01,9.99991e-01
3.536950476e+00,5.74202e-01,5.74206e-01,9.99999e-01,9.99991e-01
3.554635228e+00,7.11727e-01,7.11732e-01,9.99999e-01,9.99991e-01
3.572408405e+00,7.19181e-01,7.19186e-01,9.99999e-01,9.99992e-01
3.590270447e+00,7.94312e-01,7.94318e-01,9.99999e-01,9.99992e-01
3.608221799e+00,8.36307e-01,8.36312e-01,9.99999e-01,9.99993e-01
3.626262908e+00,8.58411e-01,8.58417e-01,9.99999e-01,9.99993e-01
3.644394222e+00,9.12347e-01,9.12353e-01,9.99999e-01,9.99993e-01
3.662616193e+00,8.58718e-01,8.58724e-01,9.99999e-01,9.99993e-01
3.680929274e+00,7.82448e-01,7.82453e-01,9.99999e-01,9.99993e-01
3.699333921e+00,8.91308e-01,8.91314e-01,9.99999e-01,9.99993e-01
3.717830590e+00,9.13798e-01,9.13803e-01,9.99999e-01,9.99993e-01
3.736419743e+00,9.00077e-01,9.00082e-01,9.99999e-01,9.99993e-01
3.755101842e+00,8.92996e-01,8.93001e-01,9.99999e-01,9.99993e-01
3.773877351e+00,9.10879e-01,9.10884e-01,9.99999e-01,9.99993e-01
3.792746738e+00,8.93757e-01,8.93762e-01,9.99999e-01,9.99993e-01
3.811710472e+00,8.71055e-01,8.71060e-01,9.99999e-01,9.99993e-01
3.830769024e+00,8.61524e-01,8.61529e-01,9.99999e-01,9.99994e-01
3.849922869e+00,8.04599e-01,8.04604e-01,9.99999e-01,9.99994e-01
3.869172484e+00,7.80669e-01,7.80673e-01,9.99999e-01,9.99994e-01
3.888518346e+00,8.67890e-01,8.67895e-01,9.99999e-01,9.99994e-01
3.907960938e+00,8.53584e-01,8.53588e-01,9.99999e-01,9.99994e-01
3.927500742e+00,4.18007e-01,4.18010e-01,9.99999e-01,9.99994e-01
3.947138246e+00,5.45212e-01,5.45215e-01,9.99999e-01,9.99993e-01
3.966873937e+00,2.56084e-01,2.56085e-01,9.99999e-01,9.99993e-01
3.986708307e+00,7.64532e-01,7.64536e-01,9.99999e-01,9.99993e-01
4.006641849e+00,9.06897e-01,9.06903e-01,9.99999e-01,9.99993e-01
4.026675058e+00,8.92644e-01,8.92649e-01,9.99999e-01,9.99993e-01
4.046808433e+00,8.71006e-01,8.71011e-01,9.99999e-01,9.99993e-01
4.067042475e+00,8.53008e-01,8.53014e-01,9.99999e-01,9.99992e-01
4.087377688e+00,8.43111e-01,8.43116e-01,9.99999e-01,9.99992e-01
4.107814576e+00,7.89986e-01,7.89992e-01,9.99999e-01,9.99992e-01
4.128353649e+00,6.90731e-01,6.90736e-01,9.99999e-01,9.99992e-01
4.148995417e+00,6.32268e-01,6.32273e-01,9.99999e-01,9.99991e-01
4.169740394e+00,4.80744e-01,4.80748e-01,9.99999e-01,9.99991e-01
4.190589096e+00,4.13170e-01,4.13173e-01,9.99999e-01,9.99990e-01
4.211542042e+00,2.49716e-01,2.49718e-01,9.99999e-01,9.99990e-01
4.232599752e+00,2.15559e-01,2.15561e-01,9.99999e-01,9.99989e-01
4.253762751e+00,1.43740e-01,1.43741e-01,9.99999e-01,9.99989e-01
4.275031564e+00,6.88305e-02,6.88313e-02,9.99999e-01,9.99988e-01
4.296406722e+00,3.23413e-02,3.23417e-02,9.99999e-01,9.99987e-01
4.317888756e+00,4.65502e-02,4.65508e-02,9.99999e-01,9.99986e-01
4.339478200e+00,2.12697e-02,2.12700e-02,9.99999e-01,9.99985e-01
4.361175591e+00,1.37788e-02,1.37790e-02,9.99999e-01,9.99984e-01
4.382981469e+00,1.34182e-02,1.34184e-02,9.99999e-01,9.99983e-01
4.404896376e+00,1.25252e-02,1.25254e-02,9.99999e-01,9.99982e-01
4.426920858e+00,4.72500e-03,4.72509e-03,9.99999e-01,9.99980e-01
4.449055462e+00,1.08556e-02,1.08558e-02,9.99999e-01,9.99978e-01
4.471300739e+00,3.55222e-03,3.55231e-03,9.99999e-01,9.99976e-01
4.493657243e+00,9.64146e-03,9.64170e-03,9.99999e-01,9.99974e-01
4.516125529e+00,1.95920e-03,1.95926e-03,9.99999e-01,9.99971e-01
4.538706157e+00,8.97900e-03,8.97928e-03,9.99999e-01,9.99967e-01
4.561399688e+00,8.50227e-03,8.50257e-03,9.99999e-01,9.99963e-01
4.584206686e+00,1.38985e-02,1.38991e-02,9.99999e-01,9.99959e-01
4.607127720e+00,6.29220e-03,6.29249e-03,9.99999e-01,9.99953e-01
4.630163358e+00,2.03028e-04,2.03039e-04,9.99999e-01,9.99946e-01
4.653314175e+00,1.16076e-04,1.16083e-04,9.99999e-01,9.99938e-01
4.676580746e+00,1.18884e-05,1.18893e-05,9.99999e-01,9.99928e-01
4.699963650e+00,6.54470e-05,6.54524e-05,9.99999e-01,9.99917e-01
4.723463468e+00,3.69757e-06,3.69793e-06,9.99999e-01,9.99902e-01
4.747080785e+00,1.77232e-04,1.77252e-04,9.99999e-01,9.99884e-01
4.770816189e+00,1.21322e-05,1.21338e-05,9.99999e-01,9.99862e-01
4.794670270e+00,1.03951e-07,1.03968e-07,9.99999e-01,9.99837e-01
4.818643622e+00,3.02554e-08,3.02612e-08,9.99999e-01,9.99807e-01
4.842736840e+00,7.01229e-08,7.01389e-08,9.99999e-01,9.99772e-01
4.866950524e+00,5.30859e-07,5.31002e-07,9.99999e-01,9.99730e-01
4.891285276e+00,1.80078e-09,1.80136e-09,9.99999e-01,9.99675e-01
4.915741703e+00,9.48028e-09,9.48386e-09,9.99999e-01,9.99622e-01
4.940320411e+00,5.83878e-10,5.84142e-10,9.99999e-01,9.99548e-01
4.965022013e+00,3.13310e-13,3.13474e-13,9.99999e-01,9.99476e-01
4.989847123e+00,1.07328e-11,1.07391e-11,9.99999e-01,9.99408e-01
5.014796359e+00,1.14169e-18,1.14248e-18,9.99999e-01,9.99315e-01
5.039870341e+00,1.64576e-13,1.64706e-13,9.99999e-01,9.99205e-01
5.065069693e+00,1.35698e-13,1.35826e-13,9.99999e-01,9.99051e-01
5.090395041e+00,8.48767e-20,8.49697e-20,9.99999e-01,9.98904e-01
5.115847016e+00,3.16136e-20,3.16539e-20,9.99999e-01,9.98725e-01
5.141426251e+00,3.33773e-26,3.34264e-26,9.99999e-01,9.98530e-01
5.167133383e+00,4.40783e-30,4.41519e-30,9.99999e-01,9.98333e-01
5.192969049e+00,5.15510e-30,5.16487e-30,9.99999e-01,9.98108e-01
5.218933895e+00,1.76515e-47,1.76887e-47,9.99999e-01,9.97898e-01
5.245028564e+00,4.48345e-36,4.49383e-36,9.99999e-01,9.97689e-01
5.271253707e+00,2.11548e-37,2.12099e-37,9.99999e-01,9.97404e-01
5.297609976e+00,2.03034e-45,2.03619e-45,9.99999e-01,9.97128e-01
5.324098025e+00,9.14429e-46,9.17300e-46,9.99999e-01,9.96869e-01
5.350718516e+00,3.50199e-56,3.51456e-56,9.99999e-01,9.96420e-01
5.377472108e+00,1.38635e-58,1.39165e-58,9.99999e-01,9.96188e-01
5.404359469e+00,1.45879e-58,1.46511e-58,9.99999e-01,9.95681e-01
5.431381266e+00,8.74769e-109,8.78852e-109,9.99999e-01,9.95353e-01
5.458538172e+00,8.57384e-109,8.61817e-109,9.99999e-01,9.94855e-01
5.485830863e+00,7.57225e-117,7.61596e-117,9.99999e-01,9.94259e-01
5.513260018e+00,2.00749e-123,2.02026e-123,9.99999e-01,9.93679e-01
5.540826318e+00,3.81687e-129,3.84388e-129,9.99999e-01,9.92970e-01
5.568530449e+00,7.11070e-203,7.16595e-203,9.99999e-01,9.92289e-01
5.596373101e+00,1.26112e-193,1.27201e-193,9.99999e-01,9.91433e-01
5.624354967e+00,5.72079e-175,5.77641e-175,9.99999e-01,9.90369e-01
5.652476742e+00,1.19533e-190,1.20802e-190,9.99999e-01,9.89495e-01
5.680739126e+00,3.50569e-220,3.54654e-220,9.99999e-01,9.88482e-01
5.709142821e+00,4.23749e-240,4.29126e-240,9.99999e-01,9.87471e-01
5.737688535e+00,5.74312e-233,5.82386e-233,9.99999e-01,9.86136e-01
5.766376978e+00,1.62141e-176,1.64515e-176,9.99999e-01,9.85567e-01
5.795208863e+00,2.93506e-161,2.98053e-161,9.99999e-01,9.84746e-01
5.824184907e+00,3.20092e-196,3.25333e-196,9.99999e-01,9.83888e-01
5.853305832e+00,2.78576e-193,2.83279e-193,9.99999e-01,9.83399e-01
5.882572361e+00,1.09999e-237,1.11908e-237,9.99999e-01,9.82946e-01
5.911985223e+00,1.50594e-228,1.53281e-228,9.99999e-01,9.82473e-01
5.941545149e+00,5.80722e-235,5.91137e-235,9.99999e-01,9.82380e-01
5.971252874e+00,1.66530e-202,1.69602e-202,9.99999e-01,9.81890e-01
6.001109139e+00,2.50865e-136,2.55573e-136,9.99999e-01,9.81578e-01
6.031114685e+00,7.73929e-150,7.88342e-150,9.99999e-01,9.81716e-01
6.061270258e+00,5.66594e-149,5.76913e-149,9.99999e-01,9.82112e-01
6.091576609e+00,1.83116e-126,1.86447e-126,9.99999e-01,9.82134e-01
6.122034492e+00,2.74517e-79,2.79517e-79,9.99999e-01,9.82111e-01
6.152644665e+00,1.41789e-80,1.44382e-80,9.99999e-01,9.82043e-01
6.183407888e+00,2.73191e-53,2.78188e-53,9.99999e-01,9.82036e-01
6.214324928e+00,4.81472e-36,4.90252e-36,9.99999e-01,9.82090e-01
6.245396552e+00,5.15727e-25,5.25195e-25,9.99999e-01,9.81972e-01
6.276623535e+00,1.55276e-25,1.58227e-25,9.99999e-01,9.81349e-01
6.308006653e+00,2.15753e-25,2.20090e-25,9.99999e-01,9.80292e-01
6.339546686e+00,7.17534e-55,7.32654e-55,9.99999e-01,9.79361e-01
6.371244419e+00,4.99190e-120,5.09925e-120,9.99999e-01,9.78947e-01
6.403100641e+00,3.84134e-170,3.92343e-170,9.99999e-01,9.79076e-01
6.435116145e+00,0.00000e+00,0.00000e+00,9.99999e-01,9.79186e-01
6.467291725e+00,0.00000e+00,0.00000e+00,9.99999e-01,9.79215e-01
6.499628184e+00,0.00000e+00,0.00000e+00,9.99999e-01,9.79316e-01
6.532126325e+00,0.00000e+00,0.00000e+00,9.99999e-01,9.79747e-01
6.564786956e+00,0.00000e+00,0.00000e+00,9.99999e-01,9.80961e-01
6.597610891e+00,0.00000e+00,0.00000e+00,9.99999e-01,9.81585e-01
6.630598946e+00,0.00000e+00,0.00000e+00,9.99999e-01,9.82133e-01
6.663751940e+00,0.00000e+00,0.00000e+00,9.99999e-01,9.83151e-01
6.697070700e+00,5.06626e-299,5.14678e-299,9.99999e-01,9.84355e-01
6.730556054e+00,4.39612e-204,4.46098e-204,9.99999e-01,9.85458e-01
6.764208834e+00,4.38550e-204,4.44542e-204,9.99999e-01,9.86520e-01
6.798029878e+00,6.92938e-251,7.01633e-251,9.99999e-01,9.87605e-01
6.832020027e+00,6.92486e-251,7.00889e-251,9.99999e-01,9.88009e-01
6.866180128e+00,8.99334e-289,9.09558e-289,9.99999e-01,9.88759e-01
6.900511028e+00,2.96932e-164,3.00027e-164,9.99999e-01,9.89684e-01
6.935013583e+00,3.04567e-164,3.07565e-164,9.99999e-01,9.90253e-01
6.969688651e+00,6.27836e-207,6.33622e-207,9.99999e-01,9.90867e-01
7.004537095e+00,1.75677e-204,1.77229e-204,9.99999e-01,9.91240e-01
7.039559780e+00,1.22138e-221,1.23212e-221,9.99999e-01,9.91284e-01
7.074757579e+00,7.81683e-174,7.87800e-174,9.99999e-01,9.92234e-01
7.110131367e+00,2.16792e-172,2.18363e-172,9.99999e-01,9.92804e-01
7.145682024e+00,2.81807e-193,2.83745e-193,9.99999e-01,9.93170e-01
7.181410434e+00,1.43134e-246,1.44030e-246,9.99999e-01,9.93781e-01
7.217317486e+00,1.75455e-181,1.76466e-181,9.99999e-01,9.94270e-01
7.253404073e+00,1.69904e-181,1.70807e-181,9.99999e-01,9.94712e-01
7.289671094e+00,1.04435e-158,1.04945e-158,9.99999e-01,9.95146e-01
7.326119449e+00,2.78814e-158,2.80038e-158,9.99999e-01,9.95631e-01
7.362750046e+00,5.68015e-115,5.70246e-115,9.99999e-01,9.96088e-01
7.399563797e+00,2.27973e-94,2.28779e-94,9.99999e-01,9.96477e-01
7.436561616e+00,2.66394e-102,2.67232e-102,9.99999e-01,9.96866e-01
7.473744424e+00,2.84265e-96,2.85048e-96,9.99999e-01,9.97252e-01
7.511113146e+00,1.30424e-83,1.30733e-83,9.99999e-01,9.97636e-01
7.548668712e+00,5.02008e-87,5.03049e-87,9.99999e-01,9.97929e-01
7.586412055e+00,4.83853e-158,4.84724e-158,9.99999e-01,9.98203e-01
7.624344115e+00,5.54006e-77,5.54856e-77,9.99999e-01,9.98466e-01
7.662465836e+00,1.62075e-47,1.62288e-47,9.99999e-01,9.98689e-01
7.700778165e+00,7.53234e-48,7.54075e-48,9.99999e-01,9.98884e-01
7.739282056e+00,6.14369e-79,6.14963e-79,9.99999e-01,9.99033e-01
7.777978466e+00,5.19530e-54,5.19960e-54,9.99999e-01,9.99171e-01
7.816868359e+00,3.02455e-44,3.02668e-44,9.99999e-01,9.99296e-01
7.855952700e+00,1.22928e-44,1.23004e-44,9.99999e-01,9.99384e-01
7.895232464e+00,2.84037e-44,2.84191e-44,9.99999e-01,9.99457e-01
7.934708626e+00,1.35479e-26,1.35543e-26,9.99999e-01,9.99521e-01
7.974382169e+00,2.34566e-20,2.34667e-20,9.99999e-01,9.99567e-01
8.014254080e+00,5.39363e-21,5.39574e-21,9.99999e-01,9.99609e-01
8.054325351e+00,9.08828e-20,9.09148e-20,9.99999e-01,9.99646e-01
8.094596977e+00,3.57990e-16,3.58105e-16,9.99999e-01,9.99678e-01
8.135069962e+00,9.48228e-16,9.48505e-16,9.99999e-01,9.99707e-01
8.175745312e+00,1.90620e-16,1.90672e-16,9.99999e-01,9.99729e-01
8.216624039e+00,2.37290e-13,2.37349e-13,9.99999e-01,9.99747e-01
8.257707159e+00,4.57772e-09,4.57880e-09,9.99999e-01,9.99764e-01
8.298995695e+00,6.59052e-08,6.59199e-08,9.99999e-01,9.99776e-01
8.340490673e+00,3.06014e-09,3.06078e-09,9.99999e-01,9.99787e-01
8.382193126e+00,7.99335e-07,7.99497e-07,9.99999e-01,9.99797e-01
8.424104092e+00,1.40986e-07,1.41013e-07,9.99999e-01,9.99806e-01
8.466224613e+00,3.08094e-07,3.08151e-07,9.99999e-01,9.99813e-01
8.508555736e+00,1.04816e-06,1.04835e-06,9.99999e-01,9.99819e-01
8.551098514e+00,1.25545e-04,1.25567e-04,9.99999e-01,9.99825e-01
8.593854007e+00,3.00896e-03,3.00947e-03,9.99999e-01,9.99829e-01
8.636823277e+00,4.63784e-03,4.63861e-03,9.99999e-01,9.99833e-01
8.680007393e+00,2.66293e-04,2.66336e-04,9.99999e-01,9.99836e-01
8.723407430e+00,9.54760e-04,9.54913e-04,9.99999e-01,9.99839e-01
8.767024467e+00,3.20608e-04,3.20659e-04,9.99999e-01,9.99841e-01
8.810859590e+00,1.61594e-03,1.61619e-03,9.99999e-01,9.99843e-01
8.854913888e+00,3.34638e-02,3.34689e-02,9.99999e-01,9.99844e-01
8.899188457e+00,2.23921e-02,2.23955e-02,9.99999e-01,9.99845e-01
8.943684399e+00,5.98935e-03,5.99027e-03,9.99999e-01,9.99846e-01
8.988402821e+00,4.18649e-03,4.18713e-03,9.99999e-01,9.99846e-01
9.033344836e+00,2.04259e-03,2.04290e-03,9.99999e-01,9.99846e-01
9.078511560e+00,7.58531e-03,7.58647e-03,9.99999e-01,9.99847e-01
9.123904118e+00,2.93431e-02,2.93476e-02,9.99999e-01,9.99846e-01
9.169523638e+00,2.05093e-02,2.05124e-02,9.99999e-01,9.99846e-01
9.215371256e+00,9.70075e-02,9.70224e-02,9.99999e-01,9.99845e-01
9.261448113e+00,7.87224e-02,7.87345e-02,9.99999e-01,9.99845e-01
9.307755353e+00,2.53537e-02,2.53576e-02,9.99999e-01,9.99844e-01
9.354294130e+00,1.49430e-02,1.49453e-02,9.99999e-01,9.99843e-01
9.401065601e+00,1.30410e-03,1.30430e-03,9.99999e-01,9.99842e-01
9.448070929e+00,8.21006e-03,8.21136e-03,9.99999e-01,9.99841e-01
9.495311283e+00,6.71246e-02,6.71353e-02,9.99999e-01,9.99839e-01
9.542787840e+00,1.32250e-01,1.32272e-01,9.99999e-01,9.99838e-01
9.590501779e+00,3.98144e-02,3.98209e-02,9.99999e-01,9.99837e-01
9.638454288e+00,4.07616e-02,4.07683e-02,9.99999e-01,9.99835e-01
9.686646559e+00,4.72459e-02,4.72537e-02,9.99999e-01,9.99833e-01
9.735079792e+00,1.06438e-01,1.06456e-01,9.99999e-01,9.99832e-01
9.783755191e+00,5.40831e-02,5.40922e-02,9.99999e-01,9.99830e-01
9.832673967e+00,2.51915e-03,2.51958e-03,9.99999e-01,9.99828e-01
9.881837337e+00,1.01823e-04,1.01840e-04,9.99999e-01,9.99827e-01
9.931246523e+00,2.30459e-02,2.30499e-02,9.99999e-01,9.99825e-01
9.980902756e+00,6.79764e-02,6.79884e-02,9.99999e-01,9.99823e-01
1.003080727e+01,6.81624e-02,6.81745e-02,9.99999e-01,9.99821e-01
1.008096131e+01,9.73248e-02,9.73423e-02,9.99999e-01,9.99819e-01
1.013136611e+01,1.71323e-01,1.71354e-01,9.99999e-01,9.99817e-01
1.018202294e+01,2.02915e-01,2.02952e-01,9.99999e-01,9.99815e-01
1.023293306e+01,6.86028e-02,6.86155e-02,9.99999e-01,9.99813e-01
1.028409772e+01,8.02936e-03,8.03086e-03,9.99999e-01,9.99811e-01
1.033551821e+01,4.41152e-03,4.41235e-03,9.99999e-01,9.99809e-01
1.038719580e+01,4.82529e-04,4.82621e-04,9.99999e-01,9.99807e-01
1.043913178e+01,4.92906e-04,4.93001e-04,9.99999e-01,9.99805e-01
1.049132744e+01,1.02606e-02,1.02626e-02,9.99999e-01,9.99802e-01
1.054378408e+01,2.36339e-02,2.36386e-02,9.99999e-01,9.99800e-01
1.059650300e+01,1.93154e-02,1.93193e-02,9.99999e-01,9.99796e-01
1.064948551e+01,1.31028e-02,1.31055e-02,9.99999e-01,9.99793e-01
1.070273294e+01,2.65447e-03,2.65502e-03,9.99999e-01,9.99789e-01
1.075624661e+01,3.14588e-03,3.14656e-03,9.99999e-01,9.99785e-01
1.081002784e+01,3.93314e-03,3.93399e-03,9.99999e-01,9.99781e-01
1.086407798e+01,1.45763e-04,1.45796e-04,9.99999e-01,9.99778e-01
1.091839837e+01,5.83333e-06,5.83464e-06,9.99999e-01,9.99773e-01
1.097299036e+01,3.09758e-09,3.09829e-09,9.99999e-01,9.99769e-01
1.102785531e+01,1.89779e-10,1.89823e-10,9.99999e-01,9.99767e-01
1.108299459e+01,6.50685e-05,6.50838e-05,9.99999e-01,9.99764e-01
1.113840956e+01,2.24670e-03,2.24723e-03,9.99999e-01,9.99761e-01
1.119410161e+01,7.11233e-03,7.11404e-03,9.99999e-01,9.99758e-01
1.125007212e+01,1.28813e-03,1.28845e-03,9.99999e-01,9.99755e-01
1.130632248e+01,8.19508e-04,8.19711e-04,9.99999e-01,9.99751e-01
1.136285409e+01,3.74853e-03,3.74947e-03,9.99999e-01,9.99748e-01
1.141966836e+01,5.73569e-03,5.73714e-03,9.99999e-01,9.99745e-01
1.147676670e+01,1.88632e-03,1.88681e-03,9.99999e-01,9.99741e-01
1.153415054e+01,1.19889e-04,1.19921e-04,9.99999e-01,9.99738e-01
1.159182129e+01,1.33174e-06,1.33209e-06,9.99999e-01,9.99734e-01
1.164978039e+01,6.89288e-09,6.89474e-09,9.99999e-01,9.99730e-01
1.170802930e+01,1.79191e-11,1.79240e-11,9.99999e-01,9.99726e-01
1.176656944e+01,3.13670e-07,3.13757e-07,9.99999e-01,9.99722e-01
1.182540229e+01,2.57372e-05,2.57444e-05,9.99999e-01,9.99718e-01
1.188452930e+01,2.89476e-05,2.89558e-05,9.99999e-01,9.99714e-01
1.194395195e+01,8.43685e-05,8.43930e-05,9.99999e-01,9.99710e-01
1.200367171e+01,5.71169e-04,5.71337e-04,9.99999e-01,9.99705e-01
1.206369007e+01,7.48884e-05,7.49108e-05,9.99999e-01,9.99700e-01
1.212400852e+01,5.39296e-04,5.39461e-04,9.99999e-01,9.99695e-01
1.218462856e+01,4.67586e-04,4.67730e-04,9.99999e-01,9.99690e-01
1.224555170e+01,6.73779e-06,6.73991e-06,9.99999e-01,9.99683e-01
1.230677946e+01,5.24041e-09,5.24209e-09,9.99999e-01,9.99677e-01
1.236831336e+01,9.39799e-11,9.40108e-11,9.99999e-01,9.99671e-01
1.243015492e+01,3.78677e-18,3.78804e-18,9.99999e-01,9.99664e-01
1.249230570e+01,4.24318e-17,4.24463e-17,9.99999e-01,9.99657e-01
1.255476723e+01,6.25768e-15,6.25987e-15,9.99999e-01,9.99649e-01
1.261754106e+01,9.72776e-08,9.73124e-08,9.99999e-01,9.99641e-01
1.268062877e+01,1.81775e-06,1.81841e-06,9.99999e-01,9.99633e-01
1.274403191e+01,1.17711e-06,1.17755e-06,9.99999e-01,9.99624e-01
1.280775207e+01,9.59945e-06,9.60314e-06,9.99999e-01,9.99615e-01
1.287179083e+01,5.84538e-07,5.84768e-07,9.99999e-01,9.99605e-01
1.293614979e+01,1.37333e-06,1.37389e-06,9.99999e-01,9.99596e-01
1.300083054e+01,1.11376e-08,1.11422e-08,9.99999e-01,9.99586e-01
1.306583469e+01,2.62347e-10,2.62458e-10,9.99999e-01,9.99575e-01
1.313116386e+01,7.26112e-11,7.26428e-11,9.99999e-01,9.99564e-01
1.319681968e+01,1.35792e-11,1.35852e-11,9.99999e-01,9.99553e-01
1.326280378e+01,2.83577e-17,2.83707e-17,9.99999e-01,9.99541e-01
1.332911780e+01,8.63594e-19,8.64000e-19,9.99999e-01,9.99529e-01
1.339576339e+01,1.80459e-19,1.80546e-19,9.99999e-01,9.99515e-01
1.346274221e+01,1.08187e-28,1.08241e-28,9.99999e-01,9.99502e-01
1.353005592e+01,2.84536e-15,2.84682e-15,9.99999e-01,9.99487e-01
1.359770620e+01,3.89298e-14,3.89504e-14,9.99999e-01,9.99471e-01
1.366569473e+01,6.49736e-14,6.50090e-14,9.99999e-01,9.99455e-01
1.373402320e+01,2.55495e-10,2.55638e-10,9.99999e-01,9.99439e-01
1.380269332e+01,1.03792e-09,1.03852e-09,9.99999e-01,9.99422e-01
1.387170678e+01,2.37943e-12,2.38084e-12,9.99999e-01,9.99404e-01
1.394106532e+01,1.51052e-14,1.51144e-14,9.99999e-01,9.99385e-01
1.401077064e+01,5.10658e-17,5.10982e-17,9.99999e-01,9.99366e-01
1.408082450e+01,2.62683e-17,2.62855e-17,9.99999e-01,9.99346e-01
1.415122862e+01,3.17527e-24,3.17741e-24,9.99999e-01,9.99325e-01
1.422198476e+01,1.31380e-32,1.31472e-32,9.99999e-01,9.99303e-01
1.429309469e+01,6.16635e-32,6.17077e-32,9.99999e-01,9.99281e-01
1.436456016e+01,2.63479e-39,2.63674e-39,9.99999e-01,9.99257e-01
1.443638296e+01,1.48607e-45,1.48721e-45,9.99999e-01,9.99233e-01
1.450856487e+01,2.38531e-30,2.38719e-30,9.99999e-01,9.99208e-01
1.458110770e+01,4.51778e-22,4.52148e-22,9.99999e-01,9.99181e-01
1.465401324e+01,3.15830e-20,3.16097e-20,9.99999e-01,9.99153e-01
1.472728330e+01,5.59173e-20,5.59662e-20,9.99999e-01,9.99125e-01
1.480091972e+01,6.98440e-22,6.99073e-22,9.99999e-01,9.99093e-01
1.487492432e+01,2.35242e-37,2.35463e-37,9.99999e-01,9.99062e-01
1.494929894e+01,2.43072e-29,2.43308e-29,9.99999e-01,9.99029e-01
1.502404544e+01,7.63564e-25,7.64332e-25,9.99999e-01,9.98994e-01
1.509916566e+01,4.79548e-24,4.80048e-24,9.99999e-01,9.98958e-01
1.517466149e+01,6.33376e-26,6.34060e-26,9.99999e-01,9.98921e-01
1.525053480e+01,6.41141e-24,6.41858e-24,9.99999e-01,9.98881e-01
1.532678747e+01,8.21001e-28,8.21954e-28,9.99999e-01,9.98840e-01
1.540342141e+01,2.11798e-35,2.12053e-35,9.99999e-01,9.98798e-01
1.548043852e+01,2.19767e-39,2.20041e-39,9.99999e-01,9.98753e-01
1.555784071e+01,2.23908e-49,2.24198e-49,9.99999e-01,9.98707e-01
1.563562991e+01,4.55902e-74,4.56513e-74,9.99999e-01,9.98660e-01
1.571380806e+01,5.97324e-75,5.98155e-75,9.99999e-01,9.98609e-01
1.579237710e+01,6.55048e-54,6.55993e-54,9.99999e-01,9.98557e-01
1.587133899e+01,2.56699e-47,2.57083e-47,9.99999e-01,9.98505e-01
1.595069568e+01,2.98940e-51,2.99405e-51,9.99999e-01,9.98445e-01
1.603044916e+01,6.48743e-71,6.49792e-71,9.99999e-01,9.98385e-01
1.611060141e+01,2.81539e-68,2.82011e-68,9.99999e-01,9.98324e-01
1.619115441e+01,1.36281e-66,1.36519e-66,9.99999e-01,9.98257e-01
1.627211019e+01,1.05011e-74,1.05202e-74,9.99999e-01,9.98188e-01
1.635347074e+01,1.37550e-68,1.37809e-68,9.99999e-01,9.98119e-01
1.643523809e+01,5.15553e-70,5.16562e-70,9.99999e-01,9.98045e-01
1.651741428e+01,1.14182e-73,1.14414e-73,9.99999e-01,9.97969e-01
1.660000135e+01,2.62068e-93,2.62622e-93,9.99999e-01,9.97892e-01
1.668300136e+01,1.57986e-95,1.58332e-95,9.99999e-01,9.97813e-01
1.676641637e+01,5.82897e-85,5.84222e-85,9.99999e-01,9.97730e-01
1.685024845e+01,3.31492e-87,3.32273e-87,9.99999e-01,9.97646e-01
1.693449969e+01,2.57765e-108,2.58395e-108,9.99999e-01,9.97563e-01
1.701917219e+01,6.14467e-116,6.16026e-116,9.99999e-01,9.97469e-01
1.710426805e+01,3.68936e-149,3.69907e-149,9.99999e-01,9.97374e-01
1.718978939e+01,4.24348e-163,4.25506e-163,9.99999e-01,9.97278e-01
1.727573834e+01,1.29200e-167,1.29566e-167,9.99999e-01,9.97174e-01
1.736211703e+01,8.65055e-179,8.67602e-179,9.99999e-01,9.97063e-01
1.744892761e+01,1.78723e-153,1.79269e-153,9.99999e-01,9.96951e-01
1.753617225e+01,1.79159e-122,1.79727e-122,9.99999e-01,9.96838e-01
1.762385311e+01,7.14555e-121,7.16910e-121,9.99999e-01,9.96715e-01
1.771197238e+01,2.17607e-128,2.18351e-128,9.99999e-01,9.96591e-01
1.780053224e+01,5.34068e-140,5.35962e-140,9.99999e-01,9.96466e-01
1.788953490e+01,3.92700e-151,3.94145e-151,9.99999e-01,9.96331e-01
1.797898258e+01,1.15126e-173,1.15566e-173,9.99999e-01,9.96184e-01
1.806887749e+01,9.19780e-177,9.23440e-177,9.99999e-01,9.96036e-01
1.815922188e+01,8.80960e-236,8.84596e-236,9.99999e-01,9.95888e-01
1.825001799e+01,4.10724e-176,4.12488e-176,9.99999e-01,9.95722e-01
1.834126808e+01,6.76302e-170,6.79323e-170,9.99999e-01,9.95552e-01
1.843297442e+01,1.56326e-171,1.57051e-171,9.99999e-01,9.95381e-01
1.852513929e+01,2.39861e-230,2.41016e-230,9.99999e-01,9.95207e-01
1.861776499e+01,3.02119e-280,3.03631e-280,9.99999e-01,9.95019e-01
1.871085381e+01,3.23375e-219,3.25055e-219,9.99999e-01,9.94829e-01
1.880440808e+01,4.22133e-187,4.24408e-187,9.99999e-01,9.94639e-01
1.889843012e+01,2.19298e-190,2.20524e-190,9.99999e-01,9.94438e-01
1.899292227e+01,1.15514e-258,1.16186e-258,9.99999e-01,9.94222e-01
1.908788688e+01,8.57194e-252,8.62363e-252,9.99999e-01,9.94005e-01
1.918332632e+01,9.95676e-253,1.00190e-252,9.99999e-01,9.93787e-01
1.927924295e+01,0.00000e+00,0.00000e+00,9.99999e-01,9.93561e-01
1.937563916e+01,0.00000e+00,0.00000e+00,9.99999e-01,9.93329e-01
1.947251736e+01,0.00000e+00,0.00000e+00,9.99999e-01,9.93095e-01
1.956987994e+01,0.00000e+00,0.00000e+00,9.99999e-01,9.92860e-01
1.966772934e+01,0.00000e+00,0.00000e+00,9.99999e-01,9.92591e-01
1.976606799e+01,0.00000e+00,0.00000e+00,9.99999e-01,9.92305e-01
1.986489833e+01,0.00000e+00,0.00000e+00,9.99999e-01,9.92019e-01
1.996422282e+01,0.00000e+00,0.00000e+00,9.99999e-01,9.91730e-01
