#,Wave/freq,Total,N2,O2,CO2,Rayleigh,CIA
4.000000000e-01,8.43901e-14,9.99999e-01,9.99999e-01,9.99999e-01,8.43901e-14,9.99999e-01
4.020000000e-01,1.53034e-13,9.99999e-01,9.99999e-01,9.99999e-01,1.53034e-13,9.99999e-01
4.040100000e-01,2.74106e-13,9.99999e-01,9.99999e-01,9.99999e-01,2.74106e-13,9.99999e-01
4.060300500e-01,4.85346e-13,9.99999e-01,9.99999e-01,9.99999e-01,4.85346e-13,9.99999e-01
4.080602003e-01,8.49733e-13,9.99999e-01,9.99999e-01,9.99999e-01,8.49733e-13,9.99999e-01
4.101005013e-01,1.47133e-12,9.99999e-01,9.99999e-01,9.99999e-01,1.47133e-12,9.99999e-01
4.121510038e-01,2.52015e-12,9.99999e-01,9.99999e-01,9.99999e-01,2.52015e-12,9.99999e-01
4.142117588e-01,4.27097e-12,9.99999e-01,9.99999e-01,9.99999e-01,4.27097e-12,9.99999e-01
4.162828176e-01,7.16311e-12,9.99999e-01,9.99999e-01,9.99999e-01,7.16311e-12,9.99999e-01
4.183642317e-01,1.18916e-11,9.99999e-01,9.99999e-01,9.99999e-01,1.18916e-11,9.99999e-01
4.204560528e-01,1.95448e-11,9.99999e-01,9.99999e-01,9.99999e-01,1.95448e-11,9.99999e-01
4.225583331e-01,3.18098e-11,9.99999e-01,9.99999e-01,9.99999e-01,3.18098e-11,9.99999e-01
4.246711247e-01,5.12757e-11,9.99999e-01,9.99999e-01,9.99999e-01,5.12757e-11,9.99999e-01
4.267944804e-01,8.18778e-11,9.99999e-01,9.99999e-01,9.99999e-01,8.18778e-11,9.99999e-01
4.289284528e-01,1.29541e-10,9.99999e-01,9.99999e-01,9.99999e-01,1.29541e-10,9.99999e-01
4.310730950e-01,2.03100e-10,9.99999e-01,9.99999e-01,9.99999e-01,2.03100e-10,9.99999e-01
4.332284605e-01,3.15615e-10,9.99999e-01,9.99999e-01,9.99999e-01,3.15615e-10,9.99999e-01
4.353946028e-01,4.86208e-10,9.99999e-01,9.99999e-01,9.99999e-01,4.86208e-10,9.99999e-01
4.375715758e-01,7.42644e-10,9.99999e-01,9.99999e-01,9.99999e-01,7.42644e-10,9.99999e-01
4.397594337e-01,1.12488e-09,9.99999e-01,9.99999e-01,9.99999e-01,1.12488e-09,9.99999e-01
4.419582309e-01,1.68993e-09,9.99999e-01,9.99999e-01,9.99999e-01,1.68993e-09,9.99999e-01
4.441680220e-01,2.51849e-09,9.99999e-01,9.99999e-01,9.99999e-01,2.51849e-09,9.99999e-01
4.463888621e-01,3.72382e-09,9.99999e-01,9.99999e-01,9.99999e-01,3.72382e-09,9.99999e-01
4.486208064e-01,5.46364e-09,9.99999e-01,9.99999e-01,9.99999e-01,5.46364e-09,9.99999e-01
4.508639105e-01,7.95587e-09,9.99999e-01,9.99999e-01,9.99999e-01,7.95587e-09,9.99999e-01
4.531182300e-01,1.14992e-08,9.99999e-01,9.99999e-01,9.99999e-01,1.14992e-08,9.99999e-01
4.553838212e-01,1.65002e-08,9.99999e-01,9.99999e-01,9.99999e-01,1.65002e-08,9.99999e-01
4.576607403e-01,2.35079e-08,9.99999e-01,9.99999e-01,9.99999e-01,2.35079e-08,9.99999e-01
4.599490440e-01,3.32584e-08,9.99999e-01,9.99999e-01,9.99999e-01,3.32584e-08,9.99999e-01
4.622487892e-01,4.67318e-08,9.99999e-01,9.99999e-01,9.99999e-01,4.67318e-08,9.99999e-01
4.645600332e-01,6.52238e-08,9.99999e-01,9.99999e-01,9.99999e-01,6.52238e-08,9.99999e-01
4.668828333e-01,9.04356e-08,9.99999e-01,9.99999e-01,9.99999e-01,9.04356e-08,9.99999e-01
4.692172475e-01,1.24586e-07,9.99999e-01,9.99999e-01,9.99999e-01,1.24586e-07,9.99999e-01
4.715633337e-01,1.70550e-07,9.99999e-01,9.99999e-01,9.99999e-01,1.70550e-07,9.99999e-01
4.739211504e-01,2.32027e-07,9.99999e-01,9.99999e-01,9.99999e-01,2.32027e-07,9.99999e-01
4.762907561e-01,3.13751e-07,9.99999e-01,9.99999e-01,9.99999e-01,3.13751e-07,9.99999e-01
4.786722099e-01,4.21739e-07,9.99999e-01,9.99999e-01,9.99999e-01,4.21739e-07,9.99999e-01
4.810655710e-01,5.63592e-07,9.99999e-01,9.99999e-01,9.99999e-01,5.63592e-07,9.99999e-01
4.834708988e-01,7.48857e-07,9.99999e-01,9.99999e-01,9.99999e-01,7.48857e-07,9.99999e-01
4.858882533e-01,9.89452e-07,9.99999e-01,9.99999e-01,9.99999e-01,9.89452e-07,9.99999e-01
4.883176946e-01,1.30017e-06,9.99999e-01,9.99999e-01,9.99999e-01,1.30017e-06,9.99999e-01
4.907592831e-01,1.69928e-06,9.99999e-01,9.99999e-01,9.99999e-01,1.69928e-06,9.99999e-01
4.932130795e-01,2.20918e-06,9.99999e-01,9.99999e-01,9.99999e-01,2.20918e-06,9.99999e-01
4.956791449e-01,2.85723e-06,9.99999e-01,9.99999e-01,9.99999e-01,2.85723e-06,9.99999e-01
4.981575406e-01,3.67667e-06,9.99999e-01,9.99999e-01,9.99999e-01,3.67667e-06,9.99999e-01
5.006483283e-01,4.70761e-06,9.99999e-01,9.99999e-01,9.99999e-01,4.70761e-06,9.99999e-01
5.031515699e-01,5.99827e-06,9.99999e-01,9.99999e-01,9.99999e-01,5.99827e-06,9.99999e-01
5.056673278e-01,7.60628e-06,9.99999e-01,9.99999e-01,9.99999e-01,7.60628e-06,9.99999e-01
5.081956644e-01,9.60024e-06,9.99999e-01,9.99999e-01,9.99999e-01,9.60024e-06,9.99999e-01
5.107366428e-01,1.20613e-05,9.99999e-01,9.99999e-01,9.99999e-01,1.20613e-05,9.99999e-01
5.132903260e-01,1.50851e-05,9.99999e-01,9.99999e-01,9.99999e-01,1.50851e-05,9.99999e-01
5.158567776e-01,1.87839e-05,9.99999e-01,9.99999e-01,9.99999e-01,1.87839e-05,9.99999e-01
5.184360615e-01,2.32884e-05,9.99999e-01,9.99999e-01,9.99999e-01,2.32884e-05,9.99999e-01
5.210282418e-01,2.87508e-05,9.99999e-01,9.99999e-01,9.99999e-01,2.87508e-05,9.99999e-01
5.236333830e-01,3.53470e-05,9.99999e-01,9.99999e-01,9.99999e-01,3.53470e-05,9.99999e-01
5.262515499e-01,4.32796e-05,9.99999e-01,9.99999e-01,9.99999e-01,4.32796e-05,9.99999e-01
5.288828077e-01,5.27810e-05,9.99999e-01,9.99999e-01,9.99999e-01,5.27810e-05,9.99999e-01
5.315272217e-01,6.41164e-05,9.99999e-01,9.99999e-01,9.99999e-01,6.41164e-05,9.99999e-01
5.341848578e-01,7.75876e-05,9.99999e-01,9.99999e-01,9.99999e-01,7.75876e-05,9.99999e-01
5.368557821e-01,9.35360e-05,9.99999e-01,9.99999e-01,9.99999e-01,9.35360e-05,9.99999e-01
5.395400610e-01,1.12347e-04,9.99999e-01,9.99999e-01,9.99999e-01,1.12347e-04,9.99999e-01
5.422377613e-01,1.34454e-04,9.99999e-01,9.99999e-01,9.99999e-01,1.34454e-04,9.99999e-01
5.449489501e-01,1.60341e-04,9.99999e-01,9.99999e-01,9.99999e-01,1.60341e-04,9.99999e-01
5.476736949e-01,1.90548e-04,9.99999e-01,9.99999e-01,9.99999e-01,1.90548e-04,9.99999e-01
5.504120634e-01,2.25675e-04,9.99999e-01,9.99999e-01,9.99999e-01,2.25675e-04,9.99999e-01
5.531641237e-01,2.66385e-04,9.99999e-01,9.99999e-01,9.99999e-01,2.66385e-04,9.99999e-01
5.559299443e-01,3.13412e-04,9.99999e-01,9.99999e-01,9.99999e-01,3.13412e-04,9.99999e-01
5.587095940e-01,3.67558e-04,9.99999e-01,9.99999e-01,9.99999e-01,3.67558e-04,9.99999e-01
5.615031420e-01,4.29704e-04,9.99999e-01,9.99999e-01,9.99999e-01,4.29704e-04,9.99999e-01
5.643106577e-01,5.00809e-04,9.99999e-01,9.99999e-01,9.99999e-01,5.00809e-04,9.99999e-01
5.671322110e-01,5.81918e-04,9.99999e-01,9.99999e-01,9.99999e-01,5.81918e-04,9.99999e-01
5.699678720e-01,6.74161e-04,9.99999e-01,9.99999e-01,9.99999e-01,6.74161e-04,9.99999e-01
5.728177114e-01,7.78760e-04,9.99999e-01,9.99999e-01,9.99999e-01,7.78760e-04,9.99999e-01
5.756818000e-01,8.97028e-04,9.99999e-01,9.99999e-01,9.99999e-01,8.97028e-04,9.99999e-01
5.785602090e-01,1.03038e-03,9.99999e-01,9.99999e-01,9.99999e-01,1.03038e-03,9.99999e-01
5.814530100e-01,1.18031e-03,9.99999e-01,9.99999e-01,9.99999e-01,1.18031e-03,9.99999e-01
5.843602750e-01,1.34844e-03,9.99999e-01,9.99999e-01,9.99999e-01,1.34844e-03,9.99999e-01
5.872820764e-01,1.53647e-03,9.99999e-01,9.99999e-01,9.99999e-01,1.53647e-03,9.99999e-01
5.902184868e-01,1.74622e-03,9.99999e-01,9.99999e-01,9.99999e-01,1.74622e-03,9.99999e-01
5.931695792e-01,1.97958e-03,9.99999e-01,9.99999e-01,9.99999e-01,1.97958e-03,9.99999e-01
5.961354271e-01,2.23858e-03,9.99999e-01,9.99999e-01,9.99999e-01,2.23858e-03,9.99999e-01
5.991161043e-01,2.52532e-03,9.99999e-01,9.99999e-01,9.99999e-01,2.52532e-03,9.99999e-01
6.021116848e-01,2.84202e-03,9.99999e-01,9.99999e-01,9.99999e-01,2.84202e-03,9.99999e-01
6.051222432e-01,3.19099e-03,9.99999e-01,9.99999e-01,9.99999e-01,3.19099e-03,9.99999e-01
6.081478544e-01,3.57461e-03,9.99999e-01,9.99999e-01,9.99999e-01,3.57461e-03,9.99999e-01
6.111885937e-01,3.99538e-03,9.99999e-01,9.99999e-01,9.99999e-01,3.99538e-03,9.99999e-01
6.142445367e-01,4.45588e-03,9.99999e-01,9.99999e-01,9.99999e-01,4.45588e-03,9.99999e-01
6.173157594e-01,4.95876e-03,9.99999e-01,9.99999e-01,9.99999e-01,4.95876e-03,9.99999e-01
6.204023382e-01,5.50675e-03,9.99999e-01,9.99999e-01,9.99999e-01,5.50675e-03,9.99999e-01
6.235043498e-01,6.10264e-03,9.99999e-01,9.99999e-01,9.99999e-01,6.10264e-03,9.99999e-01
6.266218716e-01,6.74931e-03,9.99999e-01,9.99999e-01,9.99999e-01,6.74931e-03,9.99999e-01
6.297549810e-01,7.44967e-03,9.99999e-01,9.99999e-01,9.99999e-01,7.44967e-03,9.99999e-01
6.329037559e-01,8.20668e-03,9.99999e-01,9.99999e-01,9.99999e-01,8.20668e-03,9.99999e-01
6.360682746e-01,9.02335e-03,9.99999e-01,9.99999e-01,9.99999e-01,9.02335e-03,9.99999e-01
6.392486160e-01,9.90272e-03,9.99999e-01,9.99999e-01,9.99999e-01,9.90272e-03,9.99999e-01
6.424448591e-01,1.08478e-02,9.99999e-01,9.99999e-01,9.99999e-01,1.08478e-02,9.99999e-01
6.456570834e-01,1.18618e-02,9.99999e-01,9.99999e-01,9.99999e-01,1.18618e-02,9.99999e-01
6.488853688e-01,1.29476e-02,9.99999e-01,9.99999e-01,9.99999e-01,1.29476e-02,9.99999e-01
6.521297956e-01,1.41084e-02,9.99999e-01,9.99999e-01,9.99999e-01,1.41084e-02,9.99999e-01
6.553904446e-01,1.53473e-02,9.99999e-01,9.99999e-01,9.99999e-01,1.53473e-02,9.99999e-01
6.586673968e-01,1.66672e-02,9.99999e-01,9.99999e-01,9.99999e-01,1.66672e-02,9.99999e-01
6.619607338e-01,1.80711e-02,9.99999e-01,9.99999e-01,9.99999e-01,1.80711e-02,9.99999e-01
6.652705375e-01,1.95620e-02,9.99999e-01,9.99999e-01,9.99999e-01,1.95620e-02,9.99999e-01
6.685968902e-01,2.11428e-02,9.99999e-01,9.99999e-01,9.99999e-01,2.11428e-02,9.99999e-01
6.719398746e-01,2.28163e-02,9.99999e-01,9.99999e-01,9.99999e-01,2.28163e-02,9.99999e-01
6.752995740e-01,2.45852e-02,9.99999e-01,9.99999e-01,9.99999e-01,2.45852e-02,9.99999e-01
6.786760719e-01,2.64522e-02,9.99999e-01,9.99999e-01,9.99999e-01,2.64522e-02,9.99999e-01
6.820694522e-01,2.84198e-02,9.99999e-01,9.99999e-01,9.99999e-01,2.84198e-02,9.99999e-01
6.854797995e-01,3.04906e-02,9.99999e-01,9.99999e-01,9.99999e-01,3.04906e-02,9.99999e-01
6.889071985e-01,3.26669e-02,9.99999e-01,9.99999e-01,9.99999e-01,3.26669e-02,9.99999e-01
6.923517345e-01,3.49509e-02,9.99999e-01,9.99999e-01,9.99999e-01,3.49509e-02,9.99999e-01
6.958134932e-01,3.73446e-02,9.99999e-01,9.99999e-01,9.99999e-01,3.73446e-02,9.99999e-01
6.992925606e-01,3.98502e-02,9.99999e-01,9.99999e-01,9.99999e-01,3.98502e-02,9.99999e-01
7.027890234e-01,4.24693e-02,9.99999e-01,9.99999e-01,9.99999e-01,4.24693e-02,9.99999e-01
7.063029686e-01,4.52037e-02,9.99999e-01,9.99999e-01,9.99999e-01,4.52037e-02,9.99999e-01
7.098344834e-01,4.80549e-02,9.99999e-01,9.99999e-01,9.99999e-01,4.80549e-02,9.99999e-01
7.133836558e-01,5.10243e-02,9.99999e-01,9.99999e-01,9.99999e-01,5.10243e-02,9.99999e-01
7.169505741e-01,5.41130e-02,9.99999e-01,9.99999e-01,9.99999e-01,5.41130e-02,9.99999e-01
7.205353270e-01,5.73221e-02,9.99999e-01,9.99999e-01,9.99999e-01,5.73221e-02,9.99999e-01
7.241380036e-01,6.06524e-02,9.99999e-01,9.99999e-01,9.99999e-01,6.06524e-02,9.99999e-01
7.277586936e-01,6.41047e-02,9.99999e-01,9.99999e-01,9.99999e-01,6.41047e-02,9.99999e-01
7.313974871e-01,6.76794e-02,9.99999e-01,9.99999e-01,9.99999e-01,6.76794e-02,9.99999e-01
7.350544745e-01,7.13770e-02,9.99999e-01,9.99999e-01,9.99999e-01,7.13770e-02,9.99999e-01
7.387297469e-01,7.51974e-02,9.99999e-01,9.99999e-01,9.99999e-01,7.51974e-02,9.99999e-01
7.424233956e-01,7.91409e-02,9.99999e-01,9.99999e-01,9.99999e-01,7.91409e-02,9.99999e-01
7.461355126e-01,8.32071e-02,9.99999e-01,9.99999e-01,9.99999e-01,8.32071e-02,9.99999e-01
7.498661902e-01,8.73956e-02,9.99999e-01,9.99999e-01,9.99999e-01,8.73956e-02,9.99999e-01
7.536155211e-01,9.17060e-02,9.99999e-01,9.99999e-01,9.99999e-01,9.17060e-02,9.99999e-01
7.573835987e-01,9.61375e-02,9.99999e-01,9.99999e-01,9.99999e-01,9.61375e-02,9.99999e-01
7.611705167e-01,1.00689e-01,9.99999e-01,9.99999e-01,9.99999e-01,1.00689e-01,9.99999e-01
7.649763693e-01,1.05360e-01,9.99999e-01,9.99999e-01,9.99999e-01,1.05360e-01,9.99999e-01
7.688012511e-01,1.10149e-01,9.99999e-01,9.99999e-01,9.99999e-01,1.10149e-01,9.99999e-01
7.726452574e-01,1.15055e-01,9.99999e-01,9.99999e-01,9.99999e-01,1.15055e-01,9.99999e-01
7.765084837e-01,1.20075e-01,9.99999e-01,9.99999e-01,9.99999e-01,1.20075e-01,9.99999e-01
7.803910261e-01,1.14535e-01,9.99999e-01,9.99999e-01,9.14749e-01,1.25209e-01,9.99999e-01
7.842929812e-01,8.67827e-02,9.99999e-01,9.99999e-01,6.65229e-01,1.30455e-01,9.99999e-01
7.882144461e-01,8.79154e-02,9.99999e-01,9.99999e-01,6.47339e-01,1.35810e-01,9.99999e-01
7.921555184e-01,1.08277e-01,9.99999e-01,9.99999e-01,7.66439e-01,1.41273e-01,9.99999e-01
7.961162960e-01,1.22890e-01,9.99999e-01,9.99999e-01,8.36892e-01,1.46841e-01,9.99999e-01
8.000968774e-01,1.38429e-01,9.99999e-01,9.99999e-01,9.07654e-01,1.52512e-01,9.99999e-01
8.040973618e-01,1.50564e-01,9.99999e-01,9.99999e-01,9.51227e-01,1.58284e-01,9.99999e-01
8.081178486e-01,1.60406e-01,9.99999e-01,9.99999e-01,9.77171e-01,1.64153e-01,9.99999e-01
8.121584379e-01,1.68927e-01,9.99999e-01,9.99999e-01,9.92997e-01,1.70118e-01,9.99999e-01
8.162192301e-01,1.75902e-01,9.99999e-01,9.99999e-01,9.98447e-01,1.76175e-01,9.99999e-01
8.203003262e-01,1.82318e-01,9.99999e-01,9.99999e-01,9.99979e-01,1.82322e-01,9.99999e-01
8.244018279e-01,1.88556e-01,9.99999e-01,9.99999e-01,9.99999e-01,1.88556e-01,9.99999e-01
8.285238370e-01,1.94873e-01,9.99999e-01,9.99999e-01,9.99999e-01,1.94873e-01,9.99999e-01
8.326664562e-01,2.01271e-01,9.99999e-01,9.99999e-01,9.99999e-01,2.01271e-01,9.99999e-01
8.368297885e-01,2.07746e-01,9.99999e-01,9.99999e-01,9.99999e-01,2.07746e-01,9.99999e-01
8.410139374e-01,2.14296e-01,9.99999e-01,9.99999e-01,9.99999e-01,2.14296e-01,9.99999e-01
8.452190071e-01,2.20916e-01,9.99999e-01,9.99999e-01,9.99999e-01,2.20916e-01,9.99999e-01
8.494451021e-01,2.27604e-01,9.99999e-01,9.99999e-01,9.99999e-01,2.27604e-01,9.99999e-01
8.536923276e-01,2.34357e-01,9.99999e-01,9.99999e-01,9.99999e-01,2.34357e-01,9.99999e-01
8.579607893e-01,2.41171e-01,9.99999e-01,9.99999e-01,9.99999e-01,2.41171e-01,9.99999e-01
8.622505932e-01,2.48042e-01,9.99999e-01,9.99999e-01,9.99999e-01,2.48042e-01,9.99999e-01
8.665618462e-01,2.21208e-01,9.99999e-01,9.99999e-01,8.67594e-01,2.54967e-01,9.99999e-01
8.708946554e-01,9.51247e-02,9.99999e-01,9.99999e-01,3.63149e-01,2.61944e-01,9.99999e-01
8.752491287e-01,1.16528e-01,9.99999e-01,9.99999e-01,4.33243e-01,2.68967e-01,9.99999e-01
8.796253743e-01,1.72710e-01,9.99999e-01,9.99999e-01,6.25681e-01,2.76035e-01,9.99999e-01
8.840235012e-01,2.21157e-01,9.99999e-01,9.99999e-01,7.81076e-01,2.83144e-01,9.99999e-01
8.884436187e-01,2.63326e-01,9.99999e-01,9.99999e-01,9.07116e-01,2.90289e-01,9.99999e-01
8.928858368e-01,2.85907e-01,9.99999e-01,9.99999e-01,9.61132e-01,2.97469e-01,9.99999e-01
8.973502660e-01,3.01780e-01,9.99999e-01,9.99999e-01,9.90483e-01,3.04679e-01,9.99999e-01
9.018370173e-01,3.11589e-01,9.99999e-01,9.99999e-01,9.98952e-01,3.11916e-01,9.99999e-01
9.063462024e-01,3.10416e-01,9.99999e-01,9.99999e-01,9.72551e-01,3.19177e-01,9.99999e-01
9.108779334e-01,3.06617e-01,9.99999e-01,9.99999e-01,9.39221e-01,3.26459e-01,9.99999e-01
9.154323231e-01,3.28956e-01,9.99999e-01,9.99999e-01,9.85611e-01,3.33758e-01,9.99999e-01
9.200094847e-01,2.80596e-01,9.99999e-01,9.99999e-01,8.22689e-01,3.41071e-01,9.99999e-01
9.246095321e-01,2.56608e-01,9.99999e-01,9.99999e-01,7.36543e-01,3.48395e-01,9.99999e-01
9.292325798e-01,2.80089e-01,9.99999e-01,9.99999e-01,7.87369e-01,3.55727e-01,9.99999e-01
9.338787427e-01,2.88299e-01,9.99999e-01,9.99999e-01,7.94070e-01,3.63065e-01,9.99999e-01
9.385481364e-01,3.12271e-01,9.99999e-01,9.99999e-01,8.43054e-01,3.70404e-01,9.99999e-01
9.432408771e-01,3.40204e-01,9.99999e-01,9.99999e-01,9.00625e-01,3.77742e-01,9.99999e-01
9.479570815e-01,3.64877e-01,9.99999e-01,9.99999e-01,9.47543e-01,3.85076e-01,9.99999e-01
9.526968669e-01,3.82378e-01,9.99999e-01,9.99999e-01,9.74449e-01,3.92404e-01,9.99999e-01
9.574603512e-01,3.95325e-01,9.99999e-01,9.99999e-01,9.88999e-01,3.99722e-01,9.99999e-01
9.622476530e-01,4.05629e-01,9.99999e-01,9.99999e-01,9.96562e-01,4.07028e-01,9.99999e-01
9.670588912e-01,4.13893e-01,9.99999e-01,9.99999e-01,9.98971e-01,4.14319e-01,9.99999e-01
9.718941857e-01,4.21564e-01,9.99999e-01,9.99999e-01,9.99929e-01,4.21593e-01,9.99999e-01
9.767536566e-01,4.28847e-01,9.99999e-01,9.99999e-01,9.99999e-01,4.28847e-01,9.99999e-01
9.816374249e-01,4.36080e-01,9.99999e-01,9.99999e-01,9.99999e-01,4.36080e-01,9.99999e-01
9.865456120e-01,4.43287e-01,9.99999e-01,9.99999e-01,9.99999e-01,4.43287e-01,9.99999e-01
9.914783401e-01,4.50468e-01,9.99999e-01,9.99999e-01,9.99999e-01,4.50468e-01,9.99999e-01
9.964357318e-01,4.57620e-01,9.99999e-01,9.99999e-01,9.99999e-01,4.57620e-01,9.99999e-01
1.001417910e+00,4.64741e-01,9.99999e-01,9.99999e-01,9.99999e-01,4.64741e-01,9.99999e-01
1.006425000e+00,4.71829e-01,9.99999e-01,9.99999e-01,9.99999e-01,4.71829e-01,9.99999e-01
1.011457125e+00,4.78881e-01,9.99999e-01,9.99999e-01,9.99999e-01,4.78881e-01,9.99999e-01
1.016514411e+00,4.85897e-01,9.99999e-01,9.99999e-01,9.99999e-01,4.85897e-01,9.99999e-01
1.021596983e+00,4.92788e-01,9.99999e-01,9.99999e-01,9.99825e-01,4.92874e-01,9.99999e-01
1.026704968e+00,4.94324e-01,9.99999e-01,9.99999e-01,9.89024e-01,4.99810e-01,9.99999e-01
1.031838492e+00,4.58422e-01,9.99999e-01,9.99999e-01,9.04713e-01,5.06704e-01,9.99999e-01
1.036997685e+00,2.80698e-02,9.99999e-01,9.99999e-01,5.46579e-02,5.13554e-01,9.99999e-01
1.042182673e+00,2.71968e-03,9.99999e-01,9.99999e-01,5.22654e-03,5.20358e-01,9.99999e-01
1.047393587e+00,6.42129e-03,9.99999e-01,9.99999e-01,1.21819e-02,5.27116e-01,9.99999e-01
1.052630555e+00,1.45931e-06,9.99999e-01,9.99999e-01,2.73367e-06,5.33826e-01,9.99999e-01
1.057893707e+00,5.64297e-06,9.99999e-01,9.99999e-01,1.04405e-05,5.40485e-01,9.99999e-01
1.063183176e+00,1.09696e-04,9.99999e-01,9.99999e-01,2.00507e-04,5.47094e-01,9.99999e-01
1.068499092e+00,9.49671e-04,9.99999e-01,9.99999e-01,1.71529e-03,5.53651e-01,9.99999e-01
1.073841587e+00,9.43499e-03,9.99999e-01,9.99999e-01,1.68435e-02,5.60154e-01,9.99999e-01
1.079210795e+00,4.35024e-02,9.99999e-01,9.99999e-01,7.67774e-02,5.66604e-01,9.99999e-01
1.084606849e+00,1.34504e-01,9.99999e-01,9.99999e-01,2.34738e-01,5.72997e-01,9.99999e-01
1.090029883e+00,2.71076e-01,9.99999e-01,9.99999e-01,4.67909e-01,5.79335e-01,9.99999e-01
1.095480033e+00,4.02564e-01,9.99999e-01,9.99999e-01,6.87419e-01,5.85615e-01,9.99999e-01
1.100957433e+00,4.93580e-01,9.99999e-01,9.99999e-01,8.33978e-01,5.91838e-01,9.99999e-01
1.106462220e+00,5.54782e-01,9.99999e-01,9.99999e-01,9.27727e-01,5.98001e-01,9.99999e-01
1.111994531e+00,5.87520e-01,9.99999e-01,9.99999e-01,9.72544e-01,6.04106e-01,9.99999e-01
1.117554504e+00,6.06048e-01,9.99999e-01,9.99999e-01,9.93276e-01,6.10150e-01,9.99999e-01
1.123142276e+00,6.15863e-01,9.99999e-01,9.99999e-01,9.99561e-01,6.16133e-01,9.99999e-01
1.128757988e+00,6.22055e-01,9.99999e-01,9.99999e-01,9.99999e-01,6.22055e-01,9.99999e-01
1.134401778e+00,6.27916e-01,9.99999e-01,9.99999e-01,9.99999e-01,6.27916e-01,9.99999e-01
1.140073787e+00,6.33714e-01,9.99999e-01,9.99999e-01,9.99999e-01,6.33714e-01,9.99999e-01
1.145774156e+00,6.39450e-01,9.99999e-01,9.99999e-01,9.99999e-01,6.39450e-01,9.99999e-01
1.151503026e+00,6.45123e-01,9.99999e-01,9.99999e-01,9.99999e-01,6.45123e-01,9.99999e-01
1.157260541e+00,6.50732e-01,9.99999e-01,9.99999e-01,9.99999e-01,6.50732e-01,9.99999e-01
1.163046844e+00,6.56278e-01,9.99999e-01,9.99999e-01,9.99999e-01,6.56278e-01,9.99999e-01
1.168862078e+00,6.61761e-01,9.99999e-01,9.99999e-01,9.99999e-01,6.61761e-01,9.99999e-01
1.174706389e+00,6.67179e-01,9.99999e-01,9.99999e-01,9.99999e-01,6.67179e-01,9.99999e-01
1.180579921e+00,6.72534e-01,9.99999e-01,9.99999e-01,9.99999e-01,6.72534e-01,9.99999e-01
1.186482820e+00,6.77806e-01,9.99999e-01,9.99999e-01,9.99971e-01,6.77824e-01,9.99999e-01
1.192415234e+00,6.57250e-01,9.99999e-01,9.99999e-01,9.62226e-01,6.83051e-01,9.99999e-01
1.198377311e+00,3.57524e-01,9.99999e-01,9.99999e-01,5.19496e-01,6.88213e-01,9.99999e-01
1.204369197e+00,6.58214e-28,9.99999e-01,9.99999e-01,9.49377e-28,6.93311e-01,9.99999e-01
1.210391043e+00,1.73513e-112,9.99999e-01,9.99999e-01,2.48462e-112,6.98346e-01,9.99999e-01
1.216442998e+00,2.31376e-97,9.99999e-01,9.99999e-01,3.28979e-97,7.03316e-01,9.99999e-01
1.222525213e+00,6.64721e-96,9.99999e-01,9.99999e-01,9.38576e-96,7.08222e-01,9.99999e-01
1.228637839e+00,5.15995e-74,9.99999e-01,9.99999e-01,7.23629e-74,7.13065e-01,9.99999e-01
1.234781029e+00,4.09961e-46,9.99999e-01,9.99999e-01,5.71100e-46,7.17844e-01,9.99999e-01
1.240954934e+00,1.30330e-30,9.99999e-01,9.99999e-01,1.80372e-30,7.22560e-01,9.99999e-01
1.247159708e+00,7.46149e-15,9.99999e-01,9.99999e-01,1.02604e-14,7.27213e-01,9.99999e-01
1.253395507e+00,4.54732e-10,9.99999e-01,9.99999e-01,6.21385e-10,7.31803e-01,9.99999e-01
1.259662485e+00,4.55437e-06,9.99999e-01,9.99999e-01,6.18523e-06,7.36330e-01,9.99999e-01
1.265960797e+00,1.01036e-03,9.99999e-01,9.99999e-01,1.36388e-03,7.40795e-01,9.99999e-01
1.272290601e+00,3.42388e-02,9.99999e-01,9.99999e-01,4.59459e-02,7.45198e-01,9.99999e-01
1.278652054e+00,3.01599e-02,9.99999e-01,9.99999e-01,4.02379e-02,7.49540e-01,9.99999e-01
1.285045314e+00,4.42794e-05,9.99999e-01,9.99999e-01,5.87399e-05,7.53821e-01,9.99999e-01
1.291470541e+00,2.21694e-13,9.99999e-01,9.99999e-01,2.92456e-13,7.58040e-01,9.99999e-01
1.297927893e+00,5.35119e-05,9.99999e-01,9.99999e-01,7.02072e-05,7.62199e-01,9.99999e-01
1.304417533e+00,2.60525e-03,9.99999e-01,9.99999e-01,3.39978e-03,7.66299e-01,9.99999e-01
1.310939621e+00,4.68788e-04,9.99999e-01,9.99999e-01,6.08548e-04,7.70338e-01,9.99999e-01
1.317494319e+00,6.36597e-39,9.99999e-01,9.99999e-01,8.22137e-39,7.74319e-01,9.99999e-01
1.324081790e+00,5.42232e-18,9.99999e-01,9.99999e-01,6.96741e-18,7.78241e-01,9.99999e-01
1.330702199e+00,5.27486e-15,9.99999e-01,9.99999e-01,6.74444e-15,7.82104e-01,9.99999e-01
1.337355710e+00,1.22216e-13,9.99999e-01,9.99999e-01,1.55509e-13,7.85910e-01,9.99999e-01
1.344042489e+00,1.96878e-16,9.99999e-01,9.99999e-01,2.49320e-16,7.89659e-01,9.99999e-01
1.350762701e+00,2.75726e-15,9.99999e-01,9.99999e-01,3.47545e-15,7.93351e-01,9.99999e-01
1.357516515e+00,2.03767e-09,9.99999e-01,9.99999e-01,2.55671e-09,7.96987e-01,9.99999e-01
1.364304097e+00,6.35425e-07,9.99999e-01,9.99999e-01,7.93718e-07,8.00567e-01,9.99999e-01
1.371125618e+00,6.32497e-04,9.99999e-01,9.99999e-01,7.86596e-04,8.04092e-01,9.99999e-01
1.377981246e+00,1.68175e-03,9.99999e-01,9.99999e-01,2.08250e-03,8.07563e-01,9.99999e-01
1.384871152e+00,2.20481e-02,9.99999e-01,9.99999e-01,2.71870e-02,8.10979e-01,9.99999e-01
1.391795508e+00,2.96402e-02,9.99999e-01,9.99999e-01,3.63977e-02,8.14342e-01,9.99999e-01
1.398754485e+00,1.01240e-01,9.99999e-01,9.99999e-01,1.23818e-01,8.17653e-01,9.99999e-01
1.405748258e+00,1.79778e-01,9.99999e-01,9.99999e-01,2.18998e-01,8.20911e-01,9.99999e-01
1.412776999e+00,3.13726e-01,9.99999e-01,9.99999e-01,3.80682e-01,8.24117e-01,9.99999e-01
1.419840884e+00,2.87326e-01,9.99999e-01,9.99999e-01,3.47318e-01,8.27272e-01,9.99999e-01
1.426940089e+00,1.10462e-02,9.99999e-01,9.99999e-01,1.33026e-02,8.30376e-01,9.99999e-01
1.434074789e+00,0.00000e+00,9.99999e-01,9.99999e-01,0.00000e+00,8.33430e-01,9.99999e-01
1.441245163e+00,0.00000e+00,9.99999e-01,9.99999e-01,0.00000e+00,8.36435e-01,9.99999e-01
1.448451389e+00,0.00000e+00,9.99998e-01,9.99999e-01,0.00000e+00,8.39391e-01,9.99999e-01
1.455693646e+00,0.00000e+00,9.99999e-01,9.99999e-01,0.00000e+00,8.42299e-01,9.99999e-01
1.462972114e+00,0.00000e+00,9.99999e-01,9.99999e-01,0.00000e+00,8.45159e-01,9.99999e-01
1.470286975e+00,2.45180e-186,9.99999e-01,9.99999e-01,2.89136e-186,8.47972e-01,9.99999e-01
1.477638409e+00,6.10270e-117,9.99999e-01,9.99999e-01,7.17340e-117,8.50739e-01,9.99999e-01
1.485026601e+00,6.42054e-65,9.99999e-01,9.99999e-01,7.52295e-65,8.53460e-01,9.99999e-01
1.492451734e+00,2.82461e-55,9.99999e-01,9.99999e-01,3.29925e-55,8.56135e-01,9.99999e-01
1.499913993e+00,9.80091e-24,9.99999e-01,9.99999e-01,1.14128e-23,8.58766e-01,9.99999e-01
1.507413563e+00,1.70736e-22,9.99999e-01,9.99999e-01,1.98218e-22,8.61352e-01,9.99999e-01
1.514950631e+00,4.95582e-24,9.99999e-01,9.99999e-01,5.73659e-24,8.63895e-01,9.99999e-01
1.522525384e+00,5.41502e-83,9.99999e-01,9.99999e-01,6.25005e-83,8.66396e-01,9.99999e-01
1.530138011e+00,6.39416e-199,9.99999e-01,9.99999e-01,7.35930e-199,8.68853e-01,9.99999e-01
1.537788701e+00,5.17288e-147,9.99999e-01,9.99999e-01,5.93717e-147,8.71269e-01,9.99999e-01
1.545477645e+00,1.20010e-30,9.99999e-01,9.99999e-01,1.37367e-30,8.73644e-01,9.99999e-01
1.553205033e+00,2.17578e-22,9.99999e-01,9.99999e-01,2.48382e-22,8.75978e-01,9.99999e-01
1.560971058e+00,1.17133e-22,9.99999e-01,9.99999e-01,1.33367e-22,8.78272e-01,9.99999e-01
1.568775913e+00,0.00000e+00,9.99999e-01,9.99999e-01,0.00000e+00,8.80527e-01,9.99999e-01
1.576619793e+00,0.00000e+00,9.99999e-01,9.99999e-01,0.00000e+00,8.82743e-01,9.99999e-01
1.584502892e+00,0.00000e+00,9.99999e-01,9.99999e-01,0.00000e+00,8.84920e-01,9.99999e-01
1.592425406e+00,0.00000e+00,9.99999e-01,9.99999e-01,0.00000e+00,8.87060e-01,9.99999e-01
1.600387533e+00,0.00000e+00,9.99999e-01,9.99999e-01,0.00000e+00,8.89162e-01,9.99999e-01
1.608389471e+00,0.00000e+00,9.99999e-01,9.99999e-01,0.00000e+00,8.91228e-01,9.99999e-01
1.616431418e+00,0.00000e+00,9.99999e-01,9.99999e-01,0.00000e+00,8.93257e-01,9.99999e-01
1.624513575e+00,0.00000e+00,9.99999e-01,9.99999e-01,0.00000e+00,8.95251e-01,9.99999e-01
1.632636143e+00,0.00000e+00,9.99999e-01,9.99999e-01,0.00000e+00,8.97210e-01,9.99999e-01
1.640799324e+00,1.33235e-172,9.99999e-01,9.99999e-01,1.48181e-172,8.99134e-01,9.99999e-01
1.649003321e+00,1.33441e-172,9.99999e-01,9.99999e-01,1.48099e-172,9.01024e-01,9.99999e-01
1.657248337e+00,2.83526e-133,9.99999e-01,9.99999e-01,3.14023e-133,9.02881e-01,9.99999e-01
1.665534579e+00,3.60887e-134,9.99999e-01,9.99999e-01,3.98900e-134,9.04705e-01,9.99999e-01
1.673862252e+00,2.33206e-85,9.99999e-01,9.99999e-01,2.57261e-85,9.06496e-01,9.99999e-01
1.682231563e+00,6.06144e-59,9.99999e-01,9.99999e-01,6.67371e-59,9.08256e-01,9.99999e-01
1.690642721e+00,1.62532e-32,9.99999e-01,9.99999e-01,1.78609e-32,9.09984e-01,9.99999e-01
1.699095934e+00,1.13840e-20,9.99999e-01,9.99999e-01,1.24868e-20,9.11681e-01,9.99999e-01
1.707591414e+00,1.65022e-10,9.99999e-01,9.99999e-01,1.80678e-10,9.13347e-01,9.99999e-01
1.716129371e+00,1.81959e-06,9.99999e-01,9.99999e-01,1.98865e-06,9.14984e-01,9.99999e-01
1.724710018e+00,4.62515e-04,9.99999e-01,9.99999e-01,5.04603e-04,9.16591e-01,9.99999e-01
1.733333568e+00,5.55935e-03,9.99999e-01,9.99999e-01,6.05481e-03,9.18169e-01,9.99999e-01
1.742000236e+00,4.68012e-02,9.99999e-01,9.99999e-01,5.08864e-02,9.19719e-01,9.99999e-01
1.750710237e+00,1.29396e-04,9.99999e-01,9.99999e-01,1.40459e-04,9.21241e-01,9.99999e-01
1.759463788e+00,1.73608e-81,9.99999e-01,9.99999e-01,1.88145e-81,9.22735e-01,9.99999e-01
1.768261107e+00,2.70292e-85,9.99999e-01,9.99999e-01,2.92460e-85,9.24201e-01,9.99999e-01
1.777102413e+00,3.91352e-83,9.99999e-01,9.99999e-01,4.22789e-83,9.25641e-01,9.99999e-01
1.785987925e+00,8.92501e-78,9.99999e-01,9.99999e-01,9.62726e-78,9.27055e-01,9.99999e-01
1.794917864e+00,2.96112e-74,9.99999e-01,9.99999e-01,3.18934e-74,9.28443e-01,9.99999e-01
1.803892454e+00,2.45932e-71,9.99999e-01,9.99999e-01,2.64498e-71,9.29806e-01,9.99999e-01
1.812911916e+00,1.53601e-68,9.99999e-01,9.99999e-01,1.64959e-68,9.31143e-01,9.99999e-01
1.821976476e+00,1.33624e-68,9.99999e-01,9.99999e-01,1.43303e-68,9.32456e-01,9.99999e-01
1.831086358e+00,5.65921e-55,9.99999e-01,9.99999e-01,6.06075e-55,9.33745e-01,9.99999e-01
1.840241790e+00,8.75759e-47,9.99999e-01,9.99999e-01,9.36630e-47,9.35011e-01,9.99999e-01
1.849442999e+00,1.79972e-32,9.99999e-01,9.99999e-01,1.92225e-32,9.36252e-01,9.99999e-01
1.858690214e+00,1.44185e-30,9.99999e-01,9.99999e-01,1.53802e-30,9.37471e-01,9.99999e-01
1.867983665e+00,3.77456e-31,9.99999e-01,9.99999e-01,4.02119e-31,9.38668e-01,9.99999e-01
1.877323583e+00,2.92189e-156,9.99999e-01,9.99999e-01,3.10891e-156,9.39842e-01,9.99999e-01
1.886710201e+00,1.60353e-205,9.99999e-01,9.99999e-01,1.70408e-205,9.40994e-01,9.99999e-01
1.896143752e+00,7.92909e-235,9.99999e-01,9.99999e-01,8.41616e-235,9.42126e-01,9.99999e-01
1.905624471e+00,1.73427e-272,9.99999e-01,9.99999e-01,1.83864e-272,9.43236e-01,9.99999e-01
1.915152593e+00,4.73313e-211,9.99999e-01,9.99999e-01,5.01218e-211,9.44325e-01,9.99999e-01
1.924728356e+00,1.20564e-252,9.99999e-01,9.99999e-01,1.27528e-252,9.45394e-01,9.99999e-01
1.934351998e+00,0.00000e+00,9.99999e-01,9.99999e-01,0.00000e+00,9.46443e-01,9.99999e-01
1.944023758e+00,0.00000e+00,9.99999e-01,9.99999e-01,0.00000e+00,9.47473e-01,9.99999e-01
1.953743877e+00,0.00000e+00,9.99999e-01,9.99999e-01,0.00000e+00,9.48483e-01,9.99999e-01
1.963512596e+00,0.00000e+00,9.99999e-01,9.99999e-01,0.00000e+00,9.49475e-01,9.99999e-01
1.973330159e+00,0.00000e+00,9.99999e-01,9.99999e-01,0.00000e+00,9.50447e-01,9.99999e-01
1.983196810e+00,0.00000e+00,9.99999e-01,9.99999e-01,0.00000e+00,9.51402e-01,9.99999e-01
1.993112794e+00,0.00000e+00,9.99999e-01,9.99999e-01,0.00000e+00,9.52339e-01,9.99999e-01
2.003078358e+00,0.00000e+00,9.99999e-01,9.99999e-01,0.00000e+00,9.53258e-01,9.99976e-01
2.013093750e+00,0.00000e+00,9.99999e-01,9.99999e-01,0.00000e+00,9.54160e-01,9.99954e-01
2.023159218e+00,0.00000e+00,9.99999e-01,9.99999e-01,0.00000e+00,9.55044e-01,9.99928e-01
2.033275015e+00,0.00000e+00,9.99999e-01,9.99999e-01,0.00000e+00,9.55912e-01,9.99892e-01
2.043441390e+00,0.00000e+00,9.99999e-01,9.99999e-01,0.00000e+00,9.56764e-01,9.99821e-01
2.053658597e+00,0.00000e+00,9.99998e-01,9.99999e-01,0.00000e+00,9.57600e-01,9.99692e-01
2.063926890e+00,0.00000e+00,9.99996e-01,9.99999e-01,0.00000e+00,9.58420e-01,9.99465e-01
2.074246524e+00,0.00000e+00,9.99993e-01,9.99999e-01,0.00000e+00,9.59224e-01,9.99077e-01
2.084617757e+00,0.00000e+00,9.99990e-01,9.99999e-01,0.00000e+00,9.60013e-01,9.98465e-01
2.095040845e+00,0.00000e+00,9.99985e-01,9.99999e-01,0.00000e+00,9.60787e-01,9.97623e-01
2.105516050e+00,0.00000e+00,9.99982e-01,9.99999e-01,0.00000e+00,9.61547e-01,9.96633e-01
2.116043630e+00,0.00000e+00,9.99984e-01,9.99999e-01,0.00000e+00,9.62292e-01,9.95832e-01
2.126623848e+00,0.00000e+00,9.99986e-01,9.99999e-01,0.00000e+00,9.63022e-01,9.95288e-01
2.137256967e+00,0.00000e+00,9.99988e-01,9.99999e-01,0.00000e+00,9.63739e-01,9.94710e-01
2.147943252e+00,0.00000e+00,9.99994e-01,9.99999e-01,0.00000e+00,9.64443e-01,9.93618e-01
2.158682968e+00,0.00000e+00,9.99961e-01,9.99999e-01,0.00000e+00,9.65133e-01,9.92669e-01
2.169476383e+00,3.31031e-168,9.99986e-01,9.99999e-01,3.44633e-168,9.65809e-01,9.94534e-01
2.180323765e+00,1.66316e-104,9.99992e-01,9.99999e-01,1.72772e-104,9.66473e-01,9.96026e-01
2.191225384e+00,1.74171e-52,9.99991e-01,9.99999e-01,1.80690e-52,9.67125e-01,9.96693e-01
2.202181511e+00,9.95274e-34,9.99993e-01,9.99999e-01,1.03108e-33,9.67763e-01,9.97425e-01
2.213192418e+00,2.48273e-17,9.99994e-01,9.99999e-01,2.56837e-17,9.68390e-01,9.98211e-01
2.224258381e+00,2.24592e-11,9.99995e-01,9.99999e-01,2.32038e-11,9.69004e-01,9.98871e-01
2.235379672e+00,4.83275e-08,9.99996e-01,9.99999e-01,4.98750e-08,9.69607e-01,9.99346e-01
2.246556571e+00,1.20994e-05,9.99997e-01,9.99999e-01,1.24756e-05,9.70199e-01,9.99632e-01
2.257789354e+00,6.01807e-04,9.99998e-01,9.99999e-01,6.20047e-04,9.70778e-01,9.99798e-01
2.269078300e+00,1.17628e-03,9.99998e-01,9.99999e-01,1.21111e-03,9.71347e-01,9.99895e-01
2.280423692e+00,1.93523e-03,9.99999e-01,9.99999e-01,1.99129e-03,9.71905e-01,9.99938e-01
2.291825810e+00,1.42251e-02,9.99999e-01,9.99999e-01,1.46286e-02,9.72452e-01,9.99963e-01
2.303284939e+00,3.41488e-02,9.99999e-01,9.99999e-01,3.50974e-02,9.72989e-01,9.99979e-01
2.314801364e+00,4.97330e-02,9.99999e-01,9.99999e-01,5.10866e-02,9.73516e-01,9.99986e-01
2.326375371e+00,1.34552e-01,9.99999e-01,9.99999e-01,1.38139e-01,9.74032e-01,9.99999e-01
2.338007248e+00,1.11375e-01,9.99999e-01,9.99999e-01,1.14285e-01,9.74538e-01,9.99999e-01
2.349697284e+00,1.50899e-01,9.99999e-01,9.99999e-01,1.54763e-01,9.75035e-01,9.99999e-01
2.361445770e+00,2.15745e-01,9.99999e-01,9.99999e-01,2.21159e-01,9.75522e-01,9.99999e-01
2.373252999e+00,2.53380e-01,9.99999e-01,9.99999e-01,2.59611e-01,9.75999e-01,9.99999e-01
2.385119264e+00,5.43705e-01,9.99999e-01,9.99999e-01,5.56808e-01,9.76468e-01,9.99999e-01
2.397044861e+00,7.63248e-01,9.99999e-01,9.99999e-01,7.81273e-01,9.76927e-01,9.99999e-01
2.409030085e+00,6.38053e-01,9.99999e-01,9.99999e-01,6.52821e-01,9.77378e-01,9.99999e-01
2.421075235e+00,4.73205e-01,9.99999e-01,9.99999e-01,4.83939e-01,9.77820e-01,9.99999e-01
2.433180612e+00,2.93945e-02,9.99999e-01,9.99999e-01,3.00479e-02,9.78253e-01,9.99999e-01
2.445346515e+00,1.73551e-01,9.99999e-01,9.99999e-01,1.77332e-01,9.78678e-01,9.99999e-01
2.457573247e+00,7.40130e-04,9.99999e-01,9.99999e-01,7.55933e-04,9.79094e-01,9.99999e-01
2.469861113e+00,4.66787e-21,9.99999e-01,9.99999e-01,4.76555e-21,9.79503e-01,9.99999e-01
2.482210419e+00,1.93693e-98,9.99999e-01,9.99999e-01,1.97665e-98,9.79904e-01,9.99999e-01
2.494621471e+00,2.53944e-154,9.99999e-01,9.99999e-01,2.59047e-154,9.80297e-01,9.99999e-01
2.507094578e+00,3.17984e-150,9.99999e-01,9.99999e-01,3.24248e-150,9.80682e-01,9.99999e-01
2.519630051e+00,1.57626e-199,9.99999e-01,9.99999e-01,1.60669e-199,9.81060e-01,9.99999e-01
2.532228202e+00,9.31632e-270,9.99999e-01,9.99999e-01,9.49258e-270,9.81431e-01,9.99999e-01
2.544889343e+00,1.24195e-265,9.99999e-01,9.99999e-01,1.26498e-265,9.81794e-01,9.99999e-01
2.557613789e+00,0.00000e+00,9.99999e-01,9.99999e-01,0.00000e+00,9.82151e-01,9.99999e-01
2.570401858e+00,0.00000e+00,9.99999e-01,9.99999e-01,0.00000e+00,9.82500e-01,9.99999e-01
2.583253867e+00,0.00000e+00,9.99999e-01,9.99999e-01,0.00000e+00,9.82843e-01,9.99999e-01
2.596170137e+00,0.00000e+00,9.99999e-01,9.99999e-01,0.00000e+00,9.83179e-01,9.99999e-01
2.609150988e+00,0.00000e+00,9.99999e-01,9.99999e-01,0.00000e+00,9.83508e-01,9.99999e-01
2.622196742e+00,0.00000e+00,9.99999e-01,9.99999e-01,0.00000e+00,9.83831e-01,9.99999e-01
2.635307726e+00,0.00000e+00,9.99999e-01,9.99999e-01,0.00000e+00,9.84148e-01,9.99999e-01
2.648484265e+00,0.00000e+00,9.99999e-01,9.99999e-01,0.00000e+00,9.84459e-01,9.99999e-01
2.661726686e+00,0.00000e+00,9.99999e-01,9.99999e-01,0.00000e+00,9.84763e-01,9.99999e-01
2.675035320e+00,0.00000e+00,9.99999e-01,9.99999e-01,0.00000e+00,9.85062e-01,9.99999e-01
2.688410496e+00,0.00000e+00,9.99999e-01,9.99999e-01,0.00000e+00,9.85355e-01,9.99999e-01
2.701852549e+00,0.00000e+00,9.99999e-01,9.99999e-01,0.00000e+00,9.85642e-01,9.99999e-01
2.715361811e+00,0.00000e+00,9.99999e-01,9.99999e-01,0.00000e+00,9.85924e-01,9.99999e-01
2.728938620e+00,0.00000e+00,9.99999e-01,9.99999e-01,0.00000e+00,9.86200e-01,9.99999e-01
2.742583314e+00,0.00000e+00,9.99999e-01,9.99999e-01,0.00000e+00,9.86470e-01,9.99999e-01
2.756296230e+00,0.00000e+00,9.99999e-01,9.99999e-01,0.00000e+00,9.86736e-01,9.99999e-01
2.770077711e+00,0.00000e+00,9.99999e-01,9.99999e-01,0.00000e+00,9.86996e-01,9.99999e-01
2.783928100e+00,0.00000e+00,9.99999e-01,9.99999e-01,0.00000e+00,9.87251e-01,9.99999e-01
2.797847740e+00,0.00000e+00,9.99999e-01,9.99999e-01,0.00000e+00,9.87502e-01,9.99999e-01
2.811836979e+00,0.00000e+00,9.99999e-01,9.99999e-01,0.00000e+00,9.87747e-01,9.99999e-01
2.825896164e+00,0.00000e+00,9.99999e-01,9.99999e-01,0.00000e+00,9.87987e-01,9.99999e-01
2.840025645e+00,0.00000e+00,9.99999e-01,9.99999e-01,0.00000e+00,9.88223e-01,9.99999e-01
2.854225773e+00,0.00000e+00,9.99999e-01,9.99999e-01,0.00000e+00,9.88455e-01,9.99999e-01
2.868496902e+00,0.00000e+00,9.99999e-01,9.99999e-01,0.00000e+00,9.88681e-01,9.99999e-01
2.882839386e+00,0.00000e+00,9.99999e-01,9.99999e-01,0.00000e+00,9.88904e-01,9.99999e-01
2.897253583e+00,0.00000e+00,9.99999e-01,9.99999e-01,0.00000e+00,9.89122e-01,9.99999e-01
2.911739851e+00,0.00000e+00,9.99999e-01,9.99999e-01,0.00000e+00,9.89335e-01,9.99999e-01
2.926298550e+00,0.00000e+00,9.99999e-01,9.99999e-01,0.00000e+00,9.89545e-01,9.99999e-01
2.940930043e+00,0.00000e+00,9.99999e-01,9.99999e-01,0.00000e+00,9.89750e-01,9.99999e-01
2.955634693e+00,0.00000e+00,9.99999e-01,9.99999e-01,0.00000e+00,9.89952e-01,9.99999e-01
2.970412867e+00,0.00000e+00,9.99999e-01,9.99999e-01,0.00000e+00,9.90149e-01,9.99999e-01
2.985264931e+00,0.00000e+00,9.99999e-01,9.99999e-01,0.00000e+00,9.90343e-01,9.99999e-01
3.000191256e+00,0.00000e+00,9.99999e-01,9.99999e-01,0.00000e+00,9.90533e-01,9.99999e-01
3.015192212e+00,0.00000e+00,9.99999e-01,9.99999e-01,0.00000e+00,9.90719e-01,9.99999e-01
3.030268173e+00,0.00000e+00,9.99999e-01,9.99999e-01,0.00000e+00,9.90901e-01,9.99999e-01
3.045419514e+00,0.00000e+00,9.99999e-01,9.99999e-01,0.00000e+00,9.91080e-01,9.99999e-01
3.060646612e+00,2.11872e-180,9.99999e-01,9.99999e-01,2.13741e-180,9.91255e-01,9.99999e-01
3.075949845e+00,1.47331e-144,9.99999e-01,9.99999e-01,5.39228e-143,9.91427e-01,2.75588e-02
3.091329594e+00,2.41171e-139,9.99999e-01,9.99999e-01,1.62146e-135,9.91596e-01,1.49998e-04
3.106786242e+00,8.49686e-145,9.99999e-01,9.99999e-01,1.68026e-134,9.91761e-01,5.09886e-11
3.122320173e+00,4.09214e-121,9.99999e-01,9.99999e-01,4.39807e-93,9.91923e-01,9.38014e-29
3.137931774e+00,6.45836e-105,9.99999e-01,9.99999e-01,6.65493e-92,9.92082e-01,9.78206e-14
3.153621433e+00,6.13951e-98,9.99999e-01,9.99999e-01,1.75012e-94,9.92238e-01,3.53550e-04
3.169389540e+00,3.56363e-141,9.99999e-01,9.99999e-01,3.90154e-127,9.92391e-01,9.20392e-15
3.185236488e+00,6.52593e-125,9.99999e-01,9.99999e-01,6.32926e-102,9.92540e-01,1.03882e-23
3.201162670e+00,1.97518e-121,9.99999e-01,9.99999e-01,2.81270e-81,9.92687e-01,7.07407e-41
3.217168483e+00,2.63231e-136,9.99999e-01,9.99999e-01,1.71725e-78,9.92831e-01,1.54393e-58
3.233254326e+00,1.38707e-153,9.99999e-01,9.99999e-01,9.02724e-66,9.92972e-01,1.54741e-88
3.249420598e+00,8.89807e-182,9.99999e-01,9.99999e-01,3.37613e-37,9.93111e-01,2.65386e-145
3.265667701e+00,6.45639e-265,9.99999e-01,9.99999e-01,2.67127e-32,9.93246e-01,2.43340e-233
3.281996039e+00,0.00000e+00,9.99999e-01,9.99999e-01,7.73062e-24,9.93379e-01,0.00000e+00
3.298406019e+00,0.00000e+00,9.99999e-01,9.99999e-01,9.50261e-21,9.93509e-01,0.00000e+00
3.314898049e+00,0.00000e+00,9.99999e-01,9.99999e-01,2.75447e-20,9.93637e-01,0.00000e+00
3.331472540e+00,0.00000e+00,9.99999e-01,9.99999e-01,3.14796e-19,9.93762e-01,0.00000e+00
3.348129902e+00,0.00000e+00,9.99999e-01,9.99999e-01,3.80802e-15,9.93885e-01,0.00000e+00
3.364870552e+00,1.14175e-308,9.99999e-01,9.99999e-01,1.13314e-14,9.94006e-01,1.01367e-294
3.381694905e+00,5.53192e-193,9.99999e-01,9.99999e-01,3.21016e-12,9.94124e-01,1.73344e-181
3.398603379e+00,1.10082e-117,9.99999e-01,9.99999e-01,1.36000e-09,9.94239e-01,8.14115e-109
3.415596396e+00,6.63063e-72,9.99999e-01,9.99999e-01,3.65419e-09,9.94353e-01,1.82483e-63
3.432674378e+00,2.95238e-48,9.99999e-01,9.99999e-01,1.36546e-10,9.94464e-01,2.17422e-38
3.449837750e+00,1.36015e-30,9.99999e-01,9.99999e-01,9.47470e-14,9.94573e-01,1.44339e-17
3.467086939e+00,3.37802e-28,9.99999e-01,9.99999e-01,2.89928e-25,9.94680e-01,1.17135e-03
3.484422373e+00,1.71948e-34,9.99999e-01,9.99999e-01,5.26905e-34,9.94785e-01,3.28045e-01
3.501844485e+00,7.74050e-51,9.99999e-01,9.99999e-01,1.47355e-49,9.94888e-01,5.27996e-02
3.519353708e+00,9.95688e-60,9.99999e-01,9.99999e-01,1.00345e-59,9.94988e-01,9.97260e-01
3.536950476e+00,4.61173e-75,9.99999e-01,9.99999e-01,4.65881e-75,9.95087e-01,9.94780e-01
3.554635228e+00,6.54653e-73,9.99999e-01,9.99999e-01,6.65733e-73,9.95184e-01,9.88114e-01
3.572408405e+00,5.79354e-60,9.99999e-01,9.99999e-01,5.93827e-60,9.95279e-01,9.80254e-01
3.590270447e+00,4.25317e-56,9.99999e-01,9.99999e-01,4.32320e-56,9.95372e-01,9.88373e-01
3.608221799e+00,1.58624e-39,9.99999e-01,9.99999e-01,1.60438e-39,9.95463e-01,9.93194e-01
3.626262908e+00,3.48755e-22,9.99999e-01,9.99999e-01,3.51389e-22,9.95552e-01,9.96937e-01
3.644394222e+00,1.52152e-17,9.99999e-01,9.99999e-01,1.53336e-17,9.95640e-01,9.96625e-01
3.662616193e+00,2.32912e-08,9.99999e-01,9.99999e-01,2.35459e-08,9.95726e-01,9.93427e-01
3.680929274e+00,1.91901e-04,9.99999e-01,9.99999e-01,1.96238e-04,9.95810e-01,9.82011e-01
3.699333921e+00,1.14162e-02,9.99999e-01,9.99999e-01,1.18780e-02,9.95893e-01,9.65082e-01
3.717830590e+00,4.50825e-03,9.99999e-01,9.99999e-01,4.83544e-03,9.95974e-01,9.36102e-01
3.736419743e+00,1.52126e-05,9.99998e-01,9.99999e-01,1.68777e-05,9.96053e-01,9.04914e-01
3.755101842e+00,4.47821e-19,9.99997e-01,9.99999e-01,4.93052e-19,9.96131e-01,9.11789e-01
3.773877351e+00,8.23724e-45,9.99996e-01,9.99999e-01,8.81639e-45,9.96207e-01,9.37866e-01
3.792746738e+00,4.57200e-115,9.99994e-01,9.99999e-01,4.79514e-115,9.96282e-01,9.57025e-01
3.811710472e+00,1.36344e-74,9.99988e-01,9.99999e-01,1.42681e-74,9.96355e-01,9.59084e-01
3.830769024e+00,1.69645e-74,9.99983e-01,9.99999e-01,1.78280e-74,9.96427e-01,9.54984e-01
3.849922869e+00,6.03381e-103,9.99969e-01,9.99999e-01,6.40091e-103,9.96497e-01,9.45971e-01
3.869172484e+00,1.78229e-63,9.99957e-01,9.99999e-01,1.92965e-63,9.96566e-01,9.26831e-01
3.888518346e+00,1.37290e-26,9.99924e-01,9.99999e-01,1.53002e-26,9.96634e-01,9.00361e-01
3.907960938e+00,4.72420e-21,9.99908e-01,9.99999e-01,5.46655e-21,9.96700e-01,8.67103e-01
3.927500742e+00,2.01734e-21,9.99841e-01,9.99999e-01,2.42737e-21,9.96765e-01,8.33831e-01
3.947138246e+00,2.61821e-31,9.99777e-01,9.99999e-01,3.24277e-31,9.96829e-01,8.10034e-01
3.966873937e+00,6.44282e-48,9.99746e-01,9.99999e-01,8.32645e-48,9.96892e-01,7.76268e-01
3.986708307e+00,3.68360e-75,9.99590e-01,9.99999e-01,5.09348e-75,9.96953e-01,7.25514e-01
4.006641849e+00,6.93942e-138,9.99458e-01,9.99999e-01,1.04660e-137,9.97013e-01,6.65137e-01
4.026675058e+00,0.00000e+00,9.99550e-01,9.99999e-01,0.00000e+00,9.97072e-01,6.01491e-01
4.046808433e+00,0.00000e+00,9.99531e-01,9.99999e-01,0.00000e+00,9.97130e-01,5.39536e-01
4.067042475e+00,0.00000e+00,9.99340e-01,9.99999e-01,0.00000e+00,9.97186e-01,4.83405e-01
4.087377688e+00,0.00000e+00,9.99222e-01,9.99999e-01,0.00000e+00,9.97242e-01,4.36412e-01
4.107814576e+00,0.00000e+00,9.99090e-01,9.99999e-01,0.00000e+00,9.97296e-01,4.01448e-01
4.128353649e+00,0.00000e+00,9.99081e-01,9.99999e-01,0.00000e+00,9.97350e-01,3.79875e-01
4.148995417e+00,0.00000e+00,9.99358e-01,9.99999e-01,0.00000e+00,9.97402e-01,3.70303e-01
4.169740394e+00,0.00000e+00,9.99412e-01,9.99999e-01,0.00000e+00,9.97453e-01,3.72174e-01
4.190589096e+00,0.00000e+00,9.99456e-01,9.99999e-01,0.00000e+00,9.97503e-01,3.81220e-01
4.211542042e+00,0.00000e+00,9.99496e-01,9.99999e-01,0.00000e+00,9.97552e-01,3.83486e-01
4.232599752e+00,0.00000e+00,9.99690e-01,9.99999e-01,0.00000e+00,9.97601e-01,3.68681e-01
4.253762751e+00,0.00000e+00,9.99785e-01,9.99999e-01,0.00000e+00,9.97648e-01,3.26037e-01
4.275031564e+00,0.00000e+00,9.99639e-01,9.99999e-01,0.00000e+00,9.97694e-01,2.59540e-01
4.296406722e+00,0.00000e+00,9.96563e-01,9.99999e-01,0.00000e+00,9.97740e-01,2.41688e-01
4.317888756e+00,0.00000e+00,9.99332e-01,9.99999e-01,0.00000e+00,9.97784e-01,2.95161e-01
4.339478200e+00,0.00000e+00,9.99600e-01,9.99999e-01,0.00000e+00,9.97828e-01,3.85066e-01
4.361175591e+00,0.00000e+00,9.99673e-01,9.99999e-01,0.00000e+00,9.97871e-01,4.49687e-01
4.382981469e+00,0.00000e+00,9.99659e-01,9.99999e-01,0.00000e+00,9.97913e-01,4.86026e-01
4.404896376e+00,0.00000e+00,9.99521e-01,9.99999e-01,0.00000e+00,9.97954e-01,5.08134e-01
4.426920858e+00,0.00000e+00,9.99514e-01,9.99999e-01,0.00000e+00,9.97995e-01,5.27825e-01
4.449055462e+00,0.00000e+00,9.99665e-01,9.99999e-01,0.00000e+00,9.98034e-01,5.50731e-01
4.471300739e+00,0.00000e+00,9.99647e-01,9.99999e-01,0.00000e+00,9.98073e-01,5.79664e-01
4.493657243e+00,0.00000e+00,9.99692e-01,9.99999e-01,0.00000e+00,9.98111e-01,6.14816e-01
4.516125529e+00,0.00000e+00,9.99712e-01,9.99999e-01,0.00000e+00,9.98148e-01,6.54050e-01
4.538706157e+00,0.00000e+00,9.99658e-01,9.99999e-01,0.00000e+00,9.98185e-01,6.96684e-01
4.561399688e+00,0.00000e+00,9.99758e-01,9.99999e-01,0.00000e+00,9.98220e-01,7.39904e-01
4.584206686e+00,0.00000e+00,9.99811e-01,9.99999e-01,0.00000e+00,9.98256e-01,7.81476e-01
4.607127720e+00,0.00000e+00,9.99813e-01,9.99999e-01,0.00000e+00,9.98290e-01,8.20164e-01
4.630163358e+00,0.00000e+00,9.99881e-01,9.99999e-01,0.00000e+00,9.98324e-01,8.54947e-01
4.653314175e+00,0.00000e+00,9.99889e-01,9.99999e-01,0.00000e+00,9.98357e-01,8.84147e-01
4.676580746e+00,0.00000e+00,9.99893e-01,9.99999e-01,0.00000e+00,9.98389e-01,9.08354e-01
4.699963650e+00,0.00000e+00,9.99942e-01,9.99999e-01,0.00000e+00,9.98421e-01,9.28222e-01
4.723463468e+00,0.00000e+00,9.99930e-01,9.99999e-01,0.00000e+00,9.98452e-01,9.44103e-01
4.747080785e+00,0.00000e+00,9.99963e-01,9.99999e-01,0.00000e+00,9.98483e-01,9.56346e-01
4.770816189e+00,0.00000e+00,9.99966e-01,9.99999e-01,0.00000e+00,9.98513e-01,9.66089e-01
4.794670270e+00,0.00000e+00,9.99965e-01,9.99999e-01,0.00000e+00,9.98542e-01,9.73759e-01
4.818643622e+00,0.00000e+00,9.99983e-01,9.99999e-01,0.00000e+00,9.98571e-01,9.79886e-01
4.842736840e+00,0.00000e+00,9.99984e-01,9.99999e-01,0.00000e+00,9.98599e-01,9.84500e-01
4.866950524e+00,0.00000e+00,9.99990e-01,9.99999e-01,0.00000e+00,9.98626e-01,9.87923e-01
4.891285276e+00,0.00000e+00,9.99992e-01,9.99999e-01,0.00000e+00,9.98654e-01,9.90744e-01
4.915741703e+00,0.00000e+00,9.99994e-01,9.99999e-01,0.00000e+00,9.98680e-01,9.92911e-01
4.940320411e+00,0.00000e+00,9.99995e-01,9.99999e-01,0.00000e+00,9.98706e-01,9.94525e-01
4.965022013e+00,0.00000e+00,9.99996e-01,9.99999e-01,0.00000e+00,9.98732e-01,9.95796e-01
4.989847123e+00,0.00000e+00,9.99997e-01,9.99999e-01,0.00000e+00,9.98757e-01,9.96867e-01
5.014796359e+00,0.00000e+00,9.99997e-01,9.99999e-01,0.00000e+00,9.98781e-01,9.97771e-01
5.039870341e+00,0.00000e+00,9.99998e-01,9.99999e-01,0.00000e+00,9.98805e-01,9.98439e-01
5.065069693e+00,0.00000e+00,9.99998e-01,9.99999e-01,0.00000e+00,9.98829e-01,9.98969e-01
5.090395041e+00,0.00000e+00,9.99999e-01,9.99999e-01,0.00000e+00,9.98852e-01,9.99426e-01
5.115847016e+00,0.00000e+00,9.99999e-01,9.99999e-01,0.00000e+00,9.98875e-01,9.99660e-01
5.141426251e+00,0.00000e+00,9.99998e-01,9.99999e-01,0.00000e+00,9.98897e-01,9.99648e-01
5.167133383e+00,0.00000e+00,9.99999e-01,9.99999e-01,0.00000e+00,9.98919e-01,9.99871e-01
5.192969049e+00,0.00000e+00,9.99999e-01,9.99999e-01,0.00000e+00,9.98940e-01,9.99888e-01
5.218933895e+00,0.00000e+00,9.99999e-01,9.99999e-01,0.00000e+00,9.98961e-01,9.99741e-01
5.245028564e+00,0.00000e+00,9.99999e-01,9.99999e-01,0.00000e+00,9.98981e-01,9.99770e-01
5.271253707e+00,0.00000e+00,9.99999e-01,9.99999e-01,0.00000e+00,9.99001e-01,9.99827e-01
5.297609976e+00,0.00000e+00,9.99999e-01,9.99999e-01,0.00000e+00,9.99021e-01,9.99818e-01
5.324098025e+00,0.00000e+00,9.99999e-01,9.99999e-01,0.00000e+00,9.99040e-01,9.99903e-01
5.350718516e+00,0.00000e+00,9.99999e-01,9.99999e-01,0.00000e+00,9.99059e-01,9.98837e-01
5.377472108e+00,0.00000e+00,9.99999e-01,9.99999e-01,0.00000e+00,9.99078e-01,9.99002e-01
5.404359469e+00,0.00000e+00,9.99999e-01,9.99999e-01,0.00000e+00,9.99096e-01,9.99999e-01
5.431381266e+00,0.00000e+00,9.99999e-01,9.99999e-01,0.00000e+00,9.99114e-01,9.99999e-01
5.458538172e+00,0.00000e+00,9.99999e-01,9.99999e-01,0.00000e+00,9.99131e-01,9.99999e-01
5.485830863e+00,0.00000e+00,9.99999e-01,9.99999e-01,0.00000e+00,9.99148e-01,9.99999e-01
5.513260018e+00,0.00000e+00,9.99999e-01,9.99999e-01,0.00000e+00,9.99165e-01,9.99999e-01
5.540826318e+00,6.58303e-248,9.99999e-01,9.99999e-01,6.58841e-248,9.99182e-01,9.99999e-01
5.568530449e+00,3.60204e-187,9.99999e-01,9.99999e-01,3.80506e-187,9.99198e-01,9.47403e-01
5.596373101e+00,5.22907e-138,9.99999e-01,9.99999e-01,5.67126e-138,9.99214e-01,9.22754e-01
5.624354967e+00,7.51945e-122,9.99999e-01,9.99999e-01,8.38351e-122,9.99229e-01,8.97624e-01
5.652476742e+00,3.72150e-103,9.99999e-01,9.99999e-01,4.30584e-103,9.99244e-01,8.64945e-01
5.680739126e+00,6.30600e-93,9.99999e-01,9.99999e-01,7.64336e-93,9.99259e-01,8.25640e-01
5.709142821e+00,1.92806e-88,9.99999e-01,9.99999e-01,2.48591e-88,9.99274e-01,7.76156e-01
5.737688535e+00,4.59364e-91,9.99999e-01,9.99999e-01,6.46107e-91,9.99288e-01,7.11477e-01
5.766376978e+00,1.65707e-79,9.99999e-01,9.99999e-01,2.59922e-79,9.99302e-01,6.37970e-01
5.795208863e+00,7.39710e-58,9.99999e-01,9.99999e-01,1.34141e-57,9.99316e-01,5.51821e-01
5.824184907e+00,3.47535e-42,9.99999e-01,9.99999e-01,7.72898e-42,9.99329e-01,4.49953e-01
5.853305832e+00,7.66101e-43,9.99999e-01,9.99999e-01,2.20093e-42,9.99343e-01,3.48309e-01
5.882572361e+00,7.70789e-50,9.99999e-01,9.99999e-01,3.11165e-49,9.99356e-01,2.47870e-01
5.911985223e+00,1.58491e-43,9.99999e-01,9.99999e-01,1.00049e-42,9.99368e-01,1.58514e-01
5.941545149e+00,3.91790e-23,9.99999e-01,9.99999e-01,4.29835e-22,9.99381e-01,9.12052e-02
5.971252874e+00,3.62696e-15,9.99999e-01,9.99999e-01,8.61389e-14,9.99393e-01,4.21314e-02
6.001109139e+00,3.69305e-13,9.99999e-01,9.99999e-01,2.42032e-11,9.99405e-01,1.52676e-02
6.031114685e+00,9.73277e-15,9.99999e-01,9.99999e-01,2.23630e-12,9.99417e-01,4.35471e-03
6.061270258e+00,2.99973e-19,9.99999e-01,9.99999e-01,3.98242e-16,9.99428e-01,7.53673e-04
6.091576609e+00,3.06559e-27,9.99999e-01,9.99999e-01,4.08135e-23,9.99439e-01,7.51541e-05
6.122034492e+00,3.86553e-35,9.99999e-01,9.99999e-01,8.87406e-30,9.99451e-01,4.35837e-06
6.152644665e+00,4.57815e-48,9.99999e-01,9.99999e-01,4.25722e-41,9.99461e-01,1.07596e-07
6.183407888e+00,1.57085e-56,9.99999e-01,9.99999e-01,1.79041e-47,9.99472e-01,8.77829e-10
6.214324928e+00,1.02764e-62,9.99999e-01,9.99999e-01,6.00810e-51,9.99482e-01,1.71131e-12
6.245396552e+00,1.25753e-53,9.99999e-01,9.99999e-01,2.39031e-38,9.99493e-01,5.26364e-16
6.276623535e+00,2.94619e-55,9.99999e-01,9.99999e-01,1.93475e-35,9.99503e-01,1.52353e-20
6.308006653e+00,3.17048e-62,9.99999e-01,9.99999e-01,1.44551e-36,9.99512e-01,2.19440e-26
6.339546686e+00,2.05360e-82,9.99999e-01,9.99999e-01,2.73334e-49,9.99522e-01,7.51671e-34
6.371244419e+00,1.40192e-98,9.99999e-01,9.99999e-01,5.21029e-56,9.99531e-01,2.69192e-43
6.403100641e+00,3.22950e-94,9.99999e-01,9.99999e-01,1.05374e-40,9.99541e-01,3.06618e-54
6.435116145e+00,2.41803e-85,9.99999e-01,9.99999e-01,1.92783e-18,9.99550e-01,1.25483e-67
6.467291725e+00,5.63759e-101,9.99999e-01,9.99999e-01,1.11034e-09,9.99559e-01,5.07957e-92
6.499628184e+00,2.16428e-122,9.99999e-01,9.99999e-01,8.44311e-05,9.99567e-01,2.56447e-118
6.532126325e+00,4.16954e-149,9.99999e-01,9.99999e-01,2.96962e-03,9.99576e-01,1.40466e-146
6.564786956e+00,6.65906e-187,9.99999e-01,9.99999e-01,1.52969e-02,9.99584e-01,4.35500e-185
6.597610891e+00,1.21743e-227,9.99999e-01,9.99999e-01,3.16068e-02,9.99592e-01,3.85336e-226
6.630598946e+00,1.55477e-285,9.99999e-01,9.99999e-01,4.89408e-02,9.99600e-01,3.17810e-284
6.663751940e+00,0.00000e+00,9.99999e-01,9.99999e-01,4.86781e-02,9.99608e-01,0.00000e+00
6.697070700e+00,0.00000e+00,9.99999e-01,9.99999e-01,2.16685e-02,9.99616e-01,0.00000e+00
6.730556054e+00,0.00000e+00,9.99999e-01,9.99999e-01,4.88061e-03,9.99624e-01,0.00000e+00
6.764208834e+00,0.00000e+00,9.99999e-01,9.99999e-01,3.53290e-04,9.99631e-01,0.00000e+00
6.798029878e+00,0.00000e+00,9.99999e-01,9.99999e-01,6.84725e-06,9.99638e-01,0.00000e+00
6.832020027e+00,0.00000e+00,9.99999e-01,9.99999e-01,2.36787e-08,9.99645e-01,0.00000e+00
6.866180128e+00,0.00000e+00,9.99999e-01,9.99999e-01,1.01661e-12,9.99652e-01,0.00000e+00
6.900511028e+00,0.00000e+00,9.99999e-01,9.99999e-01,6.58084e-18,9.99659e-01,0.00000e+00
6.935013583e+00,0.00000e+00,9.99999e-01,9.99999e-01,3.64531e-30,9.99666e-01,0.00000e+00
6.969688651e+00,0.00000e+00,9.99999e-01,9.99999e-01,8.24420e-43,9.99672e-01,0.00000e+00
7.004537095e+00,0.00000e+00,9.99999e-01,9.99999e-01,3.94532e-68,9.99679e-01,0.00000e+00
7.039559780e+00,0.00000e+00,9.99999e-01,9.99999e-01,4.79848e-88,9.99685e-01,0.00000e+00
7.074757579e+00,0.00000e+00,9.99999e-01,9.99999e-01,1.88134e-121,9.99691e-01,0.00000e+00
7.110131367e+00,0.00000e+00,9.99999e-01,9.99999e-01,1.53363e-141,9.99698e-01,0.00000e+00
7.145682024e+00,0.00000e+00,9.99999e-01,9.99999e-01,2.50748e-169,9.99703e-01,0.00000e+00
7.181410434e+00,0.00000e+00,9.99999e-01,9.99999e-01,8.82840e-185,9.99709e-01,0.00000e+00
7.217317486e+00,0.00000e+00,9.99999e-01,9.99999e-01,3.87337e-194,9.99715e-01,0.00000e+00
7.253404073e+00,0.00000e+00,9.99999e-01,9.99999e-01,1.66238e-191,9.99721e-01,0.00000e+00
7.289671094e+00,0.00000e+00,9.99999e-01,9.99999e-01,1.06330e-151,9.99726e-01,0.00000e+00
7.326119449e+00,0.00000e+00,9.99999e-01,9.99999e-01,2.49446e-143,9.99732e-01,0.00000e+00
7.362750046e+00,0.00000e+00,9.99999e-01,9.99999e-01,8.94918e-156,9.99737e-01,0.00000e+00
7.399563797e+00,0.00000e+00,9.99999e-01,9.99999e-01,1.41088e-154,9.99742e-01,0.00000e+00
7.436561616e+00,0.00000e+00,9.99999e-01,9.99999e-01,1.22646e-128,9.99747e-01,0.00000e+00
7.473744424e+00,0.00000e+00,9.99999e-01,9.99999e-01,1.99383e-84,9.99752e-01,0.00000e+00
7.511113146e+00,0.00000e+00,9.99999e-01,9.99999e-01,4.04833e-59,9.99757e-01,0.00000e+00
7.548668712e+00,0.00000e+00,9.99999e-01,9.99999e-01,8.31586e-36,9.99762e-01,0.00000e+00
7.586412055e+00,0.00000e+00,9.99999e-01,9.99999e-01,3.45303e-30,9.99766e-01,0.00000e+00
7.624344115e+00,0.00000e+00,9.99999e-01,9.99999e-01,1.14461e-29,9.99771e-01,0.00000e+00
7.662465836e+00,0.00000e+00,9.99999e-01,9.99999e-01,9.28806e-34,9.99775e-01,0.00000e+00
7.700778165e+00,0.00000e+00,9.99999e-01,9.99999e-01,3.37044e-45,9.99780e-01,0.00000e+00
7.739282056e+00,0.00000e+00,9.99999e-01,9.99999e-01,3.78233e-75,9.99784e-01,0.00000e+00
7.777978466e+00,0.00000e+00,9.99999e-01,9.99999e-01,9.73448e-101,9.99788e-01,0.00000e+00
7.816868359e+00,0.00000e+00,9.99999e-01,9.99999e-01,2.53543e-136,9.99793e-01,0.00000e+00
7.855952700e+00,0.00000e+00,9.99999e-01,9.99999e-01,1.99176e-139,9.99797e-01,0.00000e+00
7.895232464e+00,0.00000e+00,9.99999e-01,9.99999e-01,4.09006e-117,9.99801e-01,0.00000e+00
7.934708626e+00,0.00000e+00,9.99999e-01,9.99999e-01,3.46306e-108,9.99805e-01,0.00000e+00
7.974382169e+00,0.00000e+00,9.99999e-01,9.99999e-01,1.06497e-118,9.99808e-01,0.00000e+00
8.014254080e+00,0.00000e+00,9.99999e-01,9.99999e-01,1.73856e-143,9.99812e-01,0.00000e+00
8.054325351e+00,0.00000e+00,9.99999e-01,9.99999e-01,5.16713e-147,9.99816e-01,0.00000e+00
8.094596977e+00,0.00000e+00,9.99999e-01,9.99999e-01,1.69314e-140,9.99820e-01,0.00000e+00
8.135069962e+00,0.00000e+00,9.99999e-01,9.99999e-01,3.90193e-127,9.99823e-01,0.00000e+00
8.175745312e+00,0.00000e+00,9.99999e-01,9.99999e-01,3.84671e-105,9.99827e-01,0.00000e+00
8.216624039e+00,0.00000e+00,9.99999e-01,9.99999e-01,7.21903e-91,9.99830e-01,0.00000e+00
8.257707159e+00,0.00000e+00,9.99999e-01,9.99999e-01,9.06237e-72,9.99833e-01,0.00000e+00
8.298995695e+00,0.00000e+00,9.99999e-01,9.99999e-01,3.60653e-65,9.99837e-01,5.08122e-291
8.340490673e+00,1.25868e-279,9.99999e-01,9.99999e-01,2.67498e-60,9.99840e-01,4.70614e-220
8.382193126e+00,2.39557e-221,9.99999e-01,9.99999e-01,6.22251e-56,9.99843e-01,3.85043e-166
8.424104092e+00,5.27360e-170,9.99999e-01,9.99999e-01,1.01986e-44,9.99846e-01,5.17169e-126
8.466224613e+00,4.63293e-130,9.99999e-01,9.99999e-01,6.29891e-35,9.99849e-01,7.35622e-96
8.508555736e+00,2.59895e-88,9.99999e-01,9.99999e-01,3.04593e-20,9.99852e-01,8.53380e-69
8.551098514e+00,2.41890e-64,9.99999e-01,9.99999e-01,7.35932e-15,9.99855e-01,3.28732e-50
8.593854007e+00,3.12519e-53,9.99999e-01,9.99999e-01,1.70061e-14,9.99858e-01,1.83794e-39
8.636823277e+00,4.09797e-47,9.99999e-01,9.99999e-01,6.92339e-17,9.99861e-01,5.91984e-31
8.680007393e+00,3.82152e-42,9.99999e-01,9.99999e-01,3.36680e-19,9.99863e-01,1.13521e-23
8.723407430e+00,4.52884e-38,9.99999e-01,9.99999e-01,1.00645e-20,9.99866e-01,4.50043e-18
8.767024467e+00,1.12101e-36,9.99999e-01,9.99999e-01,2.69903e-23,9.99869e-01,4.15390e-14
8.810859590e+00,5.52776e-88,9.99999e-01,9.99999e-01,1.16538e-77,9.99871e-01,4.74391e-11
8.854913888e+00,2.87908e-277,9.99999e-01,9.99999e-01,1.65417e-269,9.99874e-01,1.74072e-08
8.899188457e+00,0.00000e+00,9.99999e-01,9.99999e-01,0.00000e+00,9.99876e-01,1.09564e-06
8.943684399e+00,0.00000e+00,9.99999e-01,9.99999e-01,0.00000e+00,9.99879e-01,2.59789e-05
8.988402821e+00,0.00000e+00,9.99999e-01,9.99999e-01,0.00000e+00,9.99881e-01,3.03332e-04
9.033344836e+00,0.00000e+00,9.99999e-01,9.99999e-01,0.00000e+00,9.99883e-01,1.97424e-03
9.078511560e+00,0.00000e+00,9.99999e-01,9.99999e-01,0.00000e+00,9.99886e-01,8.42350e-03
9.123904118e+00,0.00000e+00,9.99999e-01,9.99999e-01,0.00000e+00,9.99888e-01,2.54626e-02
9.169523638e+00,0.00000e+00,9.99999e-01,9.99999e-01,0.00000e+00,9.99890e-01,5.99306e-02
9.215371256e+00,0.00000e+00,9.99999e-01,9.99999e-01,0.00000e+00,9.99892e-01,1.15014e-01
9.261448113e+00,0.00000e+00,9.99999e-01,9.99999e-01,0.00000e+00,9.99894e-01,1.90474e-01
9.307755353e+00,0.00000e+00,9.99999e-01,9.99999e-01,0.00000e+00,9.99896e-01,2.71508e-01
9.354294130e+00,0.00000e+00,9.99999e-01,9.99999e-01,0.00000e+00,9.99898e-01,3.67220e-01
9.401065601e+00,0.00000e+00,9.99999e-01,9.99999e-01,0.00000e+00,9.99900e-01,4.63872e-01
9.448070929e+00,0.00000e+00,9.99999e-01,9.99999e-01,0.00000e+00,9.99902e-01,5.46608e-01
9.495311283e+00,0.00000e+00,9.99999e-01,9.99999e-01,0.00000e+00,9.99904e-01,6.21926e-01
9.542787840e+00,0.00000e+00,9.99999e-01,9.99999e-01,0.00000e+00,9.99906e-01,6.94292e-01
9.590501779e+00,0.00000e+00,9.99999e-01,9.99999e-01,0.00000e+00,9.99908e-01,7.55981e-01
9.638454288e+00,0.00000e+00,9.99999e-01,9.99999e-01,0.00000e+00,9.99910e-01,8.02565e-01
9.686646559e+00,0.00000e+00,9.99999e-01,9.99999e-01,0.00000e+00,9.99911e-01,8.41209e-01
9.735079792e+00,0.00000e+00,9.99999e-01,9.99999e-01,0.00000e+00,9.99913e-01,8.72881e-01
9.783755191e+00,0.00000e+00,9.99999e-01,9.99999e-01,0.00000e+00,9.99915e-01,8.98615e-01
9.832673967e+00,0.00000e+00,9.99999e-01,9.99999e-01,0.00000e+00,9.99917e-01,9.21145e-01
9.881837337e+00,0.00000e+00,9.99999e-01,9.99999e-01,0.00000e+00,9.99918e-01,9.38957e-01
9.931246523e+00,0.00000e+00,9.99999e-01,9.99999e-01,0.00000e+00,9.99920e-01,9.51694e-01
9.980902756e+00,0.00000e+00,9.99999e-01,9.99999e-01,0.00000e+00,9.99921e-01,9.99999e-01
1.003080727e+01,0.00000e+00,9.99999e-01,9.99999e-01,0.00000e+00,9.99923e-01,9.99999e-01
1.008096131e+01,0.00000e+00,9.99999e-01,9.99999e-01,0.00000e+00,9.99924e-01,9.99999e-01
1.013136611e+01,0.00000e+00,9.99999e-01,9.99999e-01,0.00000e+00,9.99926e-01,9.99999e-01
1.018202294e+01,0.00000e+00,9.99999e-01,9.99999e-01,0.00000e+00,9.99927e-01,9.99999e-01
1.023293306e+01,0.00000e+00,9.99999e-01,9.99999e-01,0.00000e+00,9.99929e-01,9.99999e-01
1.028409772e+01,0.00000e+00,9.99999e-01,9.99999e-01,0.00000e+00,9.99930e-01,9.99999e-01
1.033551821e+01,0.00000e+00,9.99999e-01,9.99999e-01,0.00000e+00,9.99931e-01,9.99999e-01
1.038719580e+01,0.00000e+00,9.99999e-01,9.99999e-01,0.00000e+00,9.99933e-01,9.99999e-01
1.043913178e+01,0.00000e+00,9.99999e-01,9.99999e-01,0.00000e+00,9.99934e-01,9.99999e-01
1.049132744e+01,0.00000e+00,9.99999e-01,9.99999e-01,0.00000e+00,9.99935e-01,9.99999e-01
1.054378408e+01,0.00000e+00,9.99999e-01,9.99999e-01,0.00000e+00,9.99937e-01,9.99999e-01
1.059650300e+01,0.00000e+00,9.99999e-01,9.99999e-01,0.00000e+00,9.99938e-01,9.99999e-01
1.064948551e+01,0.00000e+00,9.99999e-01,9.99999e-01,0.00000e+00,9.99939e-01,9.99999e-01
1.070273294e+01,0.00000e+00,9.99999e-01,9.99999e-01,0.00000e+00,9.99940e-01,9.99999e-01
1.075624661e+01,0.00000e+00,9.99999e-01,9.99999e-01,0.00000e+00,9.99941e-01,9.99999e-01
1.081002784e+01,0.00000e+00,9.99999e-01,9.99999e-01,0.00000e+00,9.99943e-01,9.99999e-01
1.086407798e+01,0.00000e+00,9.99999e-01,9.99999e-01,0.00000e+00,9.99944e-01,9.99999e-01
1.091839837e+01,0.00000e+00,9.99999e-01,9.99999e-01,0.00000e+00,9.99945e-01,9.99999e-01
1.097299036e+01,0.00000e+00,9.99999e-01,9.99999e-01,0.00000e+00,9.99946e-01,9.99999e-01
1.102785531e+01,0.00000e+00,9.99999e-01,9.99999e-01,0.00000e+00,9.99947e-01,9.99999e-01
1.108299459e+01,0.00000e+00,9.99999e-01,9.99999e-01,0.00000e+00,9.99948e-01,9.99999e-01
1.113840956e+01,0.00000e+00,9.99999e-01,9.99999e-01,0.00000e+00,9.99949e-01,9.99999e-01
1.119410161e+01,0.00000e+00,9.99999e-01,9.99999e-01,0.00000e+00,9.99950e-01,9.99999e-01
1.125007212e+01,0.00000e+00,9.99999e-01,9.99999e-01,0.00000e+00,9.99951e-01,9.99999e-01
1.130632248e+01,0.00000e+00,9.99999e-01,9.99999e-01,0.00000e+00,9.99952e-01,9.99999e-01
1.136285409e+01,0.00000e+00,9.99999e-01,9.99999e-01,0.00000e+00,9.99953e-01,9.99999e-01
1.141966836e+01,0.00000e+00,9.99999e-01,9.99999e-01,0.00000e+00,9.99954e-01,9.99999e-01
1.147676670e+01,0.00000e+00,9.99999e-01,9.99999e-01,0.00000e+00,9.99955e-01,9.99999e-01
1.153415054e+01,0.00000e+00,9.99999e-01,9.99999e-01,0.00000e+00,9.99955e-01,9.99999e-01
1.159182129e+01,0.00000e+00,9.99999e-01,9.99999e-01,0.00000e+00,9.99956e-01,9.99999e-01
1.164978039e+01,0.00000e+00,9.99999e-01,9.99999e-01,0.00000e+00,9.99957e-01,9.99999e-01
1.170802930e+01,0.00000e+00,9.99999e-01,9.99999e-01,0.00000e+00,9.99958e-01,9.99999e-01
1.176656944e+01,0.00000e+00,9.99999e-01,9.99999e-01,0.00000e+00,9.99959e-01,9.99999e-01
1.182540229e+01,0.00000e+00,9.99999e-01,9.99999e-01,0.00000e+00,9.99960e-01,9.99999e-01
1.188452930e+01,0.00000e+00,9.99999e-01,9.99999e-01,0.00000e+00,9.99960e-01,9.99999e-01
1.194395195e+01,0.00000e+00,9.99999e-01,9.99999e-01,0.00000e+00,9.99961e-01,9.99999e-01
1.200367171e+01,0.00000e+00,9.99999e-01,9.99999e-01,0.00000e+00,9.99962e-01,9.99999e-01
1.206369007e+01,0.00000e+00,9.99999e-01,9.99999e-01,0.00000e+00,9.99963e-01,9.99999e-01
1.212400852e+01,0.00000e+00,9.99999e-01,9.99999e-01,0.00000e+00,9.99963e-01,9.99999e-01
1.218462856e+01,0.00000e+00,9.99999e-01,9.99999e-01,0.00000e+00,9.99964e-01,9.99999e-01
1.224555170e+01,0.00000e+00,9.99999e-01,9.99999e-01,0.00000e+00,9.99965e-01,9.99999e-01
1.230677946e+01,0.00000e+00,9.99999e-01,9.99999e-01,0.00000e+00,9.99965e-01,9.99999e-01
1.236831336e+01,0.00000e+00,9.99999e-01,9.99999e-01,0.00000e+00,9.99966e-01,9.99999e-01
1.243015492e+01,0.00000e+00,9.99999e-01,9.99999e-01,0.00000e+00,9.99967e-01,9.99999e-01
1.249230570e+01,0.00000e+00,9.99999e-01,9.99999e-01,0.00000e+00,9.99967e-01,9.99999e-01
1.255476723e+01,0.00000e+00,9.99999e-01,9.99999e-01,0.00000e+00,9.99968e-01,9.99999e-01
1.261754106e+01,0.00000e+00,9.99999e-01,9.99999e-01,0.00000e+00,9.99969e-01,9.99999e-01
1.268062877e+01,0.00000e+00,9.99999e-01,9.99999e-01,0.00000e+00,9.99969e-01,9.99999e-01
1.274403191e+01,0.00000e+00,9.99999e-01,9.99999e-01,0.00000e+00,9.99970e-01,9.99999e-01
1.280775207e+01,0.00000e+00,9.99999e-01,9.99999e-01,0.00000e+00,9.99970e-01,9.99999e-01
1.287179083e+01,0.00000e+00,9.99999e-01,9.99999e-01,0.00000e+00,9.99971e-01,9.99999e-01
1.293614979e+01,0.00000e+00,9.99999e-01,9.99999e-01,0.00000e+00,9.99971e-01,9.99999e-01
1.300083054e+01,0.00000e+00,9.99999e-01,9.99999e-01,0.00000e+00,9.99972e-01,9.99999e-01
1.306583469e+01,0.00000e+00,9.99999e-01,9.99999e-01,0.00000e+00,9.99973e-01,9.99999e-01
1.313116386e+01,0.00000e+00,9.99999e-01,9.99999e-01,0.00000e+00,9.99973e-01,9.99999e-01
1.319681968e+01,0.00000e+00,9.99999e-01,9.99999e-01,0.00000e+00,9.99974e-01,9.99999e-01
1.326280378e+01,0.00000e+00,9.99999e-01,9.99999e-01,0.00000e+00,9.99974e-01,9.99999e-01
1.332911780e+01,0.00000e+00,9.99999e-01,9.99999e-01,0.00000e+00,9.99975e-01,9.99999e-01
1.339576339e+01,0.00000e+00,9.99999e-01,9.99999e-01,0.00000e+00,9.99975e-01,9.86686e-01
1.346274221e+01,0.00000e+00,9.99999e-01,9.99999e-01,0.00000e+00,9.99976e-01,9.85326e-01
1.353005592e+01,0.00000e+00,9.99999e-01,9.99999e-01,0.00000e+00,9.99976e-01,9.83829e-01
1.359770620e+01,0.00000e+00,9.99999e-01,9.99999e-01,0.00000e+00,9.99976e-01,9.82398e-01
1.366569473e+01,0.00000e+00,9.99999e-01,9.99999e-01,0.00000e+00,9.99977e-01,9.80835e-01
1.373402320e+01,0.00000e+00,9.99999e-01,9.99999e-01,0.00000e+00,9.99977e-01,9.78884e-01
1.380269332e+01,0.00000e+00,9.99999e-01,9.99999e-01,0.00000e+00,9.99978e-01,9.77021e-01
1.387170678e+01,0.00000e+00,9.99999e-01,9.99999e-01,0.00000e+00,9.99978e-01,9.74988e-01
1.394106532e+01,0.00000e+00,9.99999e-01,9.99999e-01,0.00000e+00,9.99979e-01,9.72787e-01
1.401077064e+01,0.00000e+00,9.99999e-01,9.99999e-01,0.00000e+00,9.99979e-01,9.70385e-01
1.408082450e+01,0.00000e+00,9.99999e-01,9.99999e-01,0.00000e+00,9.99979e-01,9.67786e-01
1.415122862e+01,0.00000e+00,9.99999e-01,9.99999e-01,0.00000e+00,9.99980e-01,9.64952e-01
1.422198476e+01,0.00000e+00,9.99999e-01,9.99999e-01,0.00000e+00,9.99980e-01,9.61892e-01
1.429309469e+01,0.00000e+00,9.99999e-01,9.99999e-01,0.00000e+00,9.99981e-01,9.58548e-01
1.436456016e+01,0.00000e+00,9.99999e-01,9.99999e-01,0.00000e+00,9.99981e-01,9.54937e-01
1.443638296e+01,0.00000e+00,9.99999e-01,9.99999e-01,0.00000e+00,9.99981e-01,9.51006e-01
1.450856487e+01,0.00000e+00,9.99999e-01,9.99999e-01,0.00000e+00,9.99982e-01,9.46751e-01
1.458110770e+01,0.00000e+00,9.99999e-01,9.99999e-01,0.00000e+00,9.99982e-01,9.42129e-01
1.465401324e+01,0.00000e+00,9.99999e-01,9.99999e-01,0.00000e+00,9.99982e-01,9.37137e-01
1.472728330e+01,0.00000e+00,9.99999e-01,9.99999e-01,0.00000e+00,9.99983e-01,9.31707e-01
1.480091972e+01,0.00000e+00,9.99999e-01,9.99999e-01,0.00000e+00,9.99983e-01,9.25858e-01
1.487492432e+01,0.00000e+00,9.99999e-01,9.99999e-01,0.00000e+00,9.99983e-01,9.20449e-01
1.494929894e+01,0.00000e+00,9.99999e-01,9.99999e-01,0.00000e+00,9.99984e-01,9.13657e-01
1.502404544e+01,0.00000e+00,9.99999e-01,9.99999e-01,0.00000e+00,9.99984e-01,9.06349e-01
1.509916566e+01,0.00000e+00,9.99999e-01,9.99999e-01,0.00000e+00,9.99984e-01,8.99595e-01
1.517466149e+01,0.00000e+00,9.99999e-01,9.99999e-01,0.00000e+00,9.99984e-01,8.92398e-01
1.525053480e+01,0.00000e+00,9.99999e-01,9.99999e-01,0.00000e+00,9.99985e-01,8.83359e-01
1.532678747e+01,0.00000e+00,9.99999e-01,9.99999e-01,0.00000e+00,9.99985e-01,8.73672e-01
1.540342141e+01,0.00000e+00,9.99999e-01,9.99999e-01,0.00000e+00,9.99985e-01,8.54671e-01
1.548043852e+01,0.00000e+00,9.99999e-01,9.99999e-01,0.00000e+00,9.99986e-01,8.44608e-01
1.555784071e+01,0.00000e+00,9.99999e-01,9.99999e-01,0.00000e+00,9.99986e-01,8.32566e-01
1.563562991e+01,0.00000e+00,9.99999e-01,9.99999e-01,0.00000e+00,9.99986e-01,8.19716e-01
1.571380806e+01,0.00000e+00,9.99999e-01,9.99999e-01,0.00000e+00,9.99986e-01,8.07926e-01
1.579237710e+01,0.00000e+00,9.99999e-01,9.99999e-01,0.00000e+00,9.99987e-01,7.95435e-01
1.587133899e+01,0.00000e+00,9.99999e-01,9.99999e-01,0.00000e+00,9.99987e-01,7.82242e-01
1.595069568e+01,0.00000e+00,9.99999e-01,9.99999e-01,0.00000e+00,9.99987e-01,7.68317e-01
1.603044916e+01,0.00000e+00,9.99999e-01,9.99999e-01,0.00000e+00,9.99987e-01,7.51140e-01
1.611060141e+01,0.00000e+00,9.99999e-01,9.99999e-01,0.00000e+00,9.99988e-01,7.32965e-01
1.619115441e+01,0.00000e+00,9.99999e-01,9.99999e-01,0.00000e+00,9.99988e-01,7.16430e-01
1.627211019e+01,0.00000e+00,9.99999e-01,9.99999e-01,0.00000e+00,9.99988e-01,6.99097e-01
1.635347074e+01,0.00000e+00,9.99999e-01,9.99999e-01,0.00000e+00,9.99988e-01,6.80938e-01
1.643523809e+01,0.00000e+00,9.99999e-01,9.99999e-01,0.00000e+00,9.99988e-01,6.61946e-01
1.651741428e+01,0.00000e+00,9.99999e-01,9.99999e-01,0.00000e+00,9.99989e-01,6.42121e-01
1.660000135e+01,0.00000e+00,9.99999e-01,9.99999e-01,0.00000e+00,9.99989e-01,6.21562e-01
1.668300136e+01,0.00000e+00,9.99999e-01,9.99999e-01,0.00000e+00,9.99989e-01,6.00111e-01
1.676641637e+01,0.00000e+00,9.99999e-01,9.99999e-01,0.00000e+00,9.99989e-01,5.77910e-01
1.685024845e+01,0.00000e+00,9.99999e-01,9.99999e-01,0.00000e+00,9.99989e-01,5.54950e-01
1.693449969e+01,0.00000e+00,9.99999e-01,9.99999e-01,0.00000e+00,9.99990e-01,5.31319e-01
1.701917219e+01,0.00000e+00,9.99999e-01,9.99999e-01,0.00000e+00,9.99990e-01,5.07046e-01
1.710426805e+01,0.00000e+00,9.99999e-01,9.99999e-01,0.00000e+00,9.99990e-01,4.82197e-01
1.718978939e+01,0.00000e+00,9.99999e-01,9.99999e-01,0.00000e+00,9.99990e-01,4.61076e-01
1.727573834e+01,0.00000e+00,9.99999e-01,9.99999e-01,0.00000e+00,9.99990e-01,4.39636e-01
1.736211703e+01,0.00000e+00,9.99999e-01,9.99999e-01,0.00000e+00,9.99991e-01,4.13702e-01
1.744892761e+01,0.00000e+00,9.99999e-01,9.99999e-01,0.00000e+00,9.99991e-01,3.87470e-01
1.753617225e+01,0.00000e+00,9.99999e-01,9.99999e-01,0.00000e+00,9.99991e-01,3.61176e-01
1.762385311e+01,0.00000e+00,9.99999e-01,9.99999e-01,0.00000e+00,9.99991e-01,3.34919e-01
1.771197238e+01,0.00000e+00,9.99999e-01,9.99999e-01,0.00000e+00,9.99991e-01,3.08809e-01
1.780053224e+01,0.00000e+00,9.99999e-01,9.99999e-01,0.00000e+00,9.99991e-01,2.87284e-01
1.788953490e+01,0.00000e+00,9.99999e-01,9.99999e-01,0.00000e+00,9.99991e-01,2.66049e-01
1.797898258e+01,0.00000e+00,9.99999e-01,9.99999e-01,0.00000e+00,9.99992e-01,2.41130e-01
1.806887749e+01,0.00000e+00,9.99999e-01,9.99999e-01,0.00000e+00,9.99992e-01,2.16955e-01
1.815922188e+01,0.00000e+00,9.99999e-01,9.99999e-01,0.00000e+00,9.99992e-01,1.97487e-01
1.825001799e+01,0.00000e+00,9.99999e-01,9.99999e-01,0.00000e+00,9.99992e-01,1.78694e-01
1.834126808e+01,0.00000e+00,9.99999e-01,9.99999e-01,0.00000e+00,9.99992e-01,1.57239e-01
1.843297442e+01,0.00000e+00,9.99999e-01,9.99999e-01,0.00000e+00,9.99992e-01,1.37060e-01
1.852513929e+01,0.00000e+00,9.99999e-01,9.99999e-01,0.00000e+00,9.99992e-01,1.21298e-01
1.861776499e+01,0.00000e+00,9.99999e-01,9.99999e-01,0.00000e+00,9.99993e-01,1.06492e-01
1.871085381e+01,0.00000e+00,9.99999e-01,9.99999e-01,0.00000e+00,9.99993e-01,9.01664e-02
1.880440808e+01,0.00000e+00,9.99999e-01,9.99999e-01,0.00000e+00,9.99993e-01,7.77667e-02
1.889843012e+01,0.00000e+00,9.99999e-01,9.99999e-01,0.00000e+00,9.99993e-01,6.64272e-02
1.899292227e+01,0.00000e+00,9.99999e-01,9.99999e-01,0.00000e+00,9.99993e-01,5.43148e-02
1.908788688e+01,0.00000e+00,9.99999e-01,9.99999e-01,0.00000e+00,9.99993e-01,4.54140e-02
1.918332632e+01,0.00000e+00,9.99999e-01,9.99999e-01,0.00000e+00,9.99993e-01,3.75257e-02
1.927924295e+01,0.00000e+00,9.99999e-01,9.99999e-01,0.00000e+00,9.99993e-01,3.06742e-02
1.937563916e+01,0.00000e+00,9.99999e-01,9.99999e-01,0.00000e+00,9.99994e-01,2.47384e-02
1.947251736e+01,0.00000e+00,9.99999e-01,9.99999e-01,0.00000e+00,9.99994e-01,1.97111e-02
1.956987994e+01,0.00000e+00,9.99999e-01,9.99999e-01,0.00000e+00,9.99994e-01,1.54764e-02
1.966772934e+01,0.00000e+00,9.99999e-01,9.99999e-01,0.00000e+00,9.99994e-01,1.13541e-02
1.976606799e+01,0.00000e+00,9.99999e-01,9.99999e-01,0.00000e+00,9.99994e-01,8.62597e-03
1.986489833e+01,0.00000e+00,9.99999e-01,9.99999e-01,0.00000e+00,9.99994e-01,6.43763e-03
1.996422282e+01,0.00000e+00,9.99999e-01,9.99999e-01,0.00000e+00,9.99994e-01,4.72813e-03
