#,Wave/freq,Total,CO2,H2O,Rayleigh,CIA
4.000000000e-01,3.85265e-22,9.99999e-01,9.99903e-01,3.85302e-22,9.99999e-01
4.020000000e-01,1.02139e-21,9.99999e-01,9.99939e-01,1.02145e-21,9.99999e-01
4.040100000e-01,2.65354e-21,9.99999e-01,9.99974e-01,2.65361e-21,9.99999e-01
4.060300500e-01,6.76495e-21,9.99999e-01,9.99993e-01,6.76499e-21,9.99999e-01
4.080602003e-01,1.69305e-20,9.99999e-01,9.99997e-01,1.69305e-20,9.99999e-01
4.101005013e-01,4.16104e-20,9.99999e-01,9.99999e-01,4.16104e-20,9.99999e-01
4.121510038e-01,1.00466e-19,9.99999e-01,9.99995e-01,1.00466e-19,9.99999e-01
4.142117588e-01,2.38378e-19,9.99999e-01,9.99972e-01,2.38385e-19,9.99999e-01
4.162828176e-01,5.55995e-19,9.99999e-01,9.99880e-01,5.56062e-19,9.99999e-01
4.183642317e-01,1.27547e-18,9.99999e-01,9.99928e-01,1.27556e-18,9.99999e-01
4.204560528e-01,2.87833e-18,9.99999e-01,9.99956e-01,2.87845e-18,9.99999e-01
4.225583331e-01,6.39185e-18,9.99999e-01,9.99983e-01,6.39196e-18,9.99999e-01
4.246711247e-01,1.39720e-17,9.99999e-01,9.99986e-01,1.39722e-17,9.99999e-01
4.267944804e-01,3.00732e-17,9.99999e-01,9.99980e-01,3.00738e-17,9.99999e-01
4.289284528e-01,6.37571e-17,9.99999e-01,9.99984e-01,6.37580e-17,9.99999e-01
4.310730950e-01,1.33178e-16,9.99999e-01,9.99993e-01,1.33179e-16,9.99999e-01
4.332284605e-01,2.74168e-16,9.99999e-01,9.99997e-01,2.74168e-16,9.99999e-01
4.353946028e-01,5.56422e-16,9.99999e-01,9.99998e-01,5.56422e-16,9.99999e-01
4.375715758e-01,1.11356e-15,9.99999e-01,9.99987e-01,1.11358e-15,9.99999e-01
4.397594337e-01,2.19806e-15,9.99999e-01,9.99894e-01,2.19829e-15,9.99999e-01
4.419582309e-01,4.27940e-15,9.99999e-01,9.99463e-01,4.28169e-15,9.99999e-01
4.441680220e-01,8.22709e-15,9.99999e-01,9.99584e-01,8.23050e-15,9.99999e-01
4.463888621e-01,1.56115e-14,9.99999e-01,9.99566e-01,1.56182e-14,9.99999e-01
4.486208064e-01,2.92567e-14,9.99999e-01,9.99731e-01,2.92645e-14,9.99999e-01
4.508639105e-01,5.41515e-14,9.99999e-01,9.99873e-01,5.41583e-14,9.99999e-01
4.531182300e-01,9.90117e-14,9.99999e-01,9.99949e-01,9.90166e-14,9.99999e-01
4.553838212e-01,1.78879e-13,9.99999e-01,9.99965e-01,1.78885e-13,9.99999e-01
4.576607403e-01,3.19419e-13,9.99999e-01,9.99984e-01,3.19424e-13,9.99999e-01
4.599490440e-01,5.63875e-13,9.99999e-01,9.99988e-01,5.63881e-13,9.99999e-01
4.622487892e-01,9.84309e-13,9.99999e-01,9.99997e-01,9.84311e-13,9.99999e-01
4.645600332e-01,1.69939e-12,9.99999e-01,9.99991e-01,1.69941e-12,9.99999e-01
4.668828333e-01,2.90217e-12,9.99999e-01,9.99872e-01,2.90254e-12,9.99999e-01
4.692172475e-01,4.90399e-12,9.99999e-01,9.99728e-01,4.90532e-12,9.99999e-01
4.715633337e-01,8.20309e-12,9.99999e-01,9.99822e-01,8.20454e-12,9.99999e-01
4.739211504e-01,1.35817e-11,9.99999e-01,9.99829e-01,1.35841e-11,9.99999e-01
4.762907561e-01,2.22659e-11,9.99999e-01,9.99911e-01,2.22679e-11,9.99999e-01
4.786722099e-01,3.61471e-11,9.99999e-01,9.99963e-01,3.61484e-11,9.99999e-01
4.810655710e-01,5.81216e-11,9.99999e-01,9.99988e-01,5.81222e-11,9.99999e-01
4.834708988e-01,9.25713e-11,9.99999e-01,9.99894e-01,9.25810e-11,9.99999e-01
4.858882533e-01,1.46091e-10,9.99999e-01,9.99807e-01,1.46119e-10,9.99999e-01
4.883176946e-01,2.28512e-10,9.99999e-01,9.99838e-01,2.28549e-10,9.99999e-01
4.907592831e-01,3.54283e-10,9.99999e-01,9.99854e-01,3.54334e-10,9.99999e-01
4.932130795e-01,5.44554e-10,9.99999e-01,9.99896e-01,5.44610e-10,9.99999e-01
4.956791449e-01,8.29941e-10,9.99999e-01,9.99945e-01,8.29987e-10,9.99999e-01
4.981575406e-01,1.25407e-09,9.99999e-01,9.99726e-01,1.25442e-09,9.99999e-01
5.006483283e-01,1.87915e-09,9.99999e-01,9.99289e-01,1.88048e-09,9.99999e-01
5.031515699e-01,2.78654e-09,9.99999e-01,9.96415e-01,2.79656e-09,9.99999e-01
5.056673278e-01,4.11863e-09,9.99999e-01,9.98108e-01,4.12643e-09,9.99999e-01
5.081956644e-01,6.02769e-09,9.99999e-01,9.97614e-01,6.04210e-09,9.99999e-01
5.107366428e-01,8.76658e-09,9.99999e-01,9.98389e-01,8.78072e-09,9.99999e-01
5.132903260e-01,1.26551e-08,9.99999e-01,9.99079e-01,1.26667e-08,9.99999e-01
5.158567776e-01,1.81338e-08,9.99999e-01,9.99611e-01,1.81408e-08,9.99999e-01
5.184360615e-01,2.57929e-08,9.99999e-01,9.99844e-01,2.57969e-08,9.99999e-01
5.210282418e-01,3.64278e-08,9.99999e-01,9.99941e-01,3.64299e-08,9.99999e-01
5.236333830e-01,5.10842e-08,9.99999e-01,9.99765e-01,5.10961e-08,9.99999e-01
5.262515499e-01,7.11790e-08,9.99999e-01,9.99853e-01,7.11894e-08,9.99999e-01
5.288828077e-01,9.85234e-08,9.99999e-01,9.99865e-01,9.85366e-08,9.99999e-01
5.315272217e-01,1.35500e-07,9.99999e-01,9.99881e-01,1.35516e-07,9.99999e-01
5.341848578e-01,1.85190e-07,9.99999e-01,9.99922e-01,1.85205e-07,9.99999e-01
5.368557821e-01,2.51486e-07,9.99999e-01,9.99726e-01,2.51555e-07,9.99999e-01
5.395400610e-01,3.39279e-07,9.99999e-01,9.99013e-01,3.39614e-07,9.99999e-01
5.422377613e-01,4.55212e-07,9.99999e-01,9.98731e-01,4.55790e-07,9.99999e-01
5.449489501e-01,6.07444e-07,9.99999e-01,9.98817e-01,6.08163e-07,9.99999e-01
5.476736949e-01,8.06023e-07,9.99999e-01,9.98955e-01,8.06866e-07,9.99999e-01
5.504120634e-01,1.06372e-06,9.99999e-01,9.99241e-01,1.06453e-06,9.99999e-01
5.531641237e-01,1.39627e-06,9.99999e-01,9.99618e-01,1.39680e-06,9.99999e-01
5.559299443e-01,1.82265e-06,9.99999e-01,9.99815e-01,1.82299e-06,9.99999e-01
5.587095940e-01,2.36645e-06,9.99999e-01,9.99884e-01,2.36672e-06,9.99999e-01
5.615031420e-01,3.05644e-06,9.99999e-01,9.99870e-01,3.05683e-06,9.99999e-01
5.643106577e-01,3.92769e-06,9.99999e-01,9.99853e-01,3.92827e-06,9.99999e-01
5.671322110e-01,5.01422e-06,9.99999e-01,9.98215e-01,5.02319e-06,9.99999e-01
5.699678720e-01,6.38015e-06,9.99999e-01,9.98120e-01,6.39217e-06,9.99999e-01
5.728177114e-01,8.07970e-06,9.99999e-01,9.98034e-01,8.09561e-06,9.99999e-01
5.756818000e-01,1.01869e-05,9.99999e-01,9.98197e-01,1.02053e-05,9.99999e-01
5.785602090e-01,1.27859e-05,9.99999e-01,9.98429e-01,1.28060e-05,9.99999e-01
5.814530100e-01,1.59723e-05,9.99999e-01,9.98421e-01,1.59975e-05,9.99999e-01
5.843602750e-01,1.98594e-05,9.99999e-01,9.98114e-01,1.98969e-05,9.99999e-01
5.872820764e-01,2.42434e-05,9.99999e-01,9.83893e-01,2.46403e-05,9.99999e-01
5.902184868e-01,2.97945e-05,9.99999e-01,9.80537e-01,3.03859e-05,9.99999e-01
5.931695792e-01,3.68021e-05,9.99999e-01,9.86217e-01,3.73164e-05,9.99999e-01
5.961354271e-01,4.49529e-05,9.99999e-01,9.84899e-01,4.56421e-05,9.99999e-01
5.991161043e-01,5.49902e-05,9.99999e-01,9.88964e-01,5.56038e-05,9.99999e-01
6.021116848e-01,6.70527e-05,9.99999e-01,9.93726e-01,6.74760e-05,9.99999e-01
6.051222432e-01,8.13114e-05,9.99999e-01,9.96821e-01,8.15706e-05,9.99999e-01
6.081478544e-01,9.81058e-05,9.99999e-01,9.98627e-01,9.82406e-05,9.99999e-01
6.111885937e-01,1.17815e-04,9.99999e-01,9.99419e-01,1.17884e-04,9.99999e-01
6.142445367e-01,1.40909e-04,9.99999e-01,9.99740e-01,1.40946e-04,9.99999e-01
6.173157594e-01,1.67902e-04,9.99999e-01,9.99856e-01,1.67926e-04,9.99999e-01
6.204023382e-01,1.99355e-04,9.99999e-01,9.99878e-01,1.99380e-04,9.99999e-01
6.235043498e-01,2.35797e-04,9.99999e-01,9.99462e-01,2.35924e-04,9.99999e-01
6.266218716e-01,2.77453e-04,9.99999e-01,9.97175e-01,2.78239e-04,9.99999e-01
6.297549810e-01,3.26738e-04,9.99999e-01,9.98963e-01,3.27077e-04,9.99999e-01
6.329037559e-01,3.82476e-04,9.99999e-01,9.97953e-01,3.83260e-04,9.99999e-01
6.360682746e-01,4.46910e-04,9.99999e-01,9.98254e-01,4.47691e-04,9.99999e-01
6.392486160e-01,5.20172e-04,9.99999e-01,9.97740e-01,5.21350e-04,9.99999e-01
6.424448591e-01,6.03470e-04,9.99999e-01,9.96967e-01,6.05305e-04,9.99999e-01
6.456570834e-01,6.90905e-04,9.99999e-01,9.86006e-01,7.00710e-04,9.99999e-01
6.488853688e-01,8.00546e-04,9.99999e-01,9.89780e-01,8.08811e-04,9.99999e-01
6.521297956e-01,9.21256e-04,9.99999e-01,9.89590e-01,9.30946e-04,9.99999e-01
6.553904446e-01,1.05744e-03,9.99999e-01,9.89604e-01,1.06855e-03,9.99999e-01
6.586673968e-01,1.21229e-03,9.99999e-01,9.91108e-01,1.22316e-03,9.99999e-01
6.619607338e-01,1.38948e-03,9.99999e-01,9.95034e-01,1.39641e-03,9.99999e-01
6.652705375e-01,1.58529e-03,9.99999e-01,9.97016e-01,1.59004e-03,9.99999e-01
6.685968902e-01,1.80358e-03,9.99999e-01,9.98731e-01,1.80587e-03,9.99999e-01
6.719398746e-01,2.04454e-03,9.99999e-01,9.99357e-01,2.04585e-03,9.99999e-01
6.752995740e-01,2.31121e-03,9.99999e-01,9.99651e-01,2.31201e-03,9.99999e-01
6.786760719e-01,2.60519e-03,9.99999e-01,9.99495e-01,2.60650e-03,9.99999e-01
6.820694522e-01,2.92902e-03,9.99999e-01,9.99137e-01,2.93155e-03,9.99999e-01
6.854797995e-01,3.28583e-03,9.99999e-01,9.98887e-01,3.28949e-03,9.99999e-01
6.889071985e-01,3.67278e-03,9.99999e-01,9.97295e-01,3.68274e-03,9.99999e-01
6.923517345e-01,3.93677e-03,9.99999e-01,9.56961e-01,4.11382e-03,9.99999e-01
6.958134932e-01,4.48249e-03,9.99999e-01,9.77574e-01,4.58532e-03,9.99998e-01
6.992925606e-01,4.99014e-03,9.99999e-01,9.78473e-01,5.09992e-03,9.99998e-01
7.027890234e-01,5.51068e-03,9.99999e-01,9.73554e-01,5.66037e-03,9.99998e-01
7.063029686e-01,6.12963e-03,9.99999e-01,9.77693e-01,6.26948e-03,9.99999e-01
7.098344834e-01,6.78170e-03,9.99999e-01,9.78581e-01,6.93014e-03,9.99998e-01
7.133836558e-01,7.42750e-03,9.99999e-01,9.71516e-01,7.64527e-03,9.99998e-01
7.169505741e-01,6.70475e-03,9.99999e-01,7.96494e-01,8.41784e-03,9.99996e-01
7.205353270e-01,8.27550e-03,9.99999e-01,8.94565e-01,9.25088e-03,9.99996e-01
7.241380036e-01,8.79802e-03,9.99999e-01,8.67022e-01,1.01474e-02,9.99996e-01
7.277586936e-01,9.76930e-03,9.99999e-01,8.79283e-01,1.11105e-02,9.99996e-01
7.313974871e-01,1.05863e-02,9.99999e-01,8.71779e-01,1.21433e-02,9.99997e-01
7.350544745e-01,1.22887e-02,9.99999e-01,9.27537e-01,1.32488e-02,9.99998e-01
7.387297469e-01,1.36512e-02,9.99999e-01,9.46026e-01,1.44301e-02,9.99998e-01
7.424233956e-01,1.52698e-02,9.99999e-01,9.73207e-01,1.56901e-02,9.99999e-01
7.461355126e-01,1.67539e-02,9.99999e-01,9.83664e-01,1.70321e-02,9.99999e-01
7.498661902e-01,1.83180e-02,9.99999e-01,9.92368e-01,1.84588e-02,9.99999e-01
7.536155211e-01,1.98984e-02,9.99999e-01,9.96245e-01,1.99734e-02,9.99999e-01
7.573835987e-01,2.15368e-02,9.99999e-01,9.98066e-01,2.15785e-02,9.99999e-01
7.611705167e-01,2.32491e-02,9.99999e-01,9.98797e-01,2.32771e-02,9.99999e-01
7.649763693e-01,2.50529e-02,9.99999e-01,9.99245e-01,2.50718e-02,9.99999e-01
7.688012511e-01,2.69512e-02,9.99999e-01,9.99474e-01,2.69653e-02,9.99999e-01
7.726452574e-01,2.89477e-02,9.99999e-01,9.99567e-01,2.89602e-02,9.99999e-01
7.765084837e-01,3.10397e-02,9.99999e-01,9.99383e-01,3.10588e-02,9.99999e-01
7.803910261e-01,2.92477e-02,8.81367e-01,9.97339e-01,3.32635e-02,9.99999e-01
7.842929812e-01,1.83206e-02,5.18998e-01,9.90743e-01,3.55764e-02,9.99999e-01
7.882144461e-01,1.87993e-02,5.02971e-01,9.81070e-01,3.79997e-02,9.99999e-01
7.921555184e-01,2.59623e-02,6.46588e-01,9.89599e-01,4.05353e-02,9.99999e-01
7.961162960e-01,3.15243e-02,7.43105e-01,9.81623e-01,4.31849e-02,9.99999e-01
8.000968774e-01,3.82811e-02,8.50894e-01,9.78816e-01,4.59502e-02,9.99999e-01
8.040973618e-01,4.39646e-02,9.19623e-01,9.78809e-01,4.88327e-02,9.99998e-01
8.081178486e-01,4.75383e-02,9.62139e-01,9.52921e-01,5.18337e-02,9.99998e-01
8.121584379e-01,4.45344e-02,9.88192e-01,8.19638e-01,5.49543e-02,9.99997e-01
8.162192301e-01,4.59207e-02,9.97379e-01,7.90979e-01,5.81956e-02,9.99996e-01
8.203003262e-01,5.49000e-02,9.99962e-01,8.91860e-01,6.15583e-02,9.99996e-01
8.244018279e-01,5.56189e-02,9.99999e-01,8.55111e-01,6.50430e-02,9.99995e-01
8.285238370e-01,5.96034e-02,9.99999e-01,8.68218e-01,6.86504e-02,9.99996e-01
8.326664562e-01,6.27810e-02,9.99999e-01,8.67374e-01,7.23806e-02,9.99997e-01
8.368297885e-01,6.88169e-02,9.99999e-01,9.02709e-01,7.62338e-02,9.99998e-01
8.410139374e-01,7.54693e-02,9.99999e-01,9.40897e-01,8.02099e-02,9.99999e-01
8.452190071e-01,8.18250e-02,9.99999e-01,9.70540e-01,8.43086e-02,9.99999e-01
8.494451021e-01,8.70043e-02,9.99999e-01,9.82770e-01,8.85297e-02,9.99999e-01
8.536923276e-01,9.19241e-02,9.99999e-01,9.89789e-01,9.28723e-02,9.99999e-01
8.579607893e-01,9.67221e-02,9.99999e-01,9.93693e-01,9.73359e-02,9.99999e-01
8.622505932e-01,1.01511e-01,9.99999e-01,9.95992e-01,1.01919e-01,9.99999e-01
8.665618462e-01,8.96789e-02,8.43028e-01,9.97516e-01,1.06622e-01,9.99999e-01
8.708946554e-01,2.27478e-02,2.04638e-01,9.97154e-01,1.11442e-01,9.99999e-01
8.752491287e-01,2.99885e-02,2.58575e-01,9.96195e-01,1.16378e-01,9.99999e-01
8.796253743e-01,5.61475e-02,4.64566e-01,9.94729e-01,1.21429e-01,9.99999e-01
8.840235012e-01,8.35697e-02,6.63875e-01,9.93984e-01,1.26593e-01,9.99999e-01
8.884436187e-01,1.09678e-01,8.49410e-01,9.78234e-01,1.31868e-01,9.99998e-01
8.928858368e-01,1.02582e-01,9.35686e-01,7.96632e-01,1.37252e-01,9.99996e-01
8.973502660e-01,9.44700e-02,9.84009e-01,6.71615e-01,1.42743e-01,9.99994e-01
9.018370173e-01,1.20947e-01,9.98226e-01,8.16602e-01,1.48339e-01,9.99993e-01
9.063462024e-01,1.23752e-01,9.56321e-01,8.34970e-01,1.54037e-01,9.99992e-01
9.108779334e-01,1.09347e-01,9.00672e-01,7.55521e-01,1.59835e-01,9.99992e-01
9.154323231e-01,1.17690e-01,9.75801e-01,7.26129e-01,1.65730e-01,9.99991e-01
9.200094847e-01,1.04827e-01,7.50815e-01,7.79461e-01,1.71719e-01,9.99989e-01
9.246095321e-01,7.57812e-02,6.02336e-01,6.88412e-01,1.77801e-01,9.99981e-01
9.292325798e-01,1.48526e-02,6.79025e-01,1.07615e-01,1.83971e-01,9.99961e-01
9.338787427e-01,7.59218e-03,6.83630e-01,5.33103e-02,1.90227e-01,9.99950e-01
9.385481364e-01,4.69283e-02,7.53341e-01,3.02025e-01,1.96566e-01,9.99948e-01
9.432408771e-01,3.58077e-02,8.39541e-01,2.04254e-01,2.02985e-01,9.99942e-01
9.479570815e-01,2.08342e-02,9.13955e-01,1.07259e-01,2.09480e-01,9.99950e-01
9.526968669e-01,3.66722e-02,9.57643e-01,1.75500e-01,2.16049e-01,9.99962e-01
9.574603512e-01,4.14540e-02,9.81636e-01,1.88840e-01,2.22688e-01,9.99971e-01
9.622476530e-01,5.70019e-02,9.94235e-01,2.49614e-01,2.29393e-01,9.99981e-01
9.670588912e-01,1.04653e-01,9.98270e-01,4.43755e-01,2.36162e-01,9.99987e-01
9.718941857e-01,1.43069e-01,9.99878e-01,5.88837e-01,2.42992e-01,9.99992e-01
9.767536566e-01,1.60803e-01,9.99999e-01,6.43529e-01,2.49878e-01,9.99994e-01
9.816374249e-01,1.84802e-01,9.99999e-01,7.19589e-01,2.56817e-01,9.99996e-01
9.865456120e-01,2.14562e-01,9.99999e-01,8.13334e-01,2.63806e-01,9.99997e-01
9.914783401e-01,2.38251e-01,9.99999e-01,8.79668e-01,2.70842e-01,9.99998e-01
9.964357318e-01,2.59173e-01,9.99999e-01,9.32541e-01,2.77921e-01,9.99999e-01
1.001417910e+00,2.73345e-01,9.99999e-01,9.58972e-01,2.85040e-01,9.99999e-01
1.006425000e+00,2.85292e-01,9.99999e-01,9.76374e-01,2.92195e-01,9.99999e-01
1.011457125e+00,2.94978e-01,9.99999e-01,9.85285e-01,2.99383e-01,9.99999e-01
1.016514411e+00,3.03529e-01,9.99999e-01,9.89981e-01,3.06600e-01,9.99999e-01
1.021596983e+00,3.11257e-01,9.99744e-01,9.92007e-01,3.13844e-01,9.99999e-01
1.026704968e+00,3.13475e-01,9.82311e-01,9.93760e-01,3.21111e-01,9.99999e-01
1.031838492e+00,2.86007e-01,8.74613e-01,9.95464e-01,3.28398e-01,9.99999e-01
1.036997685e+00,1.00845e-02,3.01008e-02,9.97302e-01,3.35701e-01,9.99999e-01
1.042182673e+00,1.59407e-04,4.65802e-04,9.96779e-01,3.43017e-01,9.99999e-01
1.047393587e+00,4.66448e-04,1.33600e-03,9.95734e-01,3.50344e-01,9.99999e-01
1.052630555e+00,1.40171e-09,3.93307e-09,9.94148e-01,3.57678e-01,9.99999e-01
1.057893707e+00,5.25882e-09,1.44740e-08,9.90245e-01,3.65016e-01,9.99999e-01
1.063183176e+00,7.77717e-07,2.10663e-06,9.84009e-01,3.72355e-01,9.99999e-01
1.068499092e+00,1.51667e-05,4.05537e-05,9.73388e-01,3.79692e-01,9.99999e-01
1.073841587e+00,5.02609e-04,1.32569e-03,9.68957e-01,3.87025e-01,9.99998e-01
1.079210795e+00,6.21274e-03,1.62247e-02,9.60396e-01,3.94350e-01,9.99998e-01
1.084606849e+00,3.53103e-02,9.25073e-02,9.40711e-01,4.01665e-01,9.99997e-01
1.090029883e+00,1.08009e-01,2.85438e-01,9.16049e-01,4.08968e-01,9.99996e-01
1.095480033e+00,1.78092e-01,5.36901e-01,7.87917e-01,4.16255e-01,9.99993e-01
1.100957433e+00,1.75009e-01,7.39000e-01,5.51395e-01,4.23524e-01,9.99989e-01
1.106462220e+00,9.23684e-02,8.82144e-01,2.39137e-01,4.30772e-01,9.99976e-01
1.111994531e+00,2.30467e-02,9.54480e-01,5.45391e-02,4.37998e-01,9.99954e-01
1.117554504e+00,5.00828e-03,9.88711e-01,1.13136e-02,4.45199e-01,9.99935e-01
1.123142276e+00,2.21663e-02,9.99256e-01,4.90063e-02,4.52372e-01,9.99923e-01
1.128757988e+00,5.26077e-02,9.99999e-01,1.14494e-01,4.59516e-01,9.99916e-01
1.134401778e+00,2.44555e-02,9.99999e-01,5.24138e-02,4.66628e-01,9.99906e-01
1.140073787e+00,1.20172e-01,9.99999e-01,2.53704e-01,4.73707e-01,9.99924e-01
1.145774156e+00,3.59065e-02,9.99999e-01,7.46931e-02,4.80750e-01,9.99936e-01
1.151503026e+00,2.72582e-02,9.99999e-01,5.58879e-02,4.87755e-01,9.99945e-01
1.157260541e+00,3.53337e-02,9.99999e-01,7.14242e-02,4.94722e-01,9.99958e-01
1.163046844e+00,6.98889e-02,9.99999e-01,1.39322e-01,5.01647e-01,9.99973e-01
1.168862078e+00,1.22297e-01,9.99999e-01,2.40494e-01,5.08529e-01,9.99986e-01
1.174706389e+00,2.12717e-01,9.99999e-01,4.12750e-01,5.15367e-01,9.99992e-01
1.180579921e+00,3.03158e-01,9.99999e-01,5.80587e-01,5.22160e-01,9.99995e-01
1.186482820e+00,3.87566e-01,9.99963e-01,7.32791e-01,5.28905e-01,9.99995e-01
1.192415234e+00,4.21550e-01,9.41602e-01,8.33345e-01,5.35601e-01,9.99996e-01
1.198377311e+00,2.32392e-01,4.86811e-01,8.57595e-01,5.42247e-01,9.99996e-01
1.204369197e+00,5.04571e-45,1.00009e-44,8.65351e-01,5.48842e-01,9.99997e-01
1.210391043e+00,6.42000e-186,1.24898e-185,8.70478e-01,5.55385e-01,9.99997e-01
1.216442998e+00,1.01484e-160,1.94362e-160,8.88775e-01,5.61874e-01,9.99998e-01
1.222525213e+00,2.79339e-158,5.15445e-158,9.12037e-01,5.68309e-01,9.99998e-01
1.228637839e+00,7.55868e-122,1.37308e-121,9.38011e-01,5.74688e-01,9.99999e-01
1.234781029e+00,2.51895e-75,4.42546e-75,9.53622e-01,5.81010e-01,9.99999e-01
1.240954934e+00,1.21453e-49,2.10588e-49,9.70404e-01,5.87275e-01,9.99999e-01
1.247159708e+00,3.01154e-23,5.14490e-23,9.76875e-01,5.93482e-01,9.99999e-01
1.253395507e+00,7.56828e-16,1.28024e-15,9.79433e-01,5.99630e-01,9.99999e-01
1.259662485e+00,3.63335e-09,6.08094e-09,9.80437e-01,6.05718e-01,9.99999e-01
1.265960797e+00,2.37972e-05,3.96404e-05,9.68961e-01,6.11746e-01,9.99998e-01
1.272290601e+00,4.07737e-03,6.84758e-03,9.51658e-01,6.17714e-01,9.99998e-01
1.278652054e+00,4.15387e-03,7.06316e-03,9.06506e-01,6.23619e-01,9.99997e-01
1.285045314e+00,5.08777e-07,8.67929e-07,8.37577e-01,6.29463e-01,9.99996e-01
1.291470541e+00,2.98861e-21,5.55550e-21,7.34775e-01,6.35245e-01,9.99993e-01
1.297927893e+00,5.58050e-07,1.04342e-06,6.46864e-01,6.40964e-01,9.99988e-01
1.304417533e+00,4.42627e-05,9.86739e-05,6.01143e-01,6.46620e-01,9.99979e-01
1.310939621e+00,1.35644e-05,2.88497e-05,5.58142e-01,6.52213e-01,9.99966e-01
1.317494319e+00,1.37768e-62,2.96545e-62,5.33369e-01,6.57742e-01,9.99942e-01
1.324081790e+00,9.77054e-41,2.26802e-40,3.98552e-01,6.63207e-01,9.99907e-01
1.330702199e+00,1.42117e-24,6.03366e-24,8.32612e-02,6.68609e-01,9.99845e-01
1.337355710e+00,2.37170e-24,1.36086e-21,3.78391e-04,6.73947e-01,9.99703e-01
1.344042489e+00,7.00743e-26,8.67386e-22,3.57116e-06,6.79220e-01,9.99365e-01
1.350762701e+00,9.22196e-41,2.64676e-24,3.34926e-18,6.84430e-01,9.98987e-01
1.357516515e+00,2.54160e-39,2.93035e-14,4.26054e-27,6.89575e-01,9.98746e-01
1.364304097e+00,1.45432e-25,1.40762e-10,1.24260e-16,6.94656e-01,9.98656e-01
1.371125618e+00,8.82804e-15,1.00065e-05,2.97150e-10,6.99673e-01,9.98644e-01
1.377981246e+00,1.38840e-13,4.31310e-05,9.15663e-10,7.04626e-01,9.98544e-01
1.384871152e+00,3.23843e-16,2.71074e-03,6.66141e-14,7.09516e-01,9.98585e-01
1.391795508e+00,9.44247e-19,4.55509e-03,7.47657e-17,7.14342e-01,9.98800e-01
1.398754485e+00,1.69832e-14,3.10174e-02,4.61765e-13,7.19104e-01,9.98969e-01
1.405748258e+00,4.62339e-14,8.15425e-02,5.04862e-13,7.23803e-01,9.99075e-01
1.412776999e+00,2.23657e-13,2.00963e-01,9.31980e-13,7.28439e-01,9.99257e-01
1.419840884e+00,3.60573e-13,2.02712e-01,1.49754e-12,7.33012e-01,9.99445e-01
1.426940089e+00,1.54572e-09,5.46004e-03,1.22777e-08,7.37523e-01,9.99656e-01
1.434074789e+00,0.00000e+00,0.00000e+00,1.59733e-07,7.41972e-01,9.99785e-01
1.441245163e+00,0.00000e+00,0.00000e+00,2.70023e-06,7.46359e-01,9.99833e-01
1.448451389e+00,0.00000e+00,0.00000e+00,1.77478e-04,7.50684e-01,9.99861e-01
1.455693646e+00,0.00000e+00,0.00000e+00,2.80388e-03,7.54948e-01,9.99885e-01
1.462972114e+00,0.00000e+00,0.00000e+00,4.11521e-03,7.59152e-01,9.99902e-01
1.470286975e+00,1.05882e-310,8.85028e-309,1.86119e-03,7.63295e-01,9.99912e-01
1.477638409e+00,4.17403e-195,3.47030e-193,3.10089e-03,7.67378e-01,9.99924e-01
1.485026601e+00,3.08544e-108,1.56607e-106,6.87447e-03,7.71402e-01,9.99942e-01
1.492451734e+00,8.00698e-92,1.51400e-90,2.69018e-02,7.75367e-01,9.99960e-01
1.499913993e+00,1.04423e-38,6.14582e-38,7.89724e-02,7.79273e-01,9.99978e-01
1.507413563e+00,2.42977e-37,1.23430e-36,1.56036e-01,7.83122e-01,9.99988e-01
1.514950631e+00,7.08725e-39,1.98978e-38,3.05095e-01,7.86912e-01,9.99992e-01
1.522525384e+00,5.52021e-137,1.19168e-136,4.60268e-01,7.90646e-01,9.99995e-01
1.530138011e+00,0.00000e+00,0.00000e+00,5.62819e-01,7.94323e-01,9.99997e-01
1.537788701e+00,1.67187e-243,2.61226e-243,7.20838e-01,7.97944e-01,9.99998e-01
1.545477645e+00,1.29064e-49,1.85494e-49,8.11916e-01,8.01510e-01,9.99998e-01
1.553205033e+00,2.25359e-36,3.13719e-36,8.43057e-01,8.05020e-01,9.99999e-01
1.560971058e+00,2.38421e-36,3.12570e-36,8.99645e-01,8.08476e-01,9.99999e-01
1.568775913e+00,0.00000e+00,0.00000e+00,9.32456e-01,8.11879e-01,9.99999e-01
1.576619793e+00,0.00000e+00,0.00000e+00,9.47152e-01,8.15228e-01,9.99999e-01
1.584502892e+00,0.00000e+00,0.00000e+00,9.67520e-01,8.18524e-01,9.99999e-01
1.592425406e+00,0.00000e+00,0.00000e+00,9.69872e-01,8.21768e-01,9.99999e-01
1.600387533e+00,0.00000e+00,0.00000e+00,9.79118e-01,8.24960e-01,9.99999e-01
1.608389471e+00,0.00000e+00,0.00000e+00,9.78404e-01,8.28102e-01,9.99999e-01
1.616431418e+00,0.00000e+00,0.00000e+00,9.77903e-01,8.31193e-01,9.99999e-01
1.624513575e+00,0.00000e+00,0.00000e+00,9.76408e-01,8.34234e-01,9.99999e-01
1.632636143e+00,0.00000e+00,0.00000e+00,9.63240e-01,8.37226e-01,9.99999e-01
1.640799324e+00,4.92502e-286,6.01793e-286,9.51354e-01,8.40169e-01,9.99999e-01
1.649003321e+00,4.85465e-286,6.01237e-286,9.38278e-01,8.43064e-01,9.99999e-01
1.657248337e+00,1.55279e-220,1.91898e-220,9.19296e-01,8.45912e-01,9.99998e-01
1.665534579e+00,4.84242e-222,6.15892e-222,8.92000e-01,8.48712e-01,9.99998e-01
1.673862252e+00,1.00801e-140,1.25635e-140,8.55311e-01,8.51467e-01,9.99998e-01
1.682231563e+00,1.02214e-96,1.26985e-96,8.73321e-01,8.54175e-01,9.99997e-01
1.690642721e+00,1.03226e-52,1.34275e-52,7.88299e-01,8.56839e-01,9.99997e-01
1.699095934e+00,3.82750e-33,5.09664e-33,7.61896e-01,8.59458e-01,9.99995e-01
1.707591414e+00,3.85197e-16,5.11305e-16,7.46579e-01,8.62033e-01,9.99993e-01
1.716129371e+00,6.57546e-10,9.54071e-10,6.95945e-01,8.64564e-01,9.99990e-01
1.724710018e+00,3.67090e-06,5.80872e-06,5.86935e-01,8.67053e-01,9.99986e-01
1.733333568e+00,1.39907e-04,2.58459e-04,5.01142e-01,8.69500e-01,9.99979e-01
1.742000236e+00,2.80553e-03,8.03830e-03,3.44835e-01,8.71905e-01,9.99967e-01
1.750710237e+00,8.31068e-07,3.42028e-06,1.49139e-01,8.74269e-01,9.99949e-01
1.759463788e+00,4.93091e-135,3.42855e-134,3.18969e-02,8.76592e-01,9.99919e-01
1.768261107e+00,2.91116e-142,1.57408e-140,2.72988e-03,8.78876e-01,9.99870e-01
1.777102413e+00,7.54310e-140,4.58390e-137,7.84618e-05,8.81120e-01,9.99796e-01
1.785987925e+00,2.04647e-133,5.26340e-128,2.56306e-07,8.83325e-01,9.99673e-01
1.794917864e+00,8.26725e-129,3.81264e-122,7.35904e-09,8.85493e-01,9.99433e-01
1.803892454e+00,1.18183e-130,2.80816e-117,1.42375e-15,8.87622e-01,9.99142e-01
1.812911916e+00,3.62672e-131,1.24601e-112,1.04997e-20,8.89715e-01,9.98831e-01
1.821976476e+00,2.61138e-131,1.00588e-112,1.75377e-20,8.91771e-01,9.98622e-01
1.831086358e+00,2.87421e-110,5.02382e-90,1.92373e-22,8.93791e-01,9.98450e-01
1.840241790e+00,1.30690e-92,1.89915e-76,2.41301e-18,8.95775e-01,9.98286e-01
1.849442999e+00,2.48938e-68,7.56329e-53,2.52947e-17,8.97725e-01,9.98153e-01
1.858690214e+00,5.66925e-75,7.64830e-50,4.84499e-27,8.99640e-01,9.97865e-01
1.867983665e+00,4.03496e-76,2.38753e-50,5.64083e-28,9.01521e-01,9.97622e-01
1.877323583e+00,4.47445e-268,8.98872e-259,2.65059e-11,9.03369e-01,9.97738e-01
1.886710201e+00,0.00000e+00,0.00000e+00,1.23973e-09,9.05184e-01,9.98083e-01
1.896143752e+00,0.00000e+00,0.00000e+00,9.91803e-09,9.06967e-01,9.98270e-01
1.905624471e+00,0.00000e+00,0.00000e+00,1.11776e-16,9.08718e-01,9.98390e-01
1.915152593e+00,0.00000e+00,0.00000e+00,6.91692e-20,9.10438e-01,9.98498e-01
1.924728356e+00,0.00000e+00,0.00000e+00,4.31263e-22,9.12127e-01,9.98675e-01
1.934351998e+00,0.00000e+00,0.00000e+00,4.38213e-25,9.13785e-01,9.98908e-01
1.944023758e+00,0.00000e+00,0.00000e+00,1.15418e-13,9.15414e-01,9.99213e-01
1.953743877e+00,0.00000e+00,0.00000e+00,3.71674e-13,9.17014e-01,9.99484e-01
1.963512596e+00,0.00000e+00,0.00000e+00,4.42264e-09,9.18584e-01,9.99678e-01
1.973330159e+00,0.00000e+00,0.00000e+00,1.18842e-06,9.20126e-01,9.99806e-01
1.983196810e+00,0.00000e+00,0.00000e+00,5.74244e-04,9.21640e-01,9.99875e-01
1.993112794e+00,0.00000e+00,0.00000e+00,2.59794e-03,9.23127e-01,9.99918e-01
2.003078358e+00,0.00000e+00,0.00000e+00,2.07423e-02,9.24587e-01,9.99946e-01
2.013093750e+00,0.00000e+00,0.00000e+00,7.76163e-02,9.26020e-01,9.99965e-01
2.023159218e+00,0.00000e+00,0.00000e+00,2.19542e-01,9.27427e-01,9.99977e-01
2.033275015e+00,0.00000e+00,0.00000e+00,3.22126e-01,9.28808e-01,9.99985e-01
2.043441390e+00,0.00000e+00,0.00000e+00,4.90668e-01,9.30164e-01,9.99990e-01
2.053658597e+00,0.00000e+00,0.00000e+00,5.49661e-01,9.31495e-01,9.99993e-01
2.063926890e+00,0.00000e+00,0.00000e+00,6.63939e-01,9.32801e-01,9.99994e-01
2.074246524e+00,0.00000e+00,0.00000e+00,7.01774e-01,9.34084e-01,9.99996e-01
2.084617757e+00,0.00000e+00,0.00000e+00,7.92691e-01,9.35343e-01,9.99997e-01
2.095040845e+00,0.00000e+00,0.00000e+00,8.32484e-01,9.36579e-01,9.99997e-01
2.105516050e+00,0.00000e+00,0.00000e+00,8.54686e-01,9.37792e-01,9.99997e-01
2.116043630e+00,0.00000e+00,0.00000e+00,8.60501e-01,9.38982e-01,9.99997e-01
2.126623848e+00,0.00000e+00,0.00000e+00,9.12497e-01,9.40151e-01,9.99997e-01
2.137256967e+00,0.00000e+00,0.00000e+00,9.16576e-01,9.41297e-01,9.99997e-01
2.147943252e+00,0.00000e+00,0.00000e+00,9.19586e-01,9.42423e-01,9.99997e-01
2.158682968e+00,0.00000e+00,0.00000e+00,9.26174e-01,9.43527e-01,9.99997e-01
2.169476383e+00,1.01375e-278,1.13952e-278,9.21598e-01,9.44611e-01,9.99997e-01
2.180323765e+00,1.30736e-172,1.47033e-172,9.10959e-01,9.45675e-01,9.99997e-01
2.191225384e+00,5.89551e-86,6.61599e-86,8.92741e-01,9.46719e-01,9.99997e-01
2.202181511e+00,9.99336e-55,1.14684e-54,8.68164e-01,9.47743e-01,9.99997e-01
2.213192418e+00,2.10249e-27,2.38744e-27,8.67679e-01,9.48749e-01,9.99996e-01
2.224258381e+00,8.01991e-18,9.23026e-18,8.44682e-01,9.49735e-01,9.99996e-01
2.235379672e+00,2.82865e-12,3.25088e-12,8.66997e-01,9.50703e-01,9.99996e-01
2.246556571e+00,1.55696e-08,1.89687e-08,7.76567e-01,9.51653e-01,9.99995e-01
2.257789354e+00,4.41722e-06,5.46392e-06,8.23058e-01,9.52585e-01,9.99994e-01
2.269078300e+00,9.20861e-06,1.47037e-05,6.19319e-01,9.53499e-01,9.99992e-01
2.280423692e+00,3.70770e-05,5.28142e-05,6.71420e-01,9.54396e-01,9.99991e-01
2.291825810e+00,4.50314e-04,9.25108e-04,4.61378e-01,9.55277e-01,9.99988e-01
2.303284939e+00,1.94305e-03,3.84544e-03,5.00659e-01,9.56140e-01,9.99984e-01
2.314801364e+00,2.41750e-03,7.29008e-03,3.10883e-01,9.56988e-01,9.99977e-01
2.326375371e+00,1.16446e-02,3.76618e-02,2.97408e-01,9.57819e-01,9.99970e-01
2.338007248e+00,8.52423e-03,2.73087e-02,2.87469e-01,9.58635e-01,9.99959e-01
2.349697284e+00,6.08782e-03,4.57234e-02,1.12848e-01,9.59435e-01,9.99944e-01
2.361445770e+00,1.29338e-02,8.16387e-02,1.52938e-01,9.60220e-01,9.99923e-01
2.373252999e+00,1.19967e-02,1.08400e-01,8.86606e-02,9.60990e-01,9.99893e-01
2.385119264e+00,7.03240e-03,3.82239e-01,1.50629e-02,9.61746e-01,9.99854e-01
2.397044861e+00,4.77960e-02,6.64138e-01,7.19972e-02,9.62487e-01,9.99779e-01
2.409030085e+00,3.93490e-03,4.92978e-01,7.54083e-03,9.63214e-01,9.99677e-01
2.421075235e+00,5.76584e-03,3.21182e-01,1.33198e-02,9.63928e-01,9.99558e-01
2.433180612e+00,4.93080e-05,4.72420e-03,3.16159e-03,9.64627e-01,9.99401e-01
2.445346515e+00,2.70699e-05,6.70451e-02,2.13963e-04,9.65314e-01,9.99199e-01
2.457573247e+00,1.21349e-09,3.27628e-05,6.36829e-06,9.65987e-01,9.98921e-01
2.469861113e+00,1.55218e-40,1.45619e-33,3.59527e-09,9.66648e-01,9.98541e-01
2.482210419e+00,7.62512e-181,1.83115e-162,2.59123e-20,9.67296e-01,9.97949e-01
2.494621471e+00,9.11018e-282,1.49334e-255,1.89647e-28,9.67931e-01,9.97092e-01
2.507094578e+00,2.93397e-301,8.67868e-249,1.06304e-54,9.68554e-01,9.95757e-01
2.519630051e+00,0.00000e+00,0.00000e+00,2.13865e-85,9.69166e-01,9.93807e-01
2.532228202e+00,0.00000e+00,0.00000e+00,1.41645e-116,9.69766e-01,9.91718e-01
2.544889343e+00,0.00000e+00,0.00000e+00,1.74245e-157,9.70354e-01,9.89424e-01
2.557613789e+00,0.00000e+00,0.00000e+00,2.87682e-154,9.70931e-01,9.87561e-01
2.570401858e+00,0.00000e+00,0.00000e+00,7.01361e-258,9.71497e-01,9.86548e-01
2.583253867e+00,0.00000e+00,0.00000e+00,5.49738e-218,9.72052e-01,9.85300e-01
2.596170137e+00,0.00000e+00,0.00000e+00,9.96468e-185,9.72596e-01,9.85077e-01
2.609150988e+00,0.00000e+00,0.00000e+00,3.93138e-129,9.73130e-01,9.84072e-01
2.622196742e+00,0.00000e+00,0.00000e+00,2.11495e-108,9.73654e-01,9.83637e-01
2.635307726e+00,0.00000e+00,0.00000e+00,2.28243e-48,9.74167e-01,9.82902e-01
2.648484265e+00,0.00000e+00,0.00000e+00,1.33683e-58,9.74671e-01,9.80494e-01
2.661726686e+00,0.00000e+00,0.00000e+00,2.92174e-104,9.75165e-01,9.78297e-01
2.675035320e+00,0.00000e+00,0.00000e+00,0.00000e+00,9.75650e-01,9.79385e-01
2.688410496e+00,0.00000e+00,0.00000e+00,8.66010e-187,9.76125e-01,9.80546e-01
2.701852549e+00,0.00000e+00,0.00000e+00,6.64763e-163,9.76591e-01,9.82376e-01
2.715361811e+00,0.00000e+00,0.00000e+00,1.85161e-161,9.77048e-01,9.83598e-01
2.728938620e+00,0.00000e+00,0.00000e+00,7.57828e-115,9.77496e-01,9.85452e-01
2.742583314e+00,0.00000e+00,0.00000e+00,9.47999e-123,9.77936e-01,9.85988e-01
2.756296230e+00,0.00000e+00,0.00000e+00,6.60252e-127,9.78367e-01,9.86545e-01
2.770077711e+00,0.00000e+00,0.00000e+00,3.00507e-175,9.78789e-01,9.88427e-01
2.783928100e+00,0.00000e+00,0.00000e+00,5.27132e-175,9.79204e-01,9.89412e-01
2.797847740e+00,0.00000e+00,0.00000e+00,1.48778e-132,9.79610e-01,9.90898e-01
2.811836979e+00,0.00000e+00,0.00000e+00,1.15763e-141,9.80009e-01,9.92747e-01
2.825896164e+00,0.00000e+00,0.00000e+00,2.32002e-122,9.80400e-01,9.94401e-01
2.840025645e+00,0.00000e+00,0.00000e+00,1.05608e-92,9.80783e-01,9.95574e-01
2.854225773e+00,0.00000e+00,0.00000e+00,1.03592e-80,9.81159e-01,9.96491e-01
2.868496902e+00,0.00000e+00,0.00000e+00,4.76366e-76,9.81528e-01,9.97474e-01
2.882839386e+00,0.00000e+00,0.00000e+00,1.72482e-60,9.81890e-01,9.98147e-01
2.897253583e+00,0.00000e+00,0.00000e+00,1.37379e-51,9.82244e-01,9.98511e-01
2.911739851e+00,0.00000e+00,0.00000e+00,1.23541e-34,9.82592e-01,9.98812e-01
2.926298550e+00,0.00000e+00,0.00000e+00,6.09576e-24,9.82933e-01,9.99102e-01
2.940930043e+00,0.00000e+00,0.00000e+00,1.76060e-23,9.83267e-01,9.99284e-01
2.955634693e+00,0.00000e+00,0.00000e+00,1.30306e-23,9.83595e-01,9.99405e-01
2.970412867e+00,0.00000e+00,0.00000e+00,2.94593e-20,9.83916e-01,9.99534e-01
2.985264931e+00,0.00000e+00,0.00000e+00,5.43271e-16,9.84231e-01,9.99638e-01
3.000191256e+00,0.00000e+00,0.00000e+00,1.99052e-12,9.84540e-01,9.99690e-01
3.015192212e+00,0.00000e+00,0.00000e+00,6.99407e-12,9.84843e-01,9.99742e-01
3.030268173e+00,0.00000e+00,0.00000e+00,3.38505e-10,9.85140e-01,9.99778e-01
3.045419514e+00,0.00000e+00,0.00000e+00,1.62869e-11,9.85432e-01,9.99798e-01
3.060646612e+00,3.83361e-305,5.26428e-299,9.49085e-08,9.85717e-01,9.99821e-01
3.075949845e+00,3.37496e-245,1.01502e-236,1.79524e-07,9.85998e-01,2.56650e-03
3.091329594e+00,1.98432e-235,2.99886e-224,5.12612e-07,9.86272e-01,5.65345e-07
3.106786242e+00,2.24818e-244,1.45676e-222,2.14650e-06,9.86542e-01,1.18122e-17
3.122320173e+00,3.20015e-204,1.45375e-153,1.82468e-05,9.86806e-01,1.82138e-47
3.137931774e+00,5.98675e-178,7.16512e-152,2.07224e-05,9.87064e-01,7.52047e-23
3.153621433e+00,1.41268e-163,6.75442e-156,1.10230e-03,9.87318e-01,1.98547e-06
3.169389540e+00,2.08739e-235,2.68833e-210,2.05039e-03,9.87567e-01,7.36919e-24
3.185236488e+00,8.50465e-209,2.69359e-168,7.16628e-04,9.87811e-01,8.80503e-39
3.201162670e+00,1.29918e-205,5.88446e-134,7.15285e-07,9.88051e-01,2.46672e-67
3.217168483e+00,5.88504e-230,9.32159e-130,1.49351e-05,9.88285e-01,8.40642e-97
3.233254326e+00,3.76828e-256,4.38763e-108,6.85982e-04,9.88515e-01,3.17246e-146
3.249420598e+00,4.37632e-301,1.80765e-60,8.58447e-03,9.88741e-01,1.09055e-239
3.265667701e+00,0.00000e+00,1.17395e-52,6.36641e-04,9.88962e-01,0.00000e+00
3.281996039e+00,0.00000e+00,2.77290e-38,2.07744e-03,9.89179e-01,0.00000e+00
3.298406019e+00,0.00000e+00,9.12777e-34,1.35084e-04,9.89391e-01,0.00000e+00
3.314898049e+00,0.00000e+00,4.02628e-33,7.35318e-05,9.89600e-01,0.00000e+00
3.331472540e+00,0.00000e+00,4.32241e-31,2.99046e-04,9.89804e-01,0.00000e+00
3.348129902e+00,0.00000e+00,2.68033e-24,1.57291e-04,9.90005e-01,0.00000e+00
3.364870552e+00,0.00000e+00,8.85549e-24,7.41364e-04,9.90201e-01,0.00000e+00
3.381694905e+00,1.48220e-323,5.11255e-19,2.70541e-03,9.90394e-01,1.55189e-303
3.398603379e+00,3.03524e-198,3.07153e-15,8.14378e-03,9.90582e-01,6.69243e-182
3.415596396e+00,4.47090e-121,1.06154e-14,3.26919e-02,9.90768e-01,8.27774e-106
3.432674378e+00,5.01095e-81,1.00360e-16,3.68685e-02,9.90949e-01,6.51975e-64
3.449837750e+00,2.00343e-50,2.08779e-21,1.00066e-01,9.91127e-01,5.14677e-29
3.467086939e+00,2.89244e-46,9.73339e-41,2.03838e-01,9.91302e-01,1.03693e-05
3.484422373e+00,2.27140e-56,3.79772e-55,2.17247e-01,9.91473e-01,1.57637e-01
3.501844485e+00,1.47794e-83,3.82240e-81,4.14547e-01,9.91640e-01,7.49425e-03
3.519353708e+00,3.34217e-98,5.40759e-98,4.80967e-01,9.91805e-01,9.97073e-01
3.536950476e+00,2.14300e-124,3.54030e-124,5.12664e-01,9.91966e-01,9.91647e-01
3.554635228e+00,4.22525e-120,5.98573e-120,6.62675e-01,9.92124e-01,9.81233e-01
3.572408405e+00,9.82868e-99,1.33654e-98,6.71129e-01,9.92279e-01,9.68454e-01
3.590270447e+00,4.91557e-92,6.05503e-92,7.56740e-01,9.92431e-01,9.81870e-01
3.608221799e+00,2.02811e-64,2.41314e-64,8.05346e-01,9.92580e-01,9.90851e-01
3.626262908e+00,1.60517e-35,1.77883e-35,8.31059e-01,9.92726e-01,9.98116e-01
3.644394222e+00,5.30606e-28,5.86819e-28,8.94967e-01,9.92869e-01,9.99254e-01
3.662616193e+00,1.74183e-12,1.95987e-12,8.32507e-01,9.93009e-01,9.95764e-01
3.680929274e+00,1.67038e-06,2.08811e-06,7.42804e-01,9.93147e-01,9.79152e-01
3.699333921e+00,5.88488e-04,7.02416e-04,8.69801e-01,9.93282e-01,9.53984e-01
3.717830590e+00,1.93013e-04,2.32575e-04,8.96752e-01,9.93414e-01,9.10291e-01
3.736419743e+00,8.39998e-08,1.07316e-07,8.80292e-01,9.93544e-01,8.64927e-01
3.755101842e+00,2.50232e-30,3.14392e-30,8.72077e-01,9.93671e-01,8.79620e-01
3.773877351e+00,3.55631e-73,4.19888e-73,8.93261e-01,9.93795e-01,9.29026e-01
3.792746738e+00,3.20533e-190,3.63358e-190,8.72796e-01,9.93918e-01,9.71289e-01
3.811710472e+00,8.81930e-123,9.84028e-123,8.46235e-01,9.94037e-01,9.87005e-01
3.830769024e+00,9.28907e-123,1.04664e-122,8.35102e-01,9.94155e-01,9.95008e-01
3.849922869e+00,4.98520e-170,5.78381e-170,7.70484e-01,9.94270e-01,9.98704e-01
3.869172484e+00,2.90427e-104,3.44501e-104,7.41751e-01,9.94383e-01,9.88958e-01
3.888518346e+00,8.70068e-43,1.02294e-42,8.42487e-01,9.94493e-01,9.73596e-01
3.907960938e+00,3.79413e-34,4.62792e-34,8.26150e-01,9.94602e-01,9.54753e-01
3.927500742e+00,1.49962e-34,2.00735e-34,3.64049e-01,9.94708e-01,9.45578e-01
3.947138246e+00,8.38743e-51,1.51211e-50,4.82134e-01,9.94812e-01,9.69559e-01
3.966873937e+00,2.58874e-78,3.80055e-78,2.03997e-01,9.94915e-01,9.93546e-01
3.986708307e+00,1.47249e-123,1.77688e-123,7.23000e-01,9.95015e-01,9.99992e-01
4.006641849e+00,6.27461e-228,6.78728e-228,8.88380e-01,9.95113e-01,9.99992e-01
4.026675058e+00,0.00000e+00,0.00000e+00,8.71474e-01,9.95209e-01,9.99992e-01
4.046808433e+00,0.00000e+00,0.00000e+00,8.46581e-01,9.95304e-01,9.99991e-01
4.067042475e+00,0.00000e+00,0.00000e+00,8.25156e-01,9.95396e-01,9.99991e-01
4.087377688e+00,0.00000e+00,0.00000e+00,8.13812e-01,9.95487e-01,9.99991e-01
4.107814576e+00,0.00000e+00,0.00000e+00,7.51911e-01,9.95576e-01,9.99990e-01
4.128353649e+00,0.00000e+00,0.00000e+00,6.39509e-01,9.95663e-01,9.99990e-01
4.148995417e+00,0.00000e+00,0.00000e+00,5.75986e-01,9.95748e-01,9.99990e-01
4.169740394e+00,0.00000e+00,0.00000e+00,4.13915e-01,9.95832e-01,9.99989e-01
4.190589096e+00,0.00000e+00,0.00000e+00,3.44466e-01,9.95914e-01,9.99989e-01
4.211542042e+00,0.00000e+00,0.00000e+00,1.88975e-01,9.95995e-01,9.99988e-01
4.232599752e+00,0.00000e+00,0.00000e+00,1.58245e-01,9.96074e-01,9.99987e-01
4.253762751e+00,0.00000e+00,0.00000e+00,9.68114e-02,9.96151e-01,9.99987e-01
4.275031564e+00,0.00000e+00,0.00000e+00,4.00900e-02,9.96227e-01,9.99986e-01
4.296406722e+00,0.00000e+00,0.00000e+00,1.65090e-02,9.96301e-01,9.99985e-01
4.317888756e+00,0.00000e+00,0.00000e+00,2.48588e-02,9.96374e-01,9.99984e-01
4.339478200e+00,0.00000e+00,0.00000e+00,9.81594e-03,9.96446e-01,9.99983e-01
4.361175591e+00,0.00000e+00,0.00000e+00,6.03438e-03,9.96516e-01,9.99981e-01
4.382981469e+00,0.00000e+00,0.00000e+00,5.88553e-03,9.96585e-01,9.99980e-01
4.404896376e+00,0.00000e+00,0.00000e+00,5.33872e-03,9.96652e-01,9.99978e-01
4.426920858e+00,0.00000e+00,0.00000e+00,2.03511e-03,9.96718e-01,9.99976e-01
4.449055462e+00,0.00000e+00,0.00000e+00,4.31079e-03,9.96783e-01,9.99974e-01
4.471300739e+00,0.00000e+00,0.00000e+00,1.21611e-03,9.96846e-01,9.99971e-01
4.493657243e+00,0.00000e+00,0.00000e+00,3.70247e-03,9.96908e-01,9.99968e-01
4.516125529e+00,0.00000e+00,0.00000e+00,6.69956e-04,9.96969e-01,9.99965e-01
4.538706157e+00,0.00000e+00,0.00000e+00,3.85484e-03,9.97029e-01,9.99961e-01
4.561399688e+00,0.00000e+00,0.00000e+00,3.81632e-03,9.97087e-01,9.99956e-01
4.584206686e+00,0.00000e+00,0.00000e+00,6.00986e-03,9.97145e-01,9.99950e-01
4.607127720e+00,0.00000e+00,0.00000e+00,2.64249e-03,9.97201e-01,9.99943e-01
4.630163358e+00,0.00000e+00,0.00000e+00,3.94554e-05,9.97256e-01,9.99935e-01
4.653314175e+00,0.00000e+00,0.00000e+00,2.13127e-05,9.97310e-01,9.99925e-01
4.676580746e+00,0.00000e+00,0.00000e+00,1.74743e-06,9.97364e-01,9.99913e-01
4.699963650e+00,0.00000e+00,0.00000e+00,1.04295e-05,9.97415e-01,9.99899e-01
4.723463468e+00,0.00000e+00,0.00000e+00,3.75086e-07,9.97466e-01,9.99881e-01
4.747080785e+00,0.00000e+00,0.00000e+00,3.07881e-05,9.97516e-01,9.99860e-01
4.770816189e+00,0.00000e+00,0.00000e+00,1.67056e-06,9.97565e-01,9.99833e-01
4.794670270e+00,0.00000e+00,0.00000e+00,4.22390e-09,9.97613e-01,9.99803e-01
4.818643622e+00,0.00000e+00,0.00000e+00,9.08224e-10,9.97660e-01,9.99766e-01
4.842736840e+00,0.00000e+00,0.00000e+00,4.56216e-09,9.97707e-01,9.99725e-01
4.866950524e+00,0.00000e+00,0.00000e+00,3.02295e-08,9.97752e-01,9.99673e-01
4.891285276e+00,0.00000e+00,0.00000e+00,4.84970e-11,9.97796e-01,9.99607e-01
4.915741703e+00,0.00000e+00,0.00000e+00,2.30126e-10,9.97840e-01,9.99543e-01
4.940320411e+00,0.00000e+00,0.00000e+00,1.34081e-11,9.97882e-01,9.99453e-01
4.965022013e+00,0.00000e+00,0.00000e+00,1.21921e-15,9.97924e-01,9.99366e-01
4.989847123e+00,0.00000e+00,0.00000e+00,1.03621e-13,9.97965e-01,9.99285e-01
5.014796359e+00,0.00000e+00,0.00000e+00,2.41916e-16,9.98005e-01,9.99172e-01
5.039870341e+00,0.00000e+00,0.00000e+00,3.03248e-16,9.98044e-01,9.99038e-01
5.065069693e+00,0.00000e+00,0.00000e+00,4.16886e-16,9.98083e-01,9.98853e-01
5.090395041e+00,0.00000e+00,0.00000e+00,1.14822e-23,9.98121e-01,9.98675e-01
5.115847016e+00,0.00000e+00,0.00000e+00,5.12737e-24,9.98158e-01,9.98459e-01
5.141426251e+00,0.00000e+00,0.00000e+00,3.02011e-31,9.98194e-01,9.98222e-01
5.167133383e+00,0.00000e+00,0.00000e+00,5.13626e-36,9.98230e-01,9.97984e-01
5.192969049e+00,0.00000e+00,0.00000e+00,6.20571e-36,9.98265e-01,9.97712e-01
5.218933895e+00,0.00000e+00,0.00000e+00,5.03749e-57,9.98299e-01,9.97457e-01
5.245028564e+00,0.00000e+00,0.00000e+00,2.58550e-43,9.98333e-01,9.97205e-01
5.271253707e+00,0.00000e+00,0.00000e+00,8.44647e-45,9.98365e-01,9.96861e-01
5.297609976e+00,0.00000e+00,0.00000e+00,1.29871e-54,9.98398e-01,9.96526e-01
5.324098025e+00,0.00000e+00,0.00000e+00,6.36172e-55,9.98429e-01,9.96215e-01
5.350718516e+00,0.00000e+00,0.00000e+00,1.56359e-67,9.98460e-01,9.95670e-01
5.377472108e+00,0.00000e+00,0.00000e+00,1.82982e-70,9.98491e-01,9.95391e-01
5.404359469e+00,0.00000e+00,0.00000e+00,1.91833e-70,9.98520e-01,9.94777e-01
5.431381266e+00,0.00000e+00,0.00000e+00,3.20356e-131,9.98550e-01,9.94380e-01
5.458538172e+00,0.00000e+00,0.00000e+00,3.18148e-131,9.98578e-01,9.93779e-01
5.485830863e+00,0.00000e+00,0.00000e+00,4.58422e-141,9.98606e-01,9.93059e-01
5.513260018e+00,0.00000e+00,0.00000e+00,5.20167e-149,9.98634e-01,9.92357e-01
5.540826318e+00,0.00000e+00,0.00000e+00,7.31724e-156,9.98661e-01,9.91502e-01
5.568530449e+00,0.00000e+00,3.04895e-310,3.99643e-245,9.98687e-01,9.05411e-01
5.596373101e+00,0.00000e+00,2.48658e-228,6.37575e-234,9.98713e-01,8.65611e-01
5.624354967e+00,0.00000e+00,1.94270e-201,2.21916e-211,9.98738e-01,8.25623e-01
5.652476742e+00,0.00000e+00,3.12087e-170,2.51508e-230,9.98763e-01,7.75335e-01
5.680739126e+00,0.00000e+00,2.79547e-153,4.53273e-266,9.98788e-01,7.16649e-01
5.709142821e+00,0.00000e+00,3.25699e-146,3.48322e-290,9.98812e-01,6.45738e-01
5.737688535e+00,0.00000e+00,2.03560e-150,1.40753e-281,9.98835e-01,5.57700e-01
5.766376978e+00,0.00000e+00,1.28356e-130,3.35419e-213,9.98858e-01,4.64732e-01
5.795208863e+00,1.79160e-287,1.77356e-94,9.08824e-195,9.98881e-01,3.64602e-01
5.824184907e+00,1.81526e-304,1.02135e-68,4.55068e-237,9.98903e-01,2.59251e-01
5.853305832e+00,1.39818e-301,2.24664e-69,1.57083e-233,9.98924e-01,1.69131e-01
5.882572361e+00,0.00000e+00,1.62617e-80,2.87285e-287,9.98945e-01,9.59136e-02
5.911985223e+00,0.00000e+00,8.94275e-70,3.08630e-276,9.98966e-01,4.55206e-02
5.941545149e+00,9.08532e-319,2.62783e-35,5.72862e-284,9.98987e-01,1.81257e-02
5.971252874e+00,1.03909e-266,7.96940e-22,1.10150e-244,9.99007e-01,5.00397e-03
6.001109139e+00,8.62341e-185,2.53844e-18,1.34830e-164,9.99026e-01,9.22182e-04
6.031114685e+00,1.70489e-202,1.38494e-19,6.55051e-181,9.99045e-01,1.14121e-04
6.061270258e+00,3.22647e-208,2.19015e-25,7.20737e-180,9.99064e-01,6.14665e-06
6.091576609e+00,1.29271e-194,3.70622e-37,1.09494e-152,9.99083e-01,1.32080e-07
6.122034492e+00,2.64906e-150,4.17568e-48,1.65930e-95,9.99101e-01,1.15053e-09
6.152644665e+00,1.51429e-173,4.30401e-67,4.62342e-97,9.99119e-01,2.41603e-12
6.183407888e+00,1.79859e-154,1.36096e-77,4.94783e-64,9.99136e-01,8.02305e-16
6.214324928e+00,1.57769e-144,1.05758e-83,3.04276e-43,9.99153e-01,2.45480e-20
6.245396552e+00,5.22237e-116,2.20309e-62,5.63304e-30,9.99170e-01,3.46516e-26
6.276623535e+00,2.77238e-120,2.73149e-58,1.72555e-30,9.99186e-01,9.53749e-34
6.308006653e+00,2.33825e-130,2.00918e-59,2.48084e-30,9.99202e-01,1.77115e-43
6.339546686e+00,1.68720e-199,1.27872e-80,6.10720e-66,9.99218e-01,6.49166e-56
6.371244419e+00,2.65718e-305,8.39871e-92,7.94875e-145,9.99233e-01,1.19507e-71
6.403100641e+00,0.00000e+00,2.37974e-66,1.67997e-205,9.99248e-01,7.05090e-90
6.435116145e+00,0.00000e+00,3.19984e-29,0.00000e+00,9.99263e-01,3.52412e-112
6.467291725e+00,0.00000e+00,6.36124e-15,0.00000e+00,9.99278e-01,8.21320e-153
6.499628184e+00,0.00000e+00,5.11060e-07,0.00000e+00,9.99292e-01,5.82281e-194
6.532126325e+00,0.00000e+00,7.89829e-05,0.00000e+00,9.99306e-01,3.93807e-240
6.564786956e+00,0.00000e+00,9.88331e-04,0.00000e+00,9.99320e-01,7.72955e-308
6.597610891e+00,0.00000e+00,3.21547e-03,0.00000e+00,9.99333e-01,0.00000e+00
6.630598946e+00,0.00000e+00,6.58344e-03,0.00000e+00,9.99346e-01,0.00000e+00
6.663751940e+00,0.00000e+00,6.60031e-03,0.00000e+00,9.99359e-01,0.00000e+00
6.697070700e+00,0.00000e+00,1.88089e-03,0.00000e+00,9.99372e-01,0.00000e+00
6.730556054e+00,0.00000e+00,1.75573e-04,1.42506e-246,9.99384e-01,0.00000e+00
6.764208834e+00,0.00000e+00,3.74401e-06,1.42399e-246,9.99396e-01,0.00000e+00
6.798029878e+00,0.00000e+00,5.85036e-09,3.10371e-303,9.99408e-01,0.00000e+00
6.832020027e+00,0.00000e+00,1.40091e-12,3.10313e-303,9.99420e-01,0.00000e+00
6.866180128e+00,0.00000e+00,5.22418e-20,0.00000e+00,9.99431e-01,0.00000e+00
6.900511028e+00,0.00000e+00,2.45996e-28,2.36358e-198,9.99442e-01,0.00000e+00
6.935013583e+00,0.00000e+00,7.56095e-49,2.38865e-198,9.99453e-01,0.00000e+00
6.969688651e+00,0.00000e+00,8.12145e-70,4.97821e-250,9.99464e-01,0.00000e+00
7.004537095e+00,0.00000e+00,5.23848e-112,4.06052e-247,9.99475e-01,0.00000e+00
7.039559780e+00,0.00000e+00,3.56032e-145,7.85050e-268,9.99485e-01,0.00000e+00
7.074757579e+00,0.00000e+00,7.77595e-201,5.76764e-210,9.99495e-01,0.00000e+00
7.110131367e+00,0.00000e+00,2.66762e-234,3.17872e-208,9.99505e-01,0.00000e+00
7.145682024e+00,0.00000e+00,1.30421e-280,1.70333e-233,9.99515e-01,0.00000e+00
7.181410434e+00,0.00000e+00,2.41729e-306,4.84508e-298,9.99525e-01,0.00000e+00
7.217317486e+00,0.00000e+00,6.02760e-322,3.13642e-219,9.99534e-01,0.00000e+00
7.253404073e+00,0.00000e+00,1.48273e-317,3.09911e-219,9.99543e-01,0.00000e+00
7.289671094e+00,0.00000e+00,3.14429e-251,1.20816e-191,9.99552e-01,0.00000e+00
7.326119449e+00,0.00000e+00,1.87144e-237,3.96972e-191,9.99561e-01,0.00000e+00
7.362750046e+00,0.00000e+00,4.99588e-258,1.06087e-138,9.99570e-01,0.00000e+00
7.399563797e+00,0.00000e+00,4.93165e-256,7.07149e-114,9.99578e-01,0.00000e+00
7.436561616e+00,0.00000e+00,8.15396e-213,2.32478e-123,9.99586e-01,0.00000e+00
7.473744424e+00,0.00000e+00,3.73386e-139,4.64411e-116,9.99595e-01,0.00000e+00
7.511113146e+00,0.00000e+00,5.41228e-97,7.52145e-101,9.99602e-01,0.00000e+00
7.548668712e+00,0.00000e+00,3.75850e-58,7.18430e-105,9.99610e-01,0.00000e+00
7.586412055e+00,0.00000e+00,2.80608e-49,7.32648e-191,9.99618e-01,0.00000e+00
7.624344115e+00,0.00000e+00,1.17840e-48,1.02423e-92,9.99626e-01,0.00000e+00
7.662465836e+00,0.00000e+00,6.54887e-55,3.60893e-57,9.99633e-01,0.00000e+00
7.700778165e+00,0.00000e+00,8.44867e-74,1.82058e-57,9.99640e-01,0.00000e+00
7.739282056e+00,0.00000e+00,1.06022e-123,3.92059e-95,9.99647e-01,0.00000e+00
7.777978466e+00,0.00000e+00,2.47499e-166,5.43905e-65,9.99654e-01,0.00000e+00
7.816868359e+00,0.00000e+00,1.25900e-225,3.17627e-53,9.99661e-01,0.00000e+00
7.855952700e+00,0.00000e+00,8.56285e-231,1.45043e-53,9.99668e-01,0.00000e+00
7.895232464e+00,0.00000e+00,1.29375e-193,4.04056e-53,9.99674e-01,0.00000e+00
7.934708626e+00,0.00000e+00,4.95414e-179,1.02130e-31,9.99681e-01,0.00000e+00
7.974382169e+00,0.00000e+00,2.96353e-196,2.27840e-24,9.99687e-01,0.00000e+00
8.014254080e+00,0.00000e+00,1.47669e-237,5.98127e-25,9.99693e-01,0.00000e+00
8.054325351e+00,0.00000e+00,1.67425e-243,1.81172e-23,9.99699e-01,0.00000e+00
8.094596977e+00,0.00000e+00,1.43022e-232,3.06286e-19,9.99705e-01,0.00000e+00
8.135069962e+00,0.00000e+00,2.58168e-210,9.24169e-19,9.99711e-01,0.00000e+00
8.175745312e+00,0.00000e+00,1.16258e-173,1.96092e-19,9.99717e-01,0.00000e+00
8.216624039e+00,0.00000e+00,6.56623e-150,6.30739e-16,9.99722e-01,0.00000e+00
8.257707159e+00,0.00000e+00,4.63636e-118,1.66586e-10,9.99728e-01,0.00000e+00
8.298995695e+00,0.00000e+00,2.48296e-107,2.28970e-09,9.99733e-01,0.00000e+00
8.340490673e+00,0.00000e+00,4.41997e-99,8.72581e-11,9.99738e-01,0.00000e+00
8.382193126e+00,0.00000e+00,7.27301e-92,4.69679e-08,9.99743e-01,2.87455e-276
8.424104092e+00,1.77133e-288,5.40381e-73,8.67320e-09,9.99748e-01,2.00684e-209
8.466224613e+00,1.32297e-222,9.88433e-57,1.47117e-08,9.99753e-01,3.39082e-159
8.508555736e+00,5.22601e-151,3.19256e-32,1.19916e-07,9.99758e-01,4.10515e-114
8.551098514e+00,6.38752e-112,1.01124e-23,2.13443e-05,9.99763e-01,6.50208e-85
8.593854007e+00,4.32574e-92,2.28182e-23,9.40739e-04,9.99768e-01,9.07927e-67
8.636823277e+00,4.02170e-80,3.46538e-27,1.55048e-03,9.99772e-01,4.44374e-51
8.680007393e+00,2.66836e-72,7.51036e-31,5.80193e-05,9.99777e-01,6.01331e-39
8.723407430e+00,4.12720e-66,9.36896e-34,2.25282e-04,9.99781e-01,1.27160e-29
8.767024467e+00,2.86505e-63,2.58348e-37,6.35643e-05,9.99785e-01,5.12198e-23
8.810859590e+00,2.90043e-147,7.35649e-128,5.52139e-04,9.99790e-01,6.35052e-18
8.854913888e+00,0.00000e+00,0.00000e+00,1.66420e-02,9.99794e-01,5.98043e-14
8.899188457e+00,0.00000e+00,0.00000e+00,1.07898e-02,9.99798e-01,6.61278e-11
8.943684399e+00,0.00000e+00,0.00000e+00,2.07688e-03,9.99802e-01,2.30020e-08
8.988402821e+00,0.00000e+00,0.00000e+00,1.35255e-03,9.99806e-01,1.37921e-06
9.033344836e+00,0.00000e+00,0.00000e+00,6.33361e-04,9.99809e-01,3.12392e-05
9.078511560e+00,0.00000e+00,0.00000e+00,2.90125e-03,9.99813e-01,3.50173e-04
9.123904118e+00,0.00000e+00,0.00000e+00,1.42922e-02,9.99817e-01,2.21071e-03
9.169523638e+00,0.00000e+00,0.00000e+00,1.03427e-02,9.99820e-01,9.19966e-03
9.215371256e+00,0.00000e+00,0.00000e+00,5.95344e-02,9.99824e-01,2.72492e-02
9.261448113e+00,0.00000e+00,0.00000e+00,4.65370e-02,9.99827e-01,6.31386e-02
9.307755353e+00,0.00000e+00,0.00000e+00,1.20564e-02,9.99831e-01,1.13955e-01
9.354294130e+00,0.00000e+00,0.00000e+00,6.76011e-03,9.99834e-01,1.88447e-01
9.401065601e+00,0.00000e+00,0.00000e+00,3.37435e-04,9.99837e-01,2.78110e-01
9.448070929e+00,0.00000e+00,0.00000e+00,3.48536e-03,9.99841e-01,3.65550e-01
9.495311283e+00,0.00000e+00,0.00000e+00,3.85859e-02,9.99844e-01,4.53246e-01
9.542787840e+00,0.00000e+00,0.00000e+00,8.69990e-02,9.99847e-01,5.44456e-01
9.590501779e+00,0.00000e+00,0.00000e+00,2.13605e-02,9.99850e-01,6.27397e-01
9.638454288e+00,0.00000e+00,0.00000e+00,2.11094e-02,9.99853e-01,6.93107e-01
9.686646559e+00,0.00000e+00,0.00000e+00,2.63798e-02,9.99856e-01,7.49586e-01
9.735079792e+00,0.00000e+00,0.00000e+00,6.68637e-02,9.99858e-01,7.97182e-01
9.783755191e+00,0.00000e+00,0.00000e+00,3.98477e-02,9.99861e-01,8.36713e-01
9.832673967e+00,0.00000e+00,0.00000e+00,1.53040e-03,9.99864e-01,8.69178e-01
9.881837337e+00,0.00000e+00,0.00000e+00,1.77857e-05,9.99867e-01,8.97812e-01
9.931246523e+00,0.00000e+00,0.00000e+00,1.12747e-02,9.99869e-01,9.20642e-01
9.980902756e+00,0.00000e+00,0.00000e+00,3.89430e-02,9.99872e-01,9.99786e-01
1.003080727e+01,0.00000e+00,0.00000e+00,3.87953e-02,9.99874e-01,9.99784e-01
1.008096131e+01,0.00000e+00,0.00000e+00,5.99953e-02,9.99877e-01,9.99782e-01
1.013136611e+01,0.00000e+00,0.00000e+00,1.18995e-01,9.99879e-01,9.99779e-01
1.018202294e+01,0.00000e+00,0.00000e+00,1.45254e-01,9.99882e-01,9.99777e-01
1.023293306e+01,0.00000e+00,0.00000e+00,4.17671e-02,9.99884e-01,9.99774e-01
1.028409772e+01,0.00000e+00,0.00000e+00,3.18383e-03,9.99886e-01,9.99772e-01
1.033551821e+01,0.00000e+00,0.00000e+00,1.44767e-03,9.99888e-01,9.99769e-01
1.038719580e+01,0.00000e+00,0.00000e+00,1.26707e-04,9.99891e-01,9.99767e-01
1.043913178e+01,0.00000e+00,0.00000e+00,1.14799e-04,9.99893e-01,9.99764e-01
1.049132744e+01,0.00000e+00,0.00000e+00,4.32952e-03,9.99895e-01,9.99761e-01
1.054378408e+01,0.00000e+00,0.00000e+00,1.09359e-02,9.99897e-01,9.99758e-01
1.059650300e+01,0.00000e+00,0.00000e+00,8.50343e-03,9.99899e-01,9.99754e-01
1.064948551e+01,0.00000e+00,0.00000e+00,5.44405e-03,9.99901e-01,9.99750e-01
1.070273294e+01,0.00000e+00,0.00000e+00,8.66257e-04,9.99903e-01,9.99745e-01
1.075624661e+01,0.00000e+00,0.00000e+00,9.69345e-04,9.99905e-01,9.99740e-01
1.081002784e+01,0.00000e+00,0.00000e+00,1.30741e-03,9.99907e-01,9.99735e-01
1.086407798e+01,0.00000e+00,0.00000e+00,3.13204e-05,9.99908e-01,9.99731e-01
1.091839837e+01,0.00000e+00,0.00000e+00,6.48080e-07,9.99910e-01,9.99726e-01
1.097299036e+01,0.00000e+00,0.00000e+00,7.51529e-11,9.99912e-01,9.99721e-01
1.102785531e+01,0.00000e+00,0.00000e+00,2.08548e-12,9.99914e-01,9.99718e-01
1.108299459e+01,0.00000e+00,0.00000e+00,1.21691e-05,9.99915e-01,9.99715e-01
1.113840956e+01,0.00000e+00,0.00000e+00,6.68844e-04,9.99917e-01,9.99711e-01
1.119410161e+01,0.00000e+00,0.00000e+00,2.56661e-03,9.99919e-01,9.99707e-01
1.125007212e+01,0.00000e+00,0.00000e+00,3.40398e-04,9.99920e-01,9.99703e-01
1.130632248e+01,0.00000e+00,0.00000e+00,2.11554e-04,9.99922e-01,9.99699e-01
1.136285409e+01,0.00000e+00,0.00000e+00,1.20191e-03,9.99923e-01,9.99695e-01
1.141966836e+01,0.00000e+00,0.00000e+00,1.98208e-03,9.99925e-01,9.99691e-01
1.147676670e+01,0.00000e+00,0.00000e+00,5.19958e-04,9.99926e-01,9.99687e-01
1.153415054e+01,0.00000e+00,0.00000e+00,2.79262e-05,9.99928e-01,9.99683e-01
1.159182129e+01,0.00000e+00,0.00000e+00,8.83007e-08,9.99929e-01,9.99678e-01
1.164978039e+01,0.00000e+00,0.00000e+00,2.69529e-10,9.99930e-01,9.99673e-01
1.170802930e+01,0.00000e+00,0.00000e+00,1.60881e-13,9.99932e-01,9.99669e-01
1.176656944e+01,0.00000e+00,0.00000e+00,2.02187e-08,9.99933e-01,9.99664e-01
1.182540229e+01,0.00000e+00,0.00000e+00,3.19925e-06,9.99934e-01,9.99659e-01
1.188452930e+01,0.00000e+00,0.00000e+00,3.84166e-06,9.99936e-01,9.99654e-01
1.194395195e+01,0.00000e+00,0.00000e+00,1.24643e-05,9.99937e-01,9.99649e-01
1.200367171e+01,0.00000e+00,0.00000e+00,1.21723e-04,9.99938e-01,9.99643e-01
1.206369007e+01,0.00000e+00,0.00000e+00,1.32004e-05,9.99939e-01,9.99637e-01
1.212400852e+01,0.00000e+00,0.00000e+00,1.16178e-04,9.99941e-01,9.99631e-01
1.218462856e+01,0.00000e+00,0.00000e+00,1.00155e-04,9.99942e-01,9.99624e-01
1.224555170e+01,0.00000e+00,0.00000e+00,1.07786e-06,9.99943e-01,9.99617e-01
1.230677946e+01,0.00000e+00,0.00000e+00,1.06874e-10,9.99944e-01,9.99610e-01
1.236831336e+01,0.00000e+00,0.00000e+00,1.52460e-12,9.99945e-01,9.99602e-01
1.243015492e+01,0.00000e+00,0.00000e+00,1.10853e-21,9.99946e-01,9.99593e-01
1.249230570e+01,0.00000e+00,0.00000e+00,2.12946e-20,9.99947e-01,9.99585e-01
1.255476723e+01,0.00000e+00,0.00000e+00,8.74558e-18,9.99948e-01,9.99575e-01
1.261754106e+01,0.00000e+00,0.00000e+00,4.93639e-09,9.99949e-01,9.99566e-01
1.268062877e+01,0.00000e+00,0.00000e+00,1.16868e-07,9.99950e-01,9.99556e-01
1.274403191e+01,0.00000e+00,0.00000e+00,9.45098e-08,9.99951e-01,9.99545e-01
1.280775207e+01,0.00000e+00,0.00000e+00,9.05560e-07,9.99952e-01,9.99534e-01
1.287179083e+01,0.00000e+00,0.00000e+00,4.11136e-08,9.99953e-01,9.99523e-01
1.293614979e+01,0.00000e+00,0.00000e+00,8.84399e-08,9.99954e-01,9.99511e-01
1.300083054e+01,0.00000e+00,0.00000e+00,4.83490e-10,9.99955e-01,9.99499e-01
1.306583469e+01,0.00000e+00,0.00000e+00,2.89702e-12,9.99956e-01,9.99486e-01
1.313116386e+01,0.00000e+00,0.00000e+00,7.50112e-13,9.99957e-01,9.99473e-01
1.319681968e+01,0.00000e+00,0.00000e+00,9.45639e-14,9.99957e-01,9.99459e-01
1.326280378e+01,0.00000e+00,0.00000e+00,1.94728e-20,9.99958e-01,9.99445e-01
1.332911780e+01,0.00000e+00,0.00000e+00,1.66085e-22,9.99959e-01,9.99430e-01
1.339576339e+01,0.00000e+00,0.00000e+00,3.74803e-23,9.99960e-01,9.77348e-01
1.346274221e+01,0.00000e+00,0.00000e+00,2.71225e-34,9.99961e-01,9.75089e-01
1.353005592e+01,0.00000e+00,0.00000e+00,3.65663e-18,9.99961e-01,9.72605e-01
1.359770620e+01,0.00000e+00,0.00000e+00,7.21166e-17,9.99962e-01,9.70231e-01
1.366569473e+01,0.00000e+00,0.00000e+00,1.90383e-16,9.99963e-01,9.67643e-01
1.373402320e+01,0.00000e+00,0.00000e+00,3.13623e-12,9.99964e-01,9.64419e-01
1.380269332e+01,0.00000e+00,0.00000e+00,1.49626e-11,9.99964e-01,9.61344e-01
1.387170678e+01,0.00000e+00,0.00000e+00,1.31968e-14,9.99965e-01,9.57994e-01
1.394106532e+01,0.00000e+00,0.00000e+00,2.44900e-17,9.99966e-01,9.54372e-01
1.401077064e+01,0.00000e+00,0.00000e+00,2.99905e-20,9.99966e-01,9.50428e-01
1.408082450e+01,0.00000e+00,0.00000e+00,1.14959e-20,9.99967e-01,9.46168e-01
1.415122862e+01,0.00000e+00,0.00000e+00,6.91769e-29,9.99968e-01,9.41532e-01
1.422198476e+01,0.00000e+00,0.00000e+00,5.11342e-39,9.99968e-01,9.36540e-01
1.429309469e+01,0.00000e+00,0.00000e+00,2.24753e-38,9.99969e-01,9.31099e-01
1.436456016e+01,0.00000e+00,0.00000e+00,4.00776e-47,9.99969e-01,9.25236e-01
1.443638296e+01,0.00000e+00,0.00000e+00,8.41665e-55,9.99970e-01,9.18874e-01
1.450856487e+01,0.00000e+00,0.00000e+00,2.90949e-36,9.99971e-01,9.12007e-01
1.458110770e+01,0.00000e+00,0.00000e+00,2.18771e-26,9.99971e-01,9.04573e-01
1.465401324e+01,0.00000e+00,0.00000e+00,2.95969e-24,9.99972e-01,8.96574e-01
1.472728330e+01,0.00000e+00,0.00000e+00,5.96842e-24,9.99972e-01,8.89193e-01
1.480091972e+01,0.00000e+00,0.00000e+00,5.12224e-26,9.99973e-01,8.79956e-01
1.487492432e+01,0.00000e+00,0.00000e+00,9.41090e-45,9.99973e-01,8.70040e-01
1.494929894e+01,0.00000e+00,0.00000e+00,4.84912e-35,9.99974e-01,8.59337e-01
1.502404544e+01,0.00000e+00,0.00000e+00,9.48908e-30,9.99974e-01,8.47881e-01
1.509916566e+01,0.00000e+00,0.00000e+00,7.41759e-29,9.99975e-01,8.37346e-01
1.517466149e+01,0.00000e+00,0.00000e+00,5.69253e-31,9.99975e-01,8.26181e-01
1.525053480e+01,0.00000e+00,0.00000e+00,9.66020e-29,9.99976e-01,8.12247e-01
1.532678747e+01,0.00000e+00,0.00000e+00,3.11832e-33,9.99976e-01,7.97426e-01
1.540342141e+01,0.00000e+00,0.00000e+00,1.68722e-42,9.99977e-01,7.83880e-01
1.548043852e+01,0.00000e+00,0.00000e+00,2.61525e-47,9.99977e-01,7.69562e-01
1.555784071e+01,0.00000e+00,0.00000e+00,2.69691e-59,9.99977e-01,7.51839e-01
1.563562991e+01,0.00000e+00,0.00000e+00,2.72769e-89,9.99978e-01,7.33077e-01
1.571380806e+01,0.00000e+00,0.00000e+00,2.83169e-90,9.99978e-01,7.16071e-01
1.579237710e+01,0.00000e+00,0.00000e+00,8.79668e-65,9.99979e-01,6.98190e-01
1.587133899e+01,0.00000e+00,0.00000e+00,4.85213e-57,9.99979e-01,6.79472e-01
1.595069568e+01,0.00000e+00,0.00000e+00,1.40578e-61,9.99980e-01,6.59906e-01
1.603044916e+01,0.00000e+00,0.00000e+00,2.00686e-85,9.99980e-01,6.35963e-01
1.611060141e+01,0.00000e+00,0.00000e+00,3.43487e-82,9.99980e-01,6.10979e-01
1.619115441e+01,0.00000e+00,0.00000e+00,2.60695e-80,9.99981e-01,5.88629e-01
1.627211019e+01,0.00000e+00,0.00000e+00,5.17827e-90,9.99981e-01,5.65521e-01
1.635347074e+01,0.00000e+00,0.00000e+00,9.61101e-83,9.99981e-01,5.41681e-01
1.643523809e+01,0.00000e+00,0.00000e+00,1.86064e-84,9.99982e-01,5.17155e-01
1.651741428e+01,0.00000e+00,0.00000e+00,1.07090e-88,9.99982e-01,4.92001e-01
1.660000135e+01,0.00000e+00,0.00000e+00,1.78661e-112,9.99982e-01,4.66428e-01
1.668300136e+01,0.00000e+00,0.00000e+00,3.71605e-115,9.99983e-01,4.40291e-01
1.676641637e+01,0.00000e+00,0.00000e+00,1.61508e-102,9.99983e-01,4.13847e-01
1.685024845e+01,0.00000e+00,0.00000e+00,4.07848e-105,9.99983e-01,3.87165e-01
1.693449969e+01,0.00000e+00,0.00000e+00,1.10121e-130,9.99984e-01,3.60416e-01
1.701917219e+01,0.00000e+00,0.00000e+00,7.29520e-140,9.99984e-01,3.33707e-01
1.710426805e+01,0.00000e+00,0.00000e+00,4.39565e-180,9.99984e-01,3.07201e-01
1.718978939e+01,0.00000e+00,0.00000e+00,5.83162e-197,9.99985e-01,2.85390e-01
1.727573834e+01,0.00000e+00,0.00000e+00,1.57471e-202,9.99985e-01,2.63877e-01
1.736211703e+01,0.00000e+00,0.00000e+00,6.01678e-216,9.99985e-01,2.38691e-01
1.744892761e+01,0.00000e+00,0.00000e+00,2.62821e-185,9.99985e-01,2.14233e-01
1.753617225e+01,0.00000e+00,0.00000e+00,8.94203e-148,9.99986e-01,1.90760e-01
1.762385311e+01,0.00000e+00,0.00000e+00,5.78460e-146,9.99986e-01,1.68393e-01
1.771197238e+01,0.00000e+00,0.00000e+00,6.24688e-155,9.99986e-01,1.47253e-01
1.780053224e+01,0.00000e+00,0.00000e+00,4.28268e-169,9.99986e-01,1.30697e-01
1.788953490e+01,0.00000e+00,0.00000e+00,1.84082e-182,9.99987e-01,1.15124e-01
1.797898258e+01,0.00000e+00,0.00000e+00,7.06780e-210,9.99987e-01,9.78329e-02
1.806887749e+01,0.00000e+00,0.00000e+00,1.72661e-213,9.99987e-01,8.21379e-02
1.815922188e+01,0.00000e+00,0.00000e+00,6.15207e-285,9.99987e-01,7.03099e-02
1.825001799e+01,0.00000e+00,0.00000e+00,1.04730e-212,9.99988e-01,5.95884e-02
1.834126808e+01,0.00000e+00,0.00000e+00,3.56792e-205,9.99988e-01,4.82094e-02
1.843297442e+01,0.00000e+00,0.00000e+00,3.71989e-207,9.99988e-01,3.83950e-02
1.852513929e+01,0.00000e+00,0.00000e+00,2.37391e-278,9.99988e-01,3.13620e-02
1.861776499e+01,0.00000e+00,0.00000e+00,0.00000e+00,9.99988e-01,2.52778e-02
1.871085381e+01,0.00000e+00,0.00000e+00,7.14954e-265,9.99989e-01,1.91811e-02
1.880440808e+01,0.00000e+00,0.00000e+00,3.37837e-226,9.99989e-01,1.50104e-02
1.889843012e+01,0.00000e+00,0.00000e+00,5.69300e-230,9.99989e-01,1.15589e-02
1.899292227e+01,0.00000e+00,0.00000e+00,1.44823e-317,9.99989e-01,8.27596e-03
1.908788688e+01,0.00000e+00,0.00000e+00,2.46441e-304,9.99989e-01,6.15022e-03
1.918332632e+01,0.00000e+00,0.00000e+00,1.98300e-305,9.99990e-01,4.48151e-03
1.927924295e+01,0.00000e+00,0.00000e+00,0.00000e+00,9.99990e-01,3.20737e-03
1.937563916e+01,0.00000e+00,0.00000e+00,0.00000e+00,9.99990e-01,2.24465e-03
1.947251736e+01,0.00000e+00,0.00000e+00,0.00000e+00,9.99990e-01,1.53957e-03
1.956987994e+01,0.00000e+00,0.00000e+00,0.00000e+00,9.99990e-01,1.03044e-03
1.966772934e+01,0.00000e+00,0.00000e+00,0.00000e+00,9.99991e-01,6.15922e-04
1.976606799e+01,0.00000e+00,0.00000e+00,0.00000e+00,9.99991e-01,3.90242e-04
1.986489833e+01,0.00000e+00,0.00000e+00,0.00000e+00,9.99991e-01,2.40030e-04
1.996422282e+01,0.00000e+00,0.00000e+00,0.00000e+00,9.99991e-01,1.43750e-04
