#,Wave/freq,Total,CO2,H2O,Rayleigh,CIA
4.000000000e-01,6.03897e-12,9.99999e-01,9.99949e-01,6.03928e-12,9.99999e-01
4.020000000e-01,1.00646e-11,9.99999e-01,9.99968e-01,1.00649e-11,9.99999e-01
4.040100000e-01,1.65969e-11,9.99999e-01,9.99986e-01,1.65971e-11,9.99999e-01
4.060300500e-01,2.70995e-11,9.99999e-01,9.99996e-01,2.70996e-11,9.99999e-01
4.080602003e-01,4.38216e-11,9.99999e-01,9.99998e-01,4.38216e-11,9.99999e-01
4.101005013e-01,7.01925e-11,9.99999e-01,9.99999e-01,7.01925e-11,9.99999e-01
4.121510038e-01,1.11391e-10,9.99999e-01,9.99997e-01,1.11391e-10,9.99999e-01
4.142117588e-01,1.75164e-10,9.99999e-01,9.99985e-01,1.75166e-10,9.99999e-01
4.162828176e-01,2.72986e-10,9.99999e-01,9.99937e-01,2.73003e-10,9.99999e-01
4.183642317e-01,4.21755e-10,9.99999e-01,9.99962e-01,4.21771e-10,9.99999e-01
4.204560528e-01,6.46018e-10,9.99999e-01,9.99976e-01,6.46033e-10,9.99999e-01
4.225583331e-01,9.81230e-10,9.99999e-01,9.99991e-01,9.81239e-10,9.99999e-01
4.246711247e-01,1.47811e-09,9.99999e-01,9.99992e-01,1.47812e-09,9.99999e-01
4.267944804e-01,2.20864e-09,9.99999e-01,9.99989e-01,2.20866e-09,9.99999e-01
4.289284528e-01,3.27417e-09,9.99999e-01,9.99991e-01,3.27419e-09,9.99999e-01
4.310730950e-01,4.81616e-09,9.99999e-01,9.99996e-01,4.81617e-09,9.99999e-01
4.332284605e-01,7.03054e-09,9.99999e-01,9.99998e-01,7.03055e-09,9.99999e-01
4.353946028e-01,1.01866e-08,9.99999e-01,9.99999e-01,1.01867e-08,9.99999e-01
4.375715758e-01,1.46518e-08,9.99999e-01,9.99993e-01,1.46519e-08,9.99999e-01
4.397594337e-01,2.09224e-08,9.99999e-01,9.99943e-01,2.09236e-08,9.99999e-01
4.419582309e-01,2.96619e-08,9.99999e-01,9.99715e-01,2.96703e-08,9.99999e-01
4.441680220e-01,4.17752e-08,9.99999e-01,9.99783e-01,4.17842e-08,9.99999e-01
4.463888621e-01,5.84342e-08,9.99999e-01,9.99772e-01,5.84475e-08,9.99999e-01
4.486208064e-01,8.12043e-08,9.99999e-01,9.99859e-01,8.12157e-08,9.99999e-01
4.508639105e-01,1.12115e-07,9.99999e-01,9.99933e-01,1.12122e-07,9.99999e-01
4.531182300e-01,1.53804e-07,9.99999e-01,9.99973e-01,1.53808e-07,9.99999e-01
4.553838212e-01,2.09674e-07,9.99999e-01,9.99981e-01,2.09678e-07,9.99999e-01
4.576607403e-01,2.84096e-07,9.99999e-01,9.99991e-01,2.84098e-07,9.99999e-01
4.599490440e-01,3.82627e-07,9.99999e-01,9.99993e-01,3.82629e-07,9.99999e-01
4.622487892e-01,5.12311e-07,9.99999e-01,9.99998e-01,5.12312e-07,9.99999e-01
4.645600332e-01,6.82001e-07,9.99999e-01,9.99995e-01,6.82003e-07,9.99999e-01
4.668828333e-01,9.02725e-07,9.99999e-01,9.99932e-01,9.02785e-07,9.99999e-01
4.692172475e-01,1.18827e-06,9.99999e-01,9.99857e-01,1.18844e-06,9.99999e-01
4.715633337e-01,1.55586e-06,9.99999e-01,9.99906e-01,1.55600e-06,9.99999e-01
4.739211504e-01,2.02626e-06,9.99999e-01,9.99910e-01,2.02644e-06,9.99999e-01
4.762907561e-01,2.62524e-06,9.99999e-01,9.99953e-01,2.62536e-06,9.99999e-01
4.786722099e-01,3.38388e-06,9.99999e-01,9.99980e-01,3.38395e-06,9.99999e-01
4.810655710e-01,4.33989e-06,9.99999e-01,9.99993e-01,4.33991e-06,9.99999e-01
4.834708988e-01,5.53834e-06,9.99999e-01,9.99943e-01,5.53865e-06,9.99999e-01
4.858882533e-01,7.03382e-06,9.99999e-01,9.99899e-01,7.03453e-06,9.99999e-01
4.883176946e-01,8.89156e-06,9.99999e-01,9.99915e-01,8.89231e-06,9.99999e-01
4.907592831e-01,1.11880e-05,9.99999e-01,9.99923e-01,1.11888e-05,9.99999e-01
4.932130795e-01,1.40139e-05,9.99999e-01,9.99945e-01,1.40147e-05,9.99999e-01
4.956791449e-01,1.74758e-05,9.99999e-01,9.99970e-01,1.74763e-05,9.99999e-01
4.981575406e-01,2.16951e-05,9.99999e-01,9.99855e-01,2.16982e-05,9.99999e-01
5.006483283e-01,2.68150e-05,9.99999e-01,9.99624e-01,2.68251e-05,9.99999e-01
5.031515699e-01,3.29625e-05,9.99999e-01,9.98116e-01,3.30247e-05,9.99999e-01
5.056673278e-01,4.04503e-05,9.99999e-01,9.99009e-01,4.04904e-05,9.99999e-01
5.081956644e-01,4.93828e-05,9.99999e-01,9.98751e-01,4.94445e-05,9.99999e-01
5.107366428e-01,6.00902e-05,9.99999e-01,9.99157e-01,6.01409e-05,9.99999e-01
5.132903260e-01,7.28338e-05,9.99999e-01,9.99519e-01,7.28688e-05,9.99999e-01
5.158567776e-01,8.79384e-05,9.99999e-01,9.99796e-01,8.79563e-05,9.99999e-01
5.184360615e-01,1.05765e-04,9.99999e-01,9.99918e-01,1.05774e-04,9.99999e-01
5.210282418e-01,1.26734e-04,9.99999e-01,9.99968e-01,1.26738e-04,9.99999e-01
5.236333830e-01,1.51297e-04,9.99999e-01,9.99877e-01,1.51315e-04,9.99999e-01
5.262515499e-01,1.80014e-04,9.99999e-01,9.99922e-01,1.80028e-04,9.99999e-01
5.288828077e-01,2.13440e-04,9.99999e-01,9.99928e-01,2.13455e-04,9.99999e-01
5.315272217e-01,2.52223e-04,9.99999e-01,9.99938e-01,2.52239e-04,9.99999e-01
5.341848578e-01,2.97076e-04,9.99999e-01,9.99958e-01,2.97088e-04,9.99999e-01
5.368557821e-01,3.48732e-04,9.99999e-01,9.99855e-01,3.48782e-04,9.99999e-01
5.395400610e-01,4.07963e-04,9.99999e-01,9.99477e-01,4.08176e-04,9.99999e-01
5.422377613e-01,4.75886e-04,9.99999e-01,9.99336e-01,4.76202e-04,9.99999e-01
5.449489501e-01,5.53532e-04,9.99999e-01,9.99377e-01,5.53877e-04,9.99999e-01
5.476736949e-01,6.41951e-04,9.99999e-01,9.99454e-01,6.42301e-04,9.99999e-01
5.504120634e-01,7.42372e-04,9.99999e-01,9.99603e-01,7.42666e-04,9.99999e-01
5.531641237e-01,8.56085e-04,9.99999e-01,9.99800e-01,8.56255e-04,9.99999e-01
5.559299443e-01,9.84352e-04,9.99999e-01,9.99903e-01,9.84446e-04,9.99999e-01
5.587095940e-01,1.12865e-03,9.99999e-01,9.99938e-01,1.12871e-03,9.99999e-01
5.615031420e-01,1.29055e-03,9.99999e-01,9.99932e-01,1.29063e-03,9.99999e-01
5.643106577e-01,1.47176e-03,9.99999e-01,9.99921e-01,1.47188e-03,9.99999e-01
5.671322110e-01,1.67263e-03,9.99999e-01,9.99050e-01,1.67422e-03,9.99999e-01
5.699678720e-01,1.89769e-03,9.99999e-01,9.99021e-01,1.89954e-03,9.99999e-01
5.728177114e-01,2.14761e-03,9.99999e-01,9.98967e-01,2.14982e-03,9.99999e-01
5.756818000e-01,2.42485e-03,9.99999e-01,9.99055e-01,2.42714e-03,9.99999e-01
5.785602090e-01,2.73142e-03,9.99999e-01,9.99178e-01,2.73367e-03,9.99999e-01
5.814530100e-01,3.06914e-03,9.99999e-01,9.99172e-01,3.07168e-03,9.99999e-01
5.843602750e-01,3.44013e-03,9.99999e-01,9.99005e-01,3.44355e-03,9.99999e-01
5.872820764e-01,3.81887e-03,9.99999e-01,9.91467e-01,3.85174e-03,9.99999e-01
5.902184868e-01,4.25480e-03,9.99999e-01,9.89766e-01,4.29879e-03,9.99999e-01
5.931695792e-01,4.75258e-03,9.99999e-01,9.92740e-01,4.78733e-03,9.99999e-01
5.961354271e-01,5.27784e-03,9.99999e-01,9.92061e-01,5.32007e-03,9.99999e-01
5.991161043e-01,5.86563e-03,9.99999e-01,9.94211e-01,5.89978e-03,9.99999e-01
6.021116848e-01,6.50788e-03,9.99999e-01,9.96716e-01,6.52931e-03,9.99999e-01
6.051222432e-01,7.19958e-03,9.99999e-01,9.98338e-01,7.21156e-03,9.99999e-01
6.081478544e-01,7.94377e-03,9.99999e-01,9.99281e-01,7.94948e-03,9.99999e-01
6.111885937e-01,8.74341e-03,9.99999e-01,9.99696e-01,8.74605e-03,9.99999e-01
6.142445367e-01,9.60301e-03,9.99999e-01,9.99864e-01,9.60431e-03,9.99999e-01
6.173157594e-01,1.05265e-02,9.99999e-01,9.99924e-01,1.05273e-02,9.99999e-01
6.204023382e-01,1.15174e-02,9.99999e-01,9.99935e-01,1.15181e-02,9.99999e-01
6.235043498e-01,1.25762e-02,9.99999e-01,9.99714e-01,1.25798e-02,9.99999e-01
6.266218716e-01,1.36951e-02,9.99999e-01,9.98517e-01,1.37155e-02,9.99999e-01
6.297549810e-01,1.49200e-02,9.99999e-01,9.99455e-01,1.49281e-02,9.99999e-01
6.329037559e-01,1.62035e-02,9.99999e-01,9.98928e-01,1.62208e-02,9.99999e-01
6.360682746e-01,1.75805e-02,9.99999e-01,9.99083e-01,1.75966e-02,9.99999e-01
6.392486160e-01,1.90358e-02,9.99999e-01,9.98814e-01,1.90584e-02,9.99999e-01
6.424448591e-01,2.05761e-02,9.99999e-01,9.98399e-01,2.06091e-02,9.99999e-01
6.456570834e-01,2.20867e-02,9.99999e-01,9.92590e-01,2.22515e-02,9.99999e-01
6.488853688e-01,2.38599e-02,9.99999e-01,9.94638e-01,2.39885e-02,9.99999e-01
6.521297956e-01,2.56817e-02,9.99999e-01,9.94537e-01,2.58227e-02,9.99999e-01
6.553904446e-01,2.76050e-02,9.99999e-01,9.94530e-01,2.77568e-02,9.99999e-01
6.586673968e-01,2.96543e-02,9.99999e-01,9.95337e-01,2.97932e-02,9.99999e-01
6.619607338e-01,3.18512e-02,9.99999e-01,9.97400e-01,3.19342e-02,9.99999e-01
6.652705375e-01,3.41289e-02,9.99999e-01,9.98438e-01,3.41823e-02,9.99999e-01
6.685968902e-01,3.65153e-02,9.99999e-01,9.99336e-01,3.65395e-02,9.99999e-01
6.719398746e-01,3.89947e-02,9.99999e-01,9.99663e-01,3.90078e-02,9.99999e-01
6.752995740e-01,4.15817e-02,9.99999e-01,9.99822e-01,4.15891e-02,9.99999e-01
6.786760719e-01,4.42734e-02,9.99999e-01,9.99733e-01,4.42851e-02,9.99999e-01
6.820694522e-01,4.70760e-02,9.99999e-01,9.99542e-01,4.70975e-02,9.99999e-01
6.854797995e-01,4.99983e-02,9.99999e-01,9.99415e-01,5.00276e-02,9.99999e-01
6.889071985e-01,5.30004e-02,9.99999e-01,9.98563e-01,5.30766e-02,9.99999e-01
6.923517345e-01,5.49541e-02,9.99999e-01,9.77036e-01,5.62457e-02,9.99999e-01
6.958134932e-01,5.88380e-02,9.99999e-01,9.88277e-01,5.95358e-02,9.99999e-01
6.992925606e-01,6.22295e-02,9.99999e-01,9.88591e-01,6.29476e-02,9.99999e-01
7.027890234e-01,6.55548e-02,9.99999e-01,9.86056e-01,6.64818e-02,9.99999e-01
7.063029686e-01,6.93145e-02,9.99999e-01,9.88249e-01,7.01386e-02,9.99999e-01
7.098344834e-01,7.30847e-02,9.99999e-01,9.88722e-01,7.39184e-02,9.99999e-01
7.133836558e-01,7.66384e-02,9.99999e-01,9.84802e-01,7.78211e-02,9.99998e-01
7.169505741e-01,7.24767e-02,9.99999e-01,8.85519e-01,8.18466e-02,9.99998e-01
7.205353270e-01,8.11164e-02,9.99999e-01,9.43273e-01,8.59947e-02,9.99997e-01
7.241380036e-01,8.36919e-02,9.99999e-01,9.27183e-01,9.02648e-02,9.99997e-01
7.277586936e-01,8.84223e-02,9.99999e-01,9.34140e-01,9.46563e-02,9.99998e-01
7.313974871e-01,9.22734e-02,9.99999e-01,9.30472e-01,9.91684e-02,9.99998e-01
7.350544745e-01,9.97822e-02,9.99999e-01,9.61293e-01,1.03800e-01,9.99998e-01
7.387297469e-01,1.05442e-01,9.99999e-01,9.71369e-01,1.08550e-01,9.99999e-01
7.424233956e-01,1.11820e-01,9.99999e-01,9.85920e-01,1.13417e-01,9.99999e-01
7.461355126e-01,1.17385e-01,9.99999e-01,9.91429e-01,1.18400e-01,9.99999e-01
7.498661902e-01,1.23004e-01,9.99999e-01,9.96014e-01,1.23496e-01,9.99999e-01
7.536155211e-01,1.28453e-01,9.99999e-01,9.98036e-01,1.28705e-01,9.99999e-01
7.573835987e-01,1.33889e-01,9.99999e-01,9.98989e-01,1.34025e-01,9.99999e-01
7.611705167e-01,1.39364e-01,9.99999e-01,9.99371e-01,1.39452e-01,9.99999e-01
7.649763693e-01,1.44928e-01,9.99999e-01,9.99605e-01,1.44985e-01,9.99999e-01
7.688012511e-01,1.50581e-01,9.99999e-01,9.99724e-01,1.50623e-01,9.99999e-01
7.726452574e-01,1.56326e-01,9.99999e-01,9.99773e-01,1.56361e-01,9.99999e-01
7.765084837e-01,1.62146e-01,9.99999e-01,9.99675e-01,1.62199e-01,9.99999e-01
7.803910261e-01,1.55144e-01,9.23958e-01,9.98595e-01,1.68132e-01,9.99999e-01
7.842929812e-01,1.21042e-01,6.98082e-01,9.95103e-01,1.74159e-01,9.99999e-01
7.882144461e-01,1.21697e-01,6.81274e-01,9.90031e-01,1.80276e-01,9.99999e-01
7.921555184e-01,1.46987e-01,7.92293e-01,9.94555e-01,1.86482e-01,9.99999e-01
7.961162960e-01,1.63382e-01,8.55694e-01,9.90271e-01,1.92771e-01,9.99999e-01
8.000968774e-01,1.80934e-01,9.18745e-01,9.88838e-01,1.99143e-01,9.99999e-01
8.040973618e-01,1.94600e-01,9.57184e-01,9.88818e-01,2.05593e-01,9.99999e-01
8.081178486e-01,2.02662e-01,9.80012e-01,9.74822e-01,2.12118e-01,9.99998e-01
8.121584379e-01,1.95589e-01,9.93857e-01,8.99655e-01,2.18716e-01,9.99998e-01
8.162192301e-01,1.98848e-01,9.98639e-01,8.83418e-01,2.25382e-01,9.99997e-01
8.203003262e-01,2.18100e-01,9.99981e-01,9.39641e-01,2.32113e-01,9.99997e-01
8.244018279e-01,2.19609e-01,9.99999e-01,9.19223e-01,2.38907e-01,9.99997e-01
8.285238370e-01,2.28069e-01,9.99999e-01,9.28018e-01,2.45760e-01,9.99998e-01
8.326664562e-01,2.34388e-01,9.99999e-01,9.27654e-01,2.52668e-01,9.99998e-01
8.368297885e-01,2.46059e-01,9.99999e-01,9.47737e-01,2.59627e-01,9.99998e-01
8.410139374e-01,2.58266e-01,9.99999e-01,9.68610e-01,2.66636e-01,9.99999e-01
8.452190071e-01,2.69448e-01,9.99999e-01,9.84501e-01,2.73690e-01,9.99999e-01
8.494451021e-01,2.78241e-01,9.99999e-01,9.90940e-01,2.80785e-01,9.99999e-01
8.536923276e-01,2.86379e-01,9.99999e-01,9.94653e-01,2.87919e-01,9.99999e-01
8.579607893e-01,2.94112e-01,9.99999e-01,9.96693e-01,2.95087e-01,9.99999e-01
8.622505932e-01,3.01654e-01,9.99999e-01,9.97904e-01,3.02288e-01,9.99999e-01
8.665618462e-01,2.70867e-01,8.76201e-01,9.98697e-01,3.09516e-01,9.99999e-01
8.708946554e-01,1.29147e-01,4.08267e-01,9.98505e-01,3.16770e-01,9.99999e-01
8.752491287e-01,1.54825e-01,4.78687e-01,9.98003e-01,3.24045e-01,9.99999e-01
8.796253743e-01,2.18887e-01,6.62330e-01,9.97225e-01,3.31338e-01,9.99999e-01
8.840235012e-01,2.71892e-01,8.05333e-01,9.96834e-01,3.38647e-01,9.99999e-01
8.884436187e-01,3.14031e-01,9.18187e-01,9.88287e-01,3.45968e-01,9.99998e-01
8.928858368e-01,3.02362e-01,9.65891e-01,8.85386e-01,3.53298e-01,9.99997e-01
8.973502660e-01,2.89285e-01,9.91656e-01,8.08577e-01,3.60634e-01,9.99996e-01
9.018370173e-01,3.30204e-01,9.99080e-01,8.98127e-01,3.67973e-01,9.99996e-01
9.063462024e-01,3.33205e-01,9.76029e-01,9.07967e-01,3.75312e-01,9.99996e-01
9.108779334e-01,3.12382e-01,9.46634e-01,8.61031e-01,3.82647e-01,9.99995e-01
9.154323231e-01,3.25072e-01,9.87359e-01,8.43699e-01,3.89977e-01,9.99995e-01
9.200094847e-01,2.96871e-01,8.40586e-01,8.75927e-01,3.97299e-01,9.99994e-01
9.246095321e-01,2.54277e-01,7.65184e-01,8.13180e-01,4.04609e-01,9.99990e-01
9.292325798e-01,9.37283e-02,8.11093e-01,2.69346e-01,4.11906e-01,9.99979e-01
9.338787427e-01,6.68982e-02,8.17113e-01,1.88224e-01,4.19186e-01,9.99973e-01
9.385481364e-01,1.89595e-01,8.61260e-01,5.07394e-01,4.26447e-01,9.99972e-01
9.432408771e-01,1.58306e-01,9.12531e-01,3.96039e-01,4.33687e-01,9.99969e-01
9.479570815e-01,1.18710e-01,9.53994e-01,2.80818e-01,4.40903e-01,9.99973e-01
9.526968669e-01,1.66037e-01,9.77617e-01,3.77642e-01,4.48093e-01,9.99980e-01
9.574603512e-01,1.79294e-01,9.90371e-01,3.97113e-01,4.55254e-01,9.99984e-01
9.622476530e-01,2.15954e-01,9.96990e-01,4.68269e-01,4.62386e-01,9.99989e-01
9.670588912e-01,3.01758e-01,9.99099e-01,6.43259e-01,4.69485e-01,9.99993e-01
9.718941857e-01,3.59722e-01,9.99937e-01,7.54889e-01,4.76549e-01,9.99995e-01
9.767536566e-01,3.82776e-01,9.99999e-01,7.91553e-01,4.83577e-01,9.99996e-01
9.816374249e-01,4.12509e-01,9.99999e-01,8.40882e-01,4.90567e-01,9.99997e-01
9.865456120e-01,4.46382e-01,9.99999e-01,8.97219e-01,4.97517e-01,9.99998e-01
9.914783401e-01,4.71656e-01,9.99999e-01,9.35035e-01,5.04425e-01,9.99999e-01
9.964357318e-01,4.92928e-01,9.99999e-01,9.64087e-01,5.11290e-01,9.99999e-01
1.001417910e+00,5.06881e-01,9.99999e-01,9.78326e-01,5.18110e-01,9.99999e-01
1.006425000e+00,5.18351e-01,9.99999e-01,9.87555e-01,5.24883e-01,9.99999e-01
1.011457125e+00,5.27505e-01,9.99999e-01,9.92280e-01,5.31609e-01,9.99999e-01
1.016514411e+00,5.35457e-01,9.99999e-01,9.94745e-01,5.38285e-01,9.99999e-01
1.021596983e+00,5.42546e-01,9.99850e-01,9.95807e-01,5.44911e-01,9.99999e-01
1.026704968e+00,5.44440e-01,9.90455e-01,9.96727e-01,5.51485e-01,9.99999e-01
1.031838492e+00,5.08569e-01,9.13458e-01,9.97625e-01,5.58006e-01,9.99999e-01
1.036997685e+00,3.56863e-02,6.32885e-02,9.98585e-01,5.64473e-01,9.99999e-01
1.042182673e+00,5.13402e-03,9.00517e-03,9.98307e-01,5.70886e-01,9.99999e-01
1.047393587e+00,1.10217e-02,1.91298e-02,9.97760e-01,5.77242e-01,9.99999e-01
1.052630555e+00,5.87629e-06,1.00901e-05,9.96923e-01,5.83541e-01,9.99999e-01
1.057893707e+00,2.21821e-05,3.77171e-05,9.94859e-01,5.89783e-01,9.99999e-01
1.063183176e+00,3.02519e-04,5.10210e-04,9.91564e-01,5.95966e-01,9.99999e-01
1.068499092e+00,2.17022e-03,3.64075e-03,9.85938e-01,6.02090e-01,9.99999e-01
1.073841587e+00,1.65851e-02,2.76137e-02,9.83536e-01,6.08154e-01,9.99999e-01
1.079210795e+00,6.28938e-02,1.04196e-01,9.79019e-01,6.14158e-01,9.99998e-01
1.084606849e+00,1.68941e-01,2.80442e-01,9.68363e-01,6.20101e-01,9.99998e-01
1.090029883e+00,3.08160e-01,5.14141e-01,9.54603e-01,6.25981e-01,9.99997e-01
1.095480033e+00,4.02387e-01,7.20203e-01,8.81433e-01,6.31800e-01,9.99996e-01
1.100957433e+00,3.97211e-01,8.53153e-01,7.27322e-01,6.37557e-01,9.99994e-01
1.106462220e+00,2.74940e-01,9.36471e-01,4.54029e-01,6.43251e-01,9.99987e-01
1.111994531e+00,1.25776e-01,9.75942e-01,1.97892e-01,6.48881e-01,9.99975e-01
1.117554504e+00,5.05684e-02,9.94108e-01,7.75680e-02,6.54448e-01,9.99965e-01
1.123142276e+00,1.12234e-01,9.99615e-01,1.70083e-01,6.59952e-01,9.99959e-01
1.128757988e+00,1.98317e-01,9.99999e-01,2.98059e-01,6.65392e-01,9.99956e-01
1.134401778e+00,9.26698e-02,9.99999e-01,1.38161e-01,6.70767e-01,9.99950e-01
1.140073787e+00,3.19801e-01,9.99999e-01,4.73041e-01,6.76079e-01,9.99960e-01
1.145774156e+00,1.54193e-01,9.99999e-01,2.26320e-01,6.81327e-01,9.99966e-01
1.151503026e+00,1.32929e-01,9.99999e-01,1.93636e-01,6.86510e-01,9.99970e-01
1.157260541e+00,1.63341e-01,9.99999e-01,2.36174e-01,6.91630e-01,9.99977e-01
1.163046844e+00,2.38332e-01,9.99999e-01,3.42099e-01,6.96685e-01,9.99985e-01
1.168862078e+00,3.27909e-01,9.99999e-01,4.67324e-01,7.01677e-01,9.99992e-01
1.174706389e+00,4.41358e-01,9.99999e-01,6.24620e-01,7.06604e-01,9.99996e-01
1.180579921e+00,5.33665e-01,9.99999e-01,7.50091e-01,7.11468e-01,9.99997e-01
1.186482820e+00,6.08273e-01,9.99976e-01,8.49242e-01,7.16268e-01,9.99997e-01
1.192415234e+00,6.34174e-01,9.66956e-01,9.08797e-01,7.21005e-01,9.99997e-01
1.198377311e+00,3.57847e-01,5.27387e-01,9.22444e-01,7.25679e-01,9.99998e-01
1.204369197e+00,1.13303e-24,1.62149e-24,9.26663e-01,7.30289e-01,9.99998e-01
1.210391043e+00,1.61460e-98,2.28819e-98,9.29688e-01,7.34837e-01,9.99998e-01
1.216442998e+00,2.59294e-85,3.64464e-85,9.40004e-01,7.39323e-01,9.99998e-01
1.222525213e+00,4.94124e-84,6.81125e-84,9.52882e-01,7.43747e-01,9.99999e-01
1.228637839e+00,6.67934e-65,9.13285e-65,9.67011e-01,7.48109e-01,9.99999e-01
1.234781029e+00,1.49134e-40,2.00355e-40,9.75434e-01,7.52410e-01,9.99999e-01
1.240954934e+00,5.57645e-27,7.44226e-27,9.84379e-01,7.56649e-01,9.99999e-01
1.247159708e+00,2.94912e-13,3.90435e-13,9.87826e-01,7.60828e-01,9.99999e-01
1.253395507e+00,5.82099e-09,7.66837e-09,9.89167e-01,7.64947e-01,9.99999e-01
1.259662485e+00,1.86231e-05,2.44005e-05,9.89681e-01,7.69007e-01,9.99999e-01
1.265960797e+00,2.09972e-03,2.74612e-03,9.83603e-01,7.73007e-01,9.99999e-01
1.272290601e+00,5.05009e-02,6.64165e-02,9.74272e-01,7.76948e-01,9.99998e-01
1.278652054e+00,4.32262e-02,5.73292e-02,9.49581e-01,7.80831e-01,9.99998e-01
1.285045314e+00,1.01230e-04,1.33986e-04,9.10483e-01,7.84656e-01,9.99997e-01
1.291470541e+00,6.60355e-12,9.18747e-12,8.49355e-01,7.88424e-01,9.99996e-01
1.297927893e+00,1.16884e-04,1.62637e-04,7.93252e-01,7.92134e-01,9.99993e-01
1.304417533e+00,4.34501e-03,6.77729e-03,7.62309e-01,7.95789e-01,9.99989e-01
1.310939621e+00,7.88542e-04,1.17509e-03,7.09681e-01,7.99387e-01,9.99981e-01
1.317494319e+00,2.73919e-34,4.10887e-34,7.14713e-01,8.02931e-01,9.99969e-01
1.324081790e+00,4.30496e-16,6.69234e-16,6.10614e-01,8.06419e-01,9.99951e-01
1.330702199e+00,1.42637e-13,3.67431e-13,1.96043e-01,8.09854e-01,9.99918e-01
1.337355710e+00,1.23138e-13,3.72611e-12,1.04197e-02,8.13234e-01,9.99844e-01
1.344042489e+00,1.23228e-14,1.72256e-12,2.66924e-04,8.16562e-01,9.99667e-01
1.350762701e+00,2.43560e-22,1.93668e-13,1.80625e-10,8.19837e-01,9.99468e-01
1.357516515e+00,1.15240e-21,2.31941e-08,3.45896e-15,8.23060e-01,9.99342e-01
1.364304097e+00,2.42090e-14,4.26030e-06,1.34354e-09,8.26232e-01,9.99295e-01
1.371125618e+00,1.01414e-08,1.82350e-03,2.45520e-06,8.29353e-01,9.99289e-01
1.377981246e+00,6.77293e-08,4.43458e-03,7.89532e-06,8.32424e-01,9.99236e-01
1.384871152e+00,1.43672e-09,4.24423e-02,2.34409e-08,8.35445e-01,9.99257e-01
1.391795508e+00,1.19592e-10,5.45199e-02,1.29084e-09,8.38417e-01,9.99370e-01
1.398754485e+00,1.70951e-08,1.61059e-01,1.00618e-07,8.41341e-01,9.99459e-01
1.405748258e+00,2.84725e-08,2.64275e-01,1.00297e-07,8.44217e-01,9.99515e-01
1.412776999e+00,5.15915e-08,4.29376e-01,1.10267e-07,8.47046e-01,9.99610e-01
1.419840884e+00,1.05945e-07,3.88177e-01,2.25107e-07,8.49828e-01,9.99708e-01
1.426940089e+00,4.61119e-06,1.66204e-02,1.56048e-05,8.52563e-01,9.99819e-01
1.434074789e+00,0.00000e+00,0.00000e+00,1.27868e-04,8.55254e-01,9.99887e-01
1.441245163e+00,0.00000e+00,0.00000e+00,6.62076e-04,8.57899e-01,9.99912e-01
1.448451389e+00,0.00000e+00,0.00000e+00,6.45241e-03,8.60500e-01,9.99927e-01
1.455693646e+00,0.00000e+00,0.00000e+00,3.20446e-02,8.63058e-01,9.99939e-01
1.462972114e+00,0.00000e+00,0.00000e+00,4.52409e-02,8.65572e-01,9.99948e-01
1.470286975e+00,6.00733e-164,6.11237e-163,2.81294e-02,8.68044e-01,9.99953e-01
1.477638409e+00,2.40895e-103,2.44422e-102,3.85291e-02,8.70474e-01,9.99960e-01
1.485026601e+00,8.33599e-58,6.53172e-57,6.56377e-02,8.72862e-01,9.99969e-01
1.492451734e+00,3.88774e-49,1.82294e-48,1.34833e-01,8.75210e-01,9.99979e-01
1.499913993e+00,2.35687e-21,5.98158e-21,2.52014e-01,8.77517e-01,9.99988e-01
1.507413563e+00,4.19325e-20,1.02782e-19,3.67427e-01,8.79785e-01,9.99993e-01
1.514950631e+00,1.89132e-21,3.24899e-21,5.30529e-01,8.82013e-01,9.99995e-01
1.522525384e+00,7.11815e-73,1.06545e-72,6.62374e-01,8.84203e-01,9.99997e-01
1.530138011e+00,4.94637e-174,6.59357e-174,7.38774e-01,8.86355e-01,9.99998e-01
1.537788701e+00,1.08148e-128,1.36644e-128,8.42212e-01,8.88470e-01,9.99998e-01
1.545477645e+00,4.46500e-27,5.39971e-27,8.96197e-01,8.90547e-01,9.99999e-01
1.553205033e+00,9.62398e-20,1.14733e-19,9.14080e-01,8.92589e-01,9.99999e-01
1.560971058e+00,4.73696e-20,5.46834e-20,9.46266e-01,8.94594e-01,9.99999e-01
1.568775913e+00,0.00000e+00,0.00000e+00,9.64019e-01,8.96565e-01,9.99999e-01
1.576619793e+00,0.00000e+00,0.00000e+00,9.71987e-01,8.98500e-01,9.99999e-01
1.584502892e+00,0.00000e+00,0.00000e+00,9.82863e-01,9.00402e-01,9.99999e-01
1.592425406e+00,0.00000e+00,0.00000e+00,9.84106e-01,9.02270e-01,9.99999e-01
1.600387533e+00,0.00000e+00,0.00000e+00,9.88998e-01,9.04104e-01,9.99999e-01
1.608389471e+00,0.00000e+00,0.00000e+00,9.88626e-01,9.05907e-01,9.99999e-01
1.616431418e+00,0.00000e+00,0.00000e+00,9.88332e-01,9.07676e-01,9.99999e-01
1.624513575e+00,0.00000e+00,0.00000e+00,9.87530e-01,9.09415e-01,9.99999e-01
1.632636143e+00,0.00000e+00,0.00000e+00,9.80519e-01,9.11122e-01,9.99999e-01
1.640799324e+00,5.22922e-151,5.80820e-151,9.74111e-01,9.12799e-01,9.99999e-01
1.649003321e+00,5.18995e-151,5.80542e-151,9.67155e-01,9.14445e-01,9.99999e-01
1.657248337e+00,1.15839e-116,1.29431e-116,9.56622e-01,9.16062e-01,9.99999e-01
1.665534579e+00,1.88729e-117,2.14075e-117,9.41461e-01,9.17650e-01,9.99999e-01
1.673862252e+00,7.88410e-75,8.85026e-75,9.21323e-01,9.19209e-01,9.99998e-01
1.682231563e+00,9.09477e-52,1.01900e-51,9.30908e-01,9.20740e-01,9.99998e-01
1.690642721e+00,1.05637e-28,1.21249e-28,8.81764e-01,9.22243e-01,9.99998e-01
1.699095934e+00,2.52839e-18,2.94123e-18,8.66185e-01,9.23719e-01,9.99997e-01
1.707591414e+00,1.81166e-09,2.10824e-09,8.56121e-01,9.25167e-01,9.99996e-01
1.716129371e+00,7.12396e-06,8.71028e-06,8.25166e-01,9.26590e-01,9.99994e-01
1.724710018e+00,9.28628e-04,1.22005e-03,7.50904e-01,9.27986e-01,9.99992e-01
1.733333568e+00,7.77712e-03,1.12410e-02,6.88037e-01,9.29357e-01,9.99988e-01
1.742000236e+00,4.09253e-02,7.27637e-02,5.65470e-01,9.30703e-01,9.99982e-01
1.750710237e+00,1.39273e-04,2.93923e-04,3.51823e-01,9.32024e-01,9.99973e-01
1.759463788e+00,7.51186e-72,2.08601e-71,1.44069e-01,9.33321e-01,9.99957e-01
1.768261107e+00,1.20853e-75,9.78851e-75,3.09089e-02,9.34594e-01,9.99931e-01
1.777102413e+00,2.38680e-74,8.26186e-73,3.37371e-03,9.35844e-01,9.99893e-01
1.785987925e+00,5.20199e-71,3.57032e-68,1.40843e-04,9.37070e-01,9.99828e-01
1.794917864e+00,1.35457e-68,4.26744e-65,1.09356e-05,9.38274e-01,9.99702e-01
1.803892454e+00,1.45374e-69,1.49258e-62,3.13049e-09,9.39456e-01,9.99550e-01
1.812911916e+00,7.86394e-70,4.17210e-60,8.59798e-12,9.40615e-01,9.99387e-01
1.821976476e+00,6.58317e-70,3.63961e-60,1.59022e-11,9.41753e-01,9.99277e-01
1.831086358e+00,7.06328e-59,2.88373e-48,7.93194e-13,9.42870e-01,9.99187e-01
1.840241790e+00,1.29721e-49,4.29021e-41,1.38611e-10,9.43966e-01,9.99101e-01
1.849442999e+00,9.66761e-37,1.51795e-28,7.41390e-10,9.45042e-01,9.99031e-01
1.858690214e+00,2.75143e-40,7.52659e-27,4.29163e-15,9.46098e-01,9.98880e-01
1.867983665e+00,5.64964e-41,1.85153e-27,9.84915e-16,9.47134e-01,9.98752e-01
1.877323583e+00,1.44081e-141,1.08341e-136,1.11573e-06,9.48151e-01,9.98813e-01
1.886710201e+00,1.32871e-183,1.04543e-179,4.94984e-06,9.49148e-01,9.98994e-01
1.896143752e+00,5.89256e-209,2.65413e-205,2.69361e-05,9.50127e-01,9.99092e-01
1.905624471e+00,5.23694e-246,3.46231e-238,1.94890e-09,9.51088e-01,9.99155e-01
1.915152593e+00,7.63338e-194,1.50842e-184,2.15938e-11,9.52030e-01,9.99212e-01
1.924728356e+00,2.68450e-231,7.09828e-221,1.21961e-12,9.52955e-01,9.99305e-01
1.934351998e+00,0.00000e+00,0.00000e+00,5.43029e-14,9.53863e-01,9.99427e-01
1.944023758e+00,0.00000e+00,0.00000e+00,3.13047e-08,9.54753e-01,9.99587e-01
1.953743877e+00,0.00000e+00,0.00000e+00,1.20403e-07,9.55627e-01,9.99729e-01
1.963512596e+00,0.00000e+00,0.00000e+00,1.91955e-05,9.56484e-01,9.99831e-01
1.973330159e+00,0.00000e+00,0.00000e+00,3.37161e-04,9.57325e-01,9.99898e-01
1.983196810e+00,0.00000e+00,0.00000e+00,1.48095e-02,9.58150e-01,9.99934e-01
1.993112794e+00,0.00000e+00,0.00000e+00,3.58241e-02,9.58959e-01,9.99957e-01
2.003078358e+00,0.00000e+00,0.00000e+00,1.17831e-01,9.59753e-01,9.99971e-01
2.013093750e+00,0.00000e+00,0.00000e+00,2.47709e-01,9.60532e-01,9.99981e-01
2.023159218e+00,0.00000e+00,0.00000e+00,4.42806e-01,9.61297e-01,9.99987e-01
2.033275015e+00,0.00000e+00,0.00000e+00,5.37980e-01,9.62046e-01,9.99992e-01
2.043441390e+00,0.00000e+00,0.00000e+00,6.79181e-01,9.62782e-01,9.99994e-01
2.053658597e+00,0.00000e+00,0.00000e+00,7.27779e-01,9.63503e-01,9.99996e-01
2.063926890e+00,0.00000e+00,0.00000e+00,8.05869e-01,9.64211e-01,9.99997e-01
2.074246524e+00,0.00000e+00,0.00000e+00,8.29912e-01,9.64906e-01,9.99997e-01
2.084617757e+00,0.00000e+00,0.00000e+00,8.85284e-01,9.65587e-01,9.99998e-01
2.095040845e+00,0.00000e+00,0.00000e+00,9.08163e-01,9.66255e-01,9.99998e-01
2.105516050e+00,0.00000e+00,0.00000e+00,9.20893e-01,9.66910e-01,9.99998e-01
2.116043630e+00,0.00000e+00,0.00000e+00,9.24271e-01,9.67553e-01,9.99998e-01
2.126623848e+00,0.00000e+00,0.00000e+00,9.53131e-01,9.68184e-01,9.99998e-01
2.137256967e+00,0.00000e+00,0.00000e+00,9.55294e-01,9.68802e-01,9.99998e-01
2.147943252e+00,0.00000e+00,0.00000e+00,9.56983e-01,9.69409e-01,9.99998e-01
2.158682968e+00,4.72753e-304,5.03177e-304,9.60550e-01,9.70004e-01,9.99998e-01
2.169476383e+00,3.51595e-147,3.73819e-147,9.58064e-01,9.70588e-01,9.99998e-01
2.180323765e+00,1.48373e-91,1.57796e-91,9.52075e-01,9.71160e-01,9.99998e-01
2.191225384e+00,3.95639e-46,4.20282e-46,9.41903e-01,9.71722e-01,9.99998e-01
2.202181511e+00,9.41726e-30,1.01222e-29,9.28497e-01,9.72272e-01,9.99998e-01
2.213192418e+00,1.95331e-15,2.08785e-15,9.27702e-01,9.72813e-01,9.99998e-01
2.224258381e+00,3.64446e-10,3.93159e-10,9.15291e-01,9.73342e-01,9.99997e-01
2.235379672e+00,3.19499e-07,3.45711e-07,9.27175e-01,9.73862e-01,9.99997e-01
2.246556571e+00,4.01420e-05,4.49387e-05,8.75468e-01,9.74371e-01,9.99997e-01
2.257789354e+00,1.37083e-03,1.53841e-03,9.02033e-01,9.74871e-01,9.99996e-01
2.269078300e+00,2.18059e-03,2.82400e-03,7.76747e-01,9.75361e-01,9.99995e-01
2.280423692e+00,3.38199e-03,4.15752e-03,8.10460e-01,9.75842e-01,9.99995e-01
2.291825810e+00,1.65539e-02,2.48024e-02,6.62949e-01,9.76314e-01,9.99993e-01
2.303284939e+00,3.68295e-02,5.35048e-02,6.92263e-01,9.76776e-01,9.99991e-01
2.314801364e+00,3.99433e-02,7.41109e-02,5.34300e-01,9.77229e-01,9.99988e-01
2.326375371e+00,9.30015e-02,1.77023e-01,5.22154e-01,9.77674e-01,9.99984e-01
2.338007248e+00,7.45336e-02,1.50364e-01,4.87302e-01,9.78110e-01,9.99978e-01
2.349697284e+00,6.10555e-02,1.95307e-01,2.96127e-01,9.78538e-01,9.99970e-01
2.361445770e+00,9.65425e-02,2.67711e-01,3.59484e-01,9.78957e-01,9.99959e-01
2.373252999e+00,8.40160e-02,3.06893e-01,2.57650e-01,9.79369e-01,9.99944e-01
2.385119264e+00,6.28373e-02,5.98036e-01,9.87480e-02,9.79772e-01,9.99923e-01
2.397044861e+00,1.85952e-01,8.06019e-01,2.31775e-01,9.80168e-01,9.99884e-01
2.409030085e+00,4.83341e-02,6.88723e-01,6.90616e-02,9.80555e-01,9.99830e-01
2.421075235e+00,5.44530e-02,5.27472e-01,8.84903e-02,9.80936e-01,9.99768e-01
2.433180612e+00,2.99359e-03,4.39103e-02,3.34106e-02,9.81309e-01,9.99686e-01
2.445346515e+00,1.75753e-03,2.15640e-01,5.30610e-03,9.81675e-01,9.99579e-01
2.457573247e+00,6.54615e-06,1.42723e-03,1.09631e-03,9.82033e-01,9.99434e-01
2.469861113e+00,2.53771e-22,1.14700e-18,9.45369e-06,9.82385e-01,9.99234e-01
2.482210419e+00,7.06165e-96,3.05150e-86,2.27507e-11,9.82730e-01,9.98924e-01
2.494621471e+00,8.77431e-149,4.85255e-135,5.56432e-16,9.83068e-01,9.98474e-01
2.507094578e+00,5.41115e-159,1.95701e-131,9.60791e-30,9.83400e-01,9.97773e-01
2.519630051e+00,4.19827e-218,1.64197e-174,7.82338e-46,9.83725e-01,9.96748e-01
2.532228202e+00,8.91551e-296,7.69158e-236,3.66873e-62,9.84044e-01,9.95650e-01
2.544889343e+00,1.76284e-311,3.06289e-232,1.76819e-81,9.84356e-01,9.94441e-01
2.557613789e+00,0.00000e+00,0.00000e+00,6.18872e-82,9.84663e-01,9.93459e-01
2.570401858e+00,0.00000e+00,0.00000e+00,2.65655e-115,9.84964e-01,9.92925e-01
2.583253867e+00,0.00000e+00,0.00000e+00,2.50358e-115,9.85259e-01,9.92267e-01
2.596170137e+00,0.00000e+00,0.00000e+00,5.49401e-96,9.85548e-01,9.92150e-01
2.609150988e+00,0.00000e+00,0.00000e+00,1.00662e-68,9.85831e-01,9.91618e-01
2.622196742e+00,0.00000e+00,0.00000e+00,9.85819e-58,9.86109e-01,9.91388e-01
2.635307726e+00,0.00000e+00,0.00000e+00,3.23567e-26,9.86381e-01,9.91000e-01
2.648484265e+00,0.00000e+00,0.00000e+00,1.36131e-31,9.86649e-01,9.89726e-01
2.661726686e+00,0.00000e+00,0.00000e+00,1.03679e-55,9.86911e-01,9.88563e-01
2.675035320e+00,0.00000e+00,0.00000e+00,2.21157e-204,9.87167e-01,9.89139e-01
2.688410496e+00,0.00000e+00,0.00000e+00,5.62479e-99,9.87419e-01,9.89754e-01
2.701852549e+00,0.00000e+00,0.00000e+00,1.92475e-86,9.87666e-01,9.90728e-01
2.715361811e+00,0.00000e+00,0.00000e+00,1.06999e-85,9.87908e-01,9.91367e-01
2.728938620e+00,0.00000e+00,0.00000e+00,4.31635e-61,9.88146e-01,9.92347e-01
2.742583314e+00,0.00000e+00,0.00000e+00,2.58059e-65,9.88378e-01,9.92630e-01
2.756296230e+00,0.00000e+00,0.00000e+00,1.37058e-67,9.88607e-01,9.92923e-01
2.770077711e+00,0.00000e+00,0.00000e+00,6.32299e-93,9.88830e-01,9.93916e-01
2.783928100e+00,0.00000e+00,0.00000e+00,8.47812e-93,9.89050e-01,9.94439e-01
2.797847740e+00,0.00000e+00,0.00000e+00,1.58534e-70,9.89265e-01,9.95218e-01
2.811836979e+00,0.00000e+00,0.00000e+00,2.89652e-75,9.89476e-01,9.96191e-01
2.825896164e+00,0.00000e+00,0.00000e+00,4.59825e-65,9.89683e-01,9.97061e-01
2.840025645e+00,0.00000e+00,0.00000e+00,1.24873e-49,9.89885e-01,9.97681e-01
2.854225773e+00,0.00000e+00,0.00000e+00,2.22699e-43,9.90084e-01,9.98158e-01
2.868496902e+00,0.00000e+00,0.00000e+00,6.24315e-41,9.90279e-01,9.98675e-01
2.882839386e+00,0.00000e+00,0.00000e+00,1.14408e-32,9.90470e-01,9.99028e-01
2.897253583e+00,0.00000e+00,0.00000e+00,7.54531e-28,9.90657e-01,9.99220e-01
2.911739851e+00,0.00000e+00,0.00000e+00,6.76084e-19,9.90841e-01,9.99376e-01
2.926298550e+00,0.00000e+00,0.00000e+00,1.74129e-13,9.91021e-01,9.99529e-01
2.940930043e+00,0.00000e+00,0.00000e+00,3.44572e-13,9.91198e-01,9.99625e-01
2.955634693e+00,0.00000e+00,0.00000e+00,4.28935e-13,9.91371e-01,9.99687e-01
2.970412867e+00,0.00000e+00,0.00000e+00,1.11576e-11,9.91541e-01,9.99755e-01
2.985264931e+00,0.00000e+00,0.00000e+00,4.44415e-09,9.91707e-01,9.99809e-01
3.000191256e+00,0.00000e+00,0.00000e+00,1.49370e-07,9.91870e-01,9.99837e-01
3.015192212e+00,0.00000e+00,0.00000e+00,8.00199e-07,9.92030e-01,9.99864e-01
3.030268173e+00,0.00000e+00,0.00000e+00,7.24787e-06,9.92187e-01,9.99883e-01
3.045419514e+00,0.00000e+00,0.00000e+00,8.33409e-07,9.92340e-01,9.99894e-01
3.060646612e+00,4.96368e-161,8.18945e-158,1.43121e-04,9.92491e-01,9.99906e-01
3.075949845e+00,1.35709e-129,3.83809e-125,2.05461e-04,9.92639e-01,4.34403e-02
3.091329594e+00,1.52348e-124,1.28644e-118,2.19239e-04,9.92784e-01,4.57790e-04
3.106786242e+00,2.85352e-129,1.00847e-117,8.10423e-04,9.92926e-01,1.02765e-09
3.122320173e+00,4.30901e-108,1.45821e-81,2.31496e-03,9.93065e-01,3.34373e-25
3.137931774e+00,5.20548e-94,1.84482e-80,2.72749e-03,9.93202e-01,3.69000e-12
3.153621433e+00,7.94264e-87,8.74554e-83,2.16801e-02,9.93335e-01,9.88159e-04
3.169389540e+00,1.64484e-124,2.75675e-111,2.99352e-02,9.93467e-01,6.49099e-13
3.185236488e+00,1.24258e-110,2.79900e-89,1.58474e-02,9.93595e-01,8.49708e-21
3.201162670e+00,5.95903e-109,3.12075e-71,2.66459e-04,9.93721e-01,8.66981e-36
3.217168483e+00,1.98533e-121,1.06728e-68,2.09234e-03,9.93845e-01,3.27498e-51
3.233254326e+00,1.39235e-135,1.04701e-57,1.62209e-02,9.93966e-01,2.95291e-77
3.249420598e+00,2.13500e-159,9.12743e-33,6.45191e-02,9.94085e-01,1.72174e-126
3.265667701e+00,4.24513e-232,2.08131e-28,1.49230e-02,9.94201e-01,3.56604e-203
3.281996039e+00,0.00000e+00,4.43974e-21,3.37577e-02,9.94316e-01,9.60444e-319
3.298406019e+00,0.00000e+00,2.90002e-18,4.87468e-03,9.94428e-01,0.00000e+00
3.314898049e+00,0.00000e+00,7.92846e-18,3.80433e-03,9.94537e-01,0.00000e+00
3.331472540e+00,0.00000e+00,5.97844e-17,1.06921e-02,9.94645e-01,0.00000e+00
3.348129902e+00,0.00000e+00,2.16922e-13,7.62747e-03,9.94750e-01,0.00000e+00
3.364870552e+00,3.49498e-271,6.33344e-13,1.91657e-02,9.94854e-01,1.85996e-257
3.381694905e+00,5.54019e-170,6.66991e-11,3.26787e-02,9.94955e-01,7.42883e-159
3.398603379e+00,4.30744e-104,1.64523e-08,7.36549e-02,9.95054e-01,2.54127e-95
3.415596396e+00,1.05309e-63,4.20097e-08,1.51602e-01,9.95152e-01,1.32625e-55
3.432674378e+00,5.65508e-43,2.12112e-09,1.65230e-01,9.95247e-01,1.08846e-33
3.449837750e+00,2.22503e-27,2.72008e-12,2.88621e-01,9.95341e-01,1.97334e-15
3.467086939e+00,3.82007e-25,2.66554e-22,4.25714e-01,9.95433e-01,2.76715e-03
3.484422373e+00,1.27595e-30,5.58623e-30,4.44277e-01,9.95523e-01,3.79645e-01
3.501844485e+00,8.57683e-45,1.57887e-43,6.26825e-01,9.95611e-01,7.68841e-02
3.519353708e+00,1.51509e-52,1.94985e-52,6.78104e-01,9.95698e-01,9.98452e-01
3.536950476e+00,8.41347e-66,1.10834e-65,7.01620e-01,9.95782e-01,9.95611e-01
3.554635228e+00,5.10214e-64,6.12425e-64,8.05169e-01,9.95865e-01,9.90109e-01
3.572408405e+00,1.19264e-52,1.40278e-52,8.10710e-01,9.95947e-01,9.83393e-01
3.590270447e+00,2.64201e-49,2.94703e-49,8.63898e-01,9.96027e-01,9.90556e-01
3.608221799e+00,7.92313e-35,8.67852e-35,8.92672e-01,9.96105e-01,9.95265e-01
3.626262908e+00,1.15587e-19,1.22110e-19,9.07639e-01,9.96182e-01,9.99022e-01
3.644394222e+00,1.46222e-15,1.54196e-15,9.43431e-01,9.96257e-01,9.99613e-01
3.662616193e+00,1.34153e-07,1.42771e-07,9.07505e-01,9.96331e-01,9.97734e-01
3.680929274e+00,4.24202e-04,4.79767e-04,8.55673e-01,9.96403e-01,9.89028e-01
3.699333921e+00,1.85875e-02,2.04358e-02,9.29576e-01,9.96474e-01,9.75639e-01
3.717830590e+00,8.06249e-03,8.90485e-03,9.44333e-01,9.96544e-01,9.51946e-01
3.736419743e+00,4.00613e-05,4.55595e-05,9.35356e-01,9.96612e-01,9.26939e-01
3.755101842e+00,6.04276e-17,6.80825e-17,9.30634e-01,9.96679e-01,9.35371e-01
3.773877351e+00,2.02051e-39,2.20336e-39,9.42432e-01,9.96744e-01,9.62555e-01
3.792746738e+00,9.51458e-101,1.01590e-100,9.31155e-01,9.96808e-01,9.85038e-01
3.811710472e+00,2.03987e-65,2.16027e-65,9.15989e-01,9.96871e-01,9.93238e-01
3.830769024e+00,2.70858e-65,2.88501e-65,9.09583e-01,9.96933e-01,9.97418e-01
3.849922869e+00,3.60609e-90,3.89823e-90,8.70031e-01,9.96993e-01,9.99311e-01
3.869172484e+00,1.03075e-55,1.12728e-55,8.53044e-01,9.97053e-01,9.94177e-01
3.888518346e+00,1.69373e-23,1.84380e-23,9.13941e-01,9.97111e-01,9.86024e-01
3.907960938e+00,1.54124e-18,1.71172e-18,9.04141e-01,9.97168e-01,9.76018e-01
3.927500742e+00,6.69477e-19,7.97428e-19,5.50950e-01,9.97224e-01,9.71331e-01
3.947138246e+00,1.18243e-27,1.61068e-27,6.77427e-01,9.97278e-01,9.84093e-01
3.966873937e+00,4.16714e-42,5.09596e-42,3.94540e-01,9.97332e-01,9.96707e-01
3.986708307e+00,7.92647e-66,8.74709e-66,8.41873e-01,9.97385e-01,9.99995e-01
4.006641849e+00,1.49984e-120,1.56289e-120,9.39735e-01,9.97436e-01,9.99995e-01
4.026675058e+00,0.00000e+00,0.00000e+00,9.30409e-01,9.97487e-01,9.99995e-01
4.046808433e+00,0.00000e+00,0.00000e+00,9.15866e-01,9.97536e-01,9.99995e-01
4.067042475e+00,0.00000e+00,0.00000e+00,9.03925e-01,9.97585e-01,9.99995e-01
4.087377688e+00,0.00000e+00,0.00000e+00,8.97165e-01,9.97632e-01,9.99995e-01
4.107814576e+00,0.00000e+00,0.00000e+00,8.60909e-01,9.97679e-01,9.99994e-01
4.128353649e+00,0.00000e+00,0.00000e+00,7.90261e-01,9.97725e-01,9.99994e-01
4.148995417e+00,0.00000e+00,0.00000e+00,7.46022e-01,9.97770e-01,9.99994e-01
4.169740394e+00,0.00000e+00,0.00000e+00,6.26632e-01,9.97814e-01,9.99994e-01
4.190589096e+00,0.00000e+00,0.00000e+00,5.68296e-01,9.97857e-01,9.99994e-01
4.211542042e+00,0.00000e+00,0.00000e+00,4.10548e-01,9.97899e-01,9.99993e-01
4.232599752e+00,0.00000e+00,0.00000e+00,3.73536e-01,9.97941e-01,9.99993e-01
4.253762751e+00,0.00000e+00,0.00000e+00,2.88486e-01,9.97981e-01,9.99993e-01
4.275031564e+00,0.00000e+00,0.00000e+00,1.79580e-01,9.98021e-01,9.99992e-01
4.296406722e+00,0.00000e+00,0.00000e+00,1.08117e-01,9.98060e-01,9.99992e-01
4.317888756e+00,0.00000e+00,0.00000e+00,1.40248e-01,9.98098e-01,9.99991e-01
4.339478200e+00,0.00000e+00,0.00000e+00,8.44892e-02,9.98136e-01,9.99990e-01
4.361175591e+00,0.00000e+00,0.00000e+00,6.05278e-02,9.98173e-01,9.99990e-01
4.382981469e+00,0.00000e+00,0.00000e+00,5.99272e-02,9.98209e-01,9.99989e-01
4.404896376e+00,0.00000e+00,0.00000e+00,5.65807e-02,9.98244e-01,9.99988e-01
4.426920858e+00,0.00000e+00,0.00000e+00,2.42290e-02,9.98279e-01,9.99987e-01
4.449055462e+00,0.00000e+00,0.00000e+00,5.48444e-02,9.98313e-01,9.99986e-01
4.471300739e+00,0.00000e+00,0.00000e+00,2.51293e-02,9.98346e-01,9.99984e-01
4.493657243e+00,0.00000e+00,0.00000e+00,5.14972e-02,9.98378e-01,9.99983e-01
4.516125529e+00,0.00000e+00,0.00000e+00,1.42770e-02,9.98410e-01,9.99981e-01
4.538706157e+00,0.00000e+00,0.00000e+00,4.11741e-02,9.98442e-01,9.99979e-01
4.561399688e+00,0.00000e+00,0.00000e+00,3.70627e-02,9.98473e-01,9.99976e-01
4.584206686e+00,0.00000e+00,0.00000e+00,6.07138e-02,9.98503e-01,9.99973e-01
4.607127720e+00,0.00000e+00,0.00000e+00,3.08744e-02,9.98532e-01,9.99970e-01
4.630163358e+00,0.00000e+00,0.00000e+00,3.60815e-03,9.98561e-01,9.99965e-01
4.653314175e+00,0.00000e+00,0.00000e+00,2.48979e-03,9.98590e-01,9.99960e-01
4.676580746e+00,0.00000e+00,0.00000e+00,3.54639e-04,9.98617e-01,9.99954e-01
4.699963650e+00,0.00000e+00,0.00000e+00,1.71431e-03,9.98645e-01,9.99947e-01
4.723463468e+00,0.00000e+00,0.00000e+00,2.14648e-04,9.98671e-01,9.99937e-01
4.747080785e+00,0.00000e+00,0.00000e+00,3.82710e-03,9.98698e-01,9.99926e-01
4.770816189e+00,0.00000e+00,0.00000e+00,4.20186e-04,9.98723e-01,9.99912e-01
4.794670270e+00,0.00000e+00,0.00000e+00,2.84949e-05,9.98748e-01,9.99896e-01
4.818643622e+00,0.00000e+00,0.00000e+00,1.40274e-05,9.98773e-01,9.99877e-01
4.842736840e+00,0.00000e+00,0.00000e+00,8.40905e-06,9.98797e-01,9.99855e-01
4.866950524e+00,0.00000e+00,0.00000e+00,8.38851e-05,9.98821e-01,9.99828e-01
4.891285276e+00,0.00000e+00,0.00000e+00,1.06467e-06,9.98844e-01,9.99793e-01
4.915741703e+00,0.00000e+00,0.00000e+00,6.37999e-06,9.98867e-01,9.99759e-01
4.940320411e+00,0.00000e+00,0.00000e+00,4.50766e-07,9.98889e-01,9.99713e-01
4.965022013e+00,0.00000e+00,0.00000e+00,5.64379e-09,9.98911e-01,9.99667e-01
4.989847123e+00,0.00000e+00,0.00000e+00,7.30092e-08,9.98933e-01,9.99624e-01
5.014796359e+00,0.00000e+00,0.00000e+00,1.32148e-12,9.98954e-01,9.99565e-01
5.039870341e+00,0.00000e+00,0.00000e+00,4.29333e-09,9.98975e-01,9.99495e-01
5.065069693e+00,0.00000e+00,0.00000e+00,3.70508e-09,9.98995e-01,9.99397e-01
5.090395041e+00,0.00000e+00,0.00000e+00,4.65651e-13,9.99015e-01,9.99304e-01
5.115847016e+00,0.00000e+00,0.00000e+00,1.34962e-13,9.99034e-01,9.99190e-01
5.141426251e+00,0.00000e+00,0.00000e+00,1.95857e-17,9.99053e-01,9.99066e-01
5.167133383e+00,0.00000e+00,0.00000e+00,9.36121e-20,9.99072e-01,9.98941e-01
5.192969049e+00,0.00000e+00,0.00000e+00,1.05222e-19,9.99090e-01,9.98798e-01
5.218933895e+00,0.00000e+00,0.00000e+00,7.21398e-31,9.99108e-01,9.98665e-01
5.245028564e+00,0.00000e+00,0.00000e+00,1.81193e-23,9.99126e-01,9.98532e-01
5.271253707e+00,0.00000e+00,0.00000e+00,1.48780e-24,9.99143e-01,9.98351e-01
5.297609976e+00,0.00000e+00,0.00000e+00,1.93921e-29,9.99160e-01,9.98176e-01
5.324098025e+00,0.00000e+00,0.00000e+00,7.33227e-30,9.99176e-01,9.98011e-01
5.350718516e+00,0.00000e+00,0.00000e+00,1.79876e-36,9.99193e-01,9.97726e-01
5.377472108e+00,0.00000e+00,0.00000e+00,6.60666e-38,9.99208e-01,9.97578e-01
5.404359469e+00,0.00000e+00,0.00000e+00,6.99629e-38,9.99224e-01,9.97257e-01
5.431381266e+00,0.00000e+00,0.00000e+00,8.35980e-70,9.99239e-01,9.97048e-01
5.458538172e+00,0.00000e+00,0.00000e+00,7.52080e-70,9.99254e-01,9.96731e-01
5.485830863e+00,0.00000e+00,0.00000e+00,9.15176e-75,9.99269e-01,9.96352e-01
5.513260018e+00,0.00000e+00,0.00000e+00,5.73238e-79,9.99283e-01,9.95983e-01
5.540826318e+00,2.71266e-297,8.97133e-217,9.15668e-83,9.99298e-01,9.95532e-01
5.568530449e+00,4.89134e-291,1.02712e-163,1.50768e-129,9.99311e-01,9.49238e-01
5.596373101e+00,3.07447e-242,8.96420e-121,1.11073e-123,9.99325e-01,9.27127e-01
5.624354967e+00,2.37368e-216,1.23092e-106,1.00436e-111,9.99338e-01,9.04423e-01
5.652476742e+00,6.51837e-210,2.60471e-90,8.64770e-122,9.99351e-01,8.75111e-01
5.680739126e+00,8.60488e-220,2.50734e-81,1.57479e-140,9.99364e-01,8.39737e-01
5.709142821e+00,6.02552e-229,2.68432e-77,3.62080e-153,9.99377e-01,7.95099e-01
5.737688535e+00,1.62695e-226,1.45804e-79,1.45687e-148,9.99389e-01,7.36291e-01
5.766376978e+00,2.71040e-180,1.52355e-69,7.98242e-113,9.99401e-01,6.69163e-01
5.795208863e+00,9.30621e-152,1.42996e-50,5.02909e-103,9.99413e-01,5.89229e-01
5.824184907e+00,1.16973e-160,1.02018e-36,2.52750e-125,9.99424e-01,4.92772e-01
5.853305832e+00,4.18614e-159,3.13035e-37,2.28012e-123,9.99436e-01,3.93913e-01
5.882572361e+00,3.40024e-193,2.81516e-43,1.24162e-151,9.99447e-01,2.92587e-01
5.911985223e+00,5.67876e-182,1.45441e-37,1.01936e-145,9.99458e-01,1.97958e-01
5.941545149e+00,3.77176e-168,1.41107e-19,6.62071e-150,9.99468e-01,1.22158e-01
5.971252874e+00,7.46056e-141,2.98024e-12,2.65510e-129,9.99479e-01,6.22125e-02
6.001109139e+00,8.58719e-98,5.20259e-10,3.36370e-87,9.99489e-01,2.56344e-02
6.031114685e+00,3.29958e-107,5.54917e-11,6.85823e-96,9.99499e-01,8.57229e-03
6.061270258e+00,3.31426e-110,2.35626e-14,2.41646e-95,9.99509e-01,1.85342e-03
6.091576609e+00,4.93530e-103,2.00866e-20,6.73042e-81,9.99519e-01,2.47536e-04
6.122034492e+00,7.39098e-80,2.73226e-26,4.29106e-51,9.99528e-01,2.05933e-05
6.152644665e+00,4.85247e-92,3.94225e-36,6.06454e-52,9.99538e-01,8.12659e-07
6.183407888e+00,4.83290e-82,9.84171e-42,1.24758e-34,9.99547e-01,1.21952e-08
6.214324928e+00,9.72202e-77,1.10322e-44,1.64739e-23,9.99556e-01,5.24299e-11
6.245396552e+00,6.96966e-62,9.01085e-34,2.36668e-16,9.99564e-01,4.49362e-14
6.276623535e+00,5.73877e-64,4.42701e-31,7.14234e-17,9.99573e-01,4.88830e-18
6.308006653e+00,2.10114e-69,3.28277e-32,9.85915e-17,9.99581e-01,3.86939e-23
6.339546686e+00,1.19547e-105,2.55141e-43,1.23959e-35,9.99590e-01,1.17002e-29
6.371244419e+00,4.19614e-161,3.39868e-49,5.63090e-77,9.99598e-01,6.59528e-38
6.403100641e+00,4.07332e-189,8.19397e-36,8.98485e-109,9.99606e-01,1.83108e-47
6.435116145e+00,2.23251e-312,2.17137e-16,8.29354e-240,9.99613e-01,3.72765e-59
6.467291725e+00,0.00000e+00,1.12953e-08,3.24206e-241,9.99621e-01,1.86236e-80
6.499628184e+00,0.00000e+00,2.33897e-04,1.54963e-275,9.99629e-01,2.02279e-103
6.532126325e+00,0.00000e+00,5.98910e-03,2.85071e-243,9.99636e-01,4.22973e-128
6.564786956e+00,0.00000e+00,2.57758e-02,1.88466e-292,9.99643e-01,9.96321e-162
6.597610891e+00,0.00000e+00,4.88280e-02,0.00000e+00,9.99650e-01,1.40681e-197
6.630598946e+00,0.00000e+00,7.16607e-02,4.25252e-259,9.99657e-01,2.66603e-248
6.663751940e+00,0.00000e+00,7.13480e-02,3.40128e-241,9.99664e-01,5.94839e-302
6.697070700e+00,0.00000e+00,3.49720e-02,1.48069e-190,9.99670e-01,0.00000e+00
6.730556054e+00,0.00000e+00,9.39276e-03,2.66190e-130,9.99677e-01,0.00000e+00
6.764208834e+00,0.00000e+00,9.02336e-04,2.56375e-130,9.99683e-01,0.00000e+00
6.798029878e+00,0.00000e+00,2.77884e-05,5.24764e-160,9.99689e-01,0.00000e+00
6.832020027e+00,0.00000e+00,1.64516e-07,5.15578e-160,9.99696e-01,0.00000e+00
6.866180128e+00,0.00000e+00,2.60983e-11,4.77496e-184,9.99702e-01,0.00000e+00
6.900511028e+00,0.00000e+00,6.38990e-16,4.79649e-105,9.99707e-01,0.00000e+00
6.935013583e+00,0.00000e+00,1.36578e-26,5.41034e-105,9.99713e-01,0.00000e+00
6.969688651e+00,0.00000e+00,1.14770e-37,4.03135e-132,9.99719e-01,0.00000e+00
7.004537095e+00,0.00000e+00,9.11361e-60,1.94575e-130,9.99724e-01,0.00000e+00
7.039559780e+00,0.00000e+00,3.68837e-77,1.85868e-141,9.99730e-01,0.00000e+00
7.074757579e+00,0.00000e+00,2.55902e-106,4.37475e-111,9.99735e-01,0.00000e+00
7.110131367e+00,0.00000e+00,7.40269e-124,3.75761e-110,9.99740e-01,0.00000e+00
7.145682024e+00,0.00000e+00,4.22207e-148,1.85462e-123,9.99745e-01,0.00000e+00
7.181410434e+00,0.00000e+00,1.34491e-161,3.43391e-157,9.99750e-01,0.00000e+00
7.217317486e+00,0.00000e+00,9.34317e-170,6.36878e-116,9.99755e-01,0.00000e+00
7.253404073e+00,0.00000e+00,1.84887e-167,5.49674e-116,9.99760e-01,0.00000e+00
7.289671094e+00,0.00000e+00,1.01114e-132,1.58217e-101,9.99765e-01,0.00000e+00
7.326119449e+00,0.00000e+00,2.28581e-125,2.95465e-101,9.99769e-01,0.00000e+00
7.362750046e+00,0.00000e+00,2.86997e-136,8.92832e-74,9.99774e-01,0.00000e+00
7.399563797e+00,0.00000e+00,3.21101e-135,1.83264e-60,9.99778e-01,0.00000e+00
7.436561616e+00,0.00000e+00,1.40106e-112,9.81301e-66,9.99783e-01,0.00000e+00
7.473744424e+00,0.00000e+00,5.43685e-74,6.52637e-62,9.99787e-01,0.00000e+00
7.511113146e+00,0.00000e+00,6.73589e-52,1.23342e-53,9.99791e-01,0.00000e+00
7.548668712e+00,0.00000e+00,1.50475e-31,4.81977e-56,9.99795e-01,0.00000e+00
7.586412055e+00,0.00000e+00,1.52100e-26,4.22492e-101,9.99799e-01,0.00000e+00
7.624344115e+00,0.00000e+00,4.89102e-26,1.13773e-49,9.99803e-01,0.00000e+00
7.662465836e+00,0.00000e+00,1.03675e-29,9.88025e-31,9.99807e-01,0.00000e+00
7.700778165e+00,0.00000e+00,9.53499e-40,4.26008e-31,9.99811e-01,0.00000e+00
7.739282056e+00,0.00000e+00,6.89700e-66,8.92219e-51,9.99815e-01,0.00000e+00
7.777978466e+00,0.00000e+00,3.16592e-88,7.28001e-35,9.99818e-01,0.00000e+00
7.816868359e+00,0.00000e+00,2.79438e-119,1.27505e-28,9.99822e-01,0.00000e+00
7.855952700e+00,0.00000e+00,5.38826e-122,4.24062e-29,9.99825e-01,0.00000e+00
7.895232464e+00,0.00000e+00,1.59172e-102,6.74853e-29,9.99829e-01,0.00000e+00
7.934708626e+00,0.00000e+00,1.17122e-94,1.06816e-17,9.99832e-01,0.00000e+00
7.974382169e+00,0.00000e+00,6.59717e-104,2.34194e-13,9.99835e-01,0.00000e+00
8.014254080e+00,0.00000e+00,1.54609e-125,4.38184e-14,9.99839e-01,0.00000e+00
8.054325351e+00,0.00000e+00,1.36987e-128,2.63405e-13,9.99842e-01,0.00000e+00
8.094596977e+00,0.00000e+00,6.16545e-123,1.00698e-10,9.99845e-01,0.00000e+00
8.135069962e+00,0.00000e+00,2.85915e-111,1.74051e-10,9.99848e-01,0.00000e+00
8.175745312e+00,0.00000e+00,4.44186e-92,2.95118e-11,9.99851e-01,0.00000e+00
8.216624039e+00,0.00000e+00,1.31519e-79,7.44468e-09,9.99854e-01,0.00000e+00
8.257707159e+00,0.00000e+00,5.98477e-63,1.58658e-06,9.99857e-01,0.00000e+00
8.298995695e+00,6.48418e-315,3.96735e-57,2.38684e-05,9.99860e-01,3.13237e-254
8.340490673e+00,5.01795e-249,7.04261e-53,2.17460e-06,9.99862e-01,2.94251e-192
8.382193126e+00,4.30980e-197,4.51125e-49,1.14407e-04,9.99865e-01,3.54000e-145
8.424104092e+00,2.66977e-152,2.47259e-39,2.09211e-05,9.99868e-01,3.90437e-110
8.466224613e+00,1.00360e-117,9.12800e-31,6.43097e-05,9.99870e-01,8.37875e-84
8.508555736e+00,3.10056e-80,5.81335e-18,4.94032e-05,9.99873e-01,3.61154e-60
8.551098514e+00,1.60162e-58,3.62781e-13,2.87134e-03,9.99875e-01,6.13711e-44
8.593854007e+00,4.60999e-48,8.68490e-13,2.33587e-02,9.99878e-01,1.49069e-34
8.636823277e+00,1.14989e-42,6.70742e-15,3.19523e-02,9.99880e-01,4.00980e-27
8.680007393e+00,8.32680e-39,6.06687e-17,4.41260e-03,9.99883e-01,9.18165e-21
8.723407430e+00,3.30123e-35,3.13853e-18,1.19116e-02,9.99885e-01,7.10595e-16
8.767024467e+00,3.13302e-34,1.27175e-20,5.60450e-03,9.99887e-01,2.06206e-12
8.810859590e+00,2.77700e-78,4.13177e-68,1.15640e-02,9.99889e-01,9.64877e-10
8.854913888e+00,2.79373e-243,1.14220e-235,1.13412e-01,9.99891e-01,1.67511e-07
8.899188457e+00,0.00000e+00,0.00000e+00,8.34413e-02,9.99894e-01,6.23733e-06
8.943684399e+00,0.00000e+00,0.00000e+00,3.81200e-02,9.99896e-01,9.90145e-05
8.988402821e+00,0.00000e+00,0.00000e+00,3.02942e-02,9.99898e-01,8.46710e-04
9.033344836e+00,0.00000e+00,0.00000e+00,1.66281e-02,9.99900e-01,4.34632e-03
9.078511560e+00,0.00000e+00,0.00000e+00,4.21066e-02,9.99902e-01,1.54298e-02
9.123904118e+00,0.00000e+00,0.00000e+00,1.04125e-01,9.99904e-01,4.05402e-02
9.169523638e+00,0.00000e+00,0.00000e+00,7.19043e-02,9.99905e-01,8.56089e-02
9.215371256e+00,0.00000e+00,0.00000e+00,2.26880e-01,9.99907e-01,1.51267e-01
9.261448113e+00,0.00000e+00,0.00000e+00,1.97910e-01,9.99909e-01,2.34996e-01
9.307755353e+00,0.00000e+00,0.00000e+00,9.45235e-02,9.99911e-01,3.20257e-01
9.354294130e+00,0.00000e+00,0.00000e+00,6.26674e-02,9.99913e-01,4.16890e-01
9.401065601e+00,0.00000e+00,0.00000e+00,1.41005e-02,9.99914e-01,5.11250e-01
9.448070929e+00,0.00000e+00,0.00000e+00,3.93325e-02,9.99916e-01,5.90034e-01
9.495311283e+00,0.00000e+00,0.00000e+00,1.77185e-01,9.99918e-01,6.60442e-01
9.542787840e+00,0.00000e+00,0.00000e+00,2.75436e-01,9.99919e-01,7.27076e-01
9.590501779e+00,0.00000e+00,0.00000e+00,1.23594e-01,9.99921e-01,7.83182e-01
9.638454288e+00,0.00000e+00,0.00000e+00,1.28836e-01,9.99922e-01,8.25164e-01
9.686646559e+00,0.00000e+00,0.00000e+00,1.42545e-01,9.99924e-01,8.59757e-01
9.735079792e+00,0.00000e+00,0.00000e+00,2.39549e-01,9.99925e-01,8.87957e-01
9.783755191e+00,0.00000e+00,0.00000e+00,1.48372e-01,9.99927e-01,9.10775e-01
9.832673967e+00,0.00000e+00,0.00000e+00,2.04313e-02,9.99928e-01,9.29133e-01
9.881837337e+00,0.00000e+00,0.00000e+00,3.27466e-03,9.99930e-01,9.45056e-01
9.931246523e+00,0.00000e+00,0.00000e+00,8.22485e-02,9.99931e-01,9.57579e-01
9.980902756e+00,0.00000e+00,0.00000e+00,1.80269e-01,9.99932e-01,9.99887e-01
1.003080727e+01,0.00000e+00,0.00000e+00,1.81520e-01,9.99934e-01,9.99886e-01
1.008096131e+01,0.00000e+00,0.00000e+00,2.26782e-01,9.99935e-01,9.99885e-01
1.013136611e+01,0.00000e+00,0.00000e+00,3.23599e-01,9.99936e-01,9.99884e-01
1.018202294e+01,0.00000e+00,0.00000e+00,3.63026e-01,9.99937e-01,9.99883e-01
1.023293306e+01,0.00000e+00,0.00000e+00,1.72615e-01,9.99939e-01,9.99881e-01
1.028409772e+01,0.00000e+00,0.00000e+00,4.35325e-02,9.99940e-01,9.99880e-01
1.033551821e+01,0.00000e+00,0.00000e+00,3.12520e-02,9.99941e-01,9.99879e-01
1.038719580e+01,0.00000e+00,0.00000e+00,5.74001e-03,9.99942e-01,9.99877e-01
1.043913178e+01,0.00000e+00,0.00000e+00,6.59563e-03,9.99943e-01,9.99876e-01
1.049132744e+01,0.00000e+00,0.00000e+00,4.84066e-02,9.99944e-01,9.99874e-01
1.054378408e+01,0.00000e+00,0.00000e+00,9.15274e-02,9.99945e-01,9.99872e-01
1.059650300e+01,0.00000e+00,0.00000e+00,8.07861e-02,9.99947e-01,9.99870e-01
1.064948551e+01,0.00000e+00,0.00000e+00,6.20933e-02,9.99948e-01,9.99868e-01
1.070273294e+01,0.00000e+00,0.00000e+00,2.06935e-02,9.99949e-01,9.99866e-01
1.075624661e+01,0.00000e+00,0.00000e+00,2.48446e-02,9.99950e-01,9.99863e-01
1.081002784e+01,0.00000e+00,0.00000e+00,2.77703e-02,9.99951e-01,9.99861e-01
1.086407798e+01,0.00000e+00,0.00000e+00,2.80095e-03,9.99952e-01,9.99858e-01
1.091839837e+01,0.00000e+00,0.00000e+00,3.05659e-04,9.99952e-01,9.99856e-01
1.097299036e+01,0.00000e+00,0.00000e+00,2.43426e-06,9.99953e-01,9.99853e-01
1.102785531e+01,0.00000e+00,0.00000e+00,5.23707e-07,9.99954e-01,9.99852e-01
1.108299459e+01,0.00000e+00,0.00000e+00,1.37000e-03,9.99955e-01,9.99850e-01
1.113840956e+01,0.00000e+00,0.00000e+00,1.91557e-02,9.99956e-01,9.99848e-01
1.119410161e+01,0.00000e+00,0.00000e+00,4.24810e-02,9.99957e-01,9.99846e-01
1.125007212e+01,0.00000e+00,0.00000e+00,1.37521e-02,9.99958e-01,9.99844e-01
1.130632248e+01,0.00000e+00,0.00000e+00,9.36675e-03,9.99959e-01,9.99842e-01
1.136285409e+01,0.00000e+00,0.00000e+00,2.76244e-02,9.99959e-01,9.99840e-01
1.141966836e+01,0.00000e+00,0.00000e+00,3.70438e-02,9.99960e-01,9.99838e-01
1.147676670e+01,0.00000e+00,0.00000e+00,1.81064e-02,9.99961e-01,9.99835e-01
1.153415054e+01,0.00000e+00,0.00000e+00,1.86458e-03,9.99962e-01,9.99833e-01
1.159182129e+01,0.00000e+00,0.00000e+00,1.57877e-04,9.99962e-01,9.99831e-01
1.164978039e+01,0.00000e+00,0.00000e+00,2.33008e-06,9.99963e-01,9.99828e-01
1.170802930e+01,0.00000e+00,0.00000e+00,7.01937e-08,9.99964e-01,9.99826e-01
1.176656944e+01,0.00000e+00,0.00000e+00,4.13424e-05,9.99965e-01,9.99823e-01
1.182540229e+01,0.00000e+00,0.00000e+00,1.02058e-03,9.99965e-01,9.99821e-01
1.188452930e+01,0.00000e+00,0.00000e+00,1.07040e-03,9.99966e-01,9.99818e-01
1.194395195e+01,0.00000e+00,0.00000e+00,2.43053e-03,9.99967e-01,9.99815e-01
1.200367171e+01,0.00000e+00,0.00000e+00,8.49760e-03,9.99967e-01,9.99812e-01
1.206369007e+01,0.00000e+00,0.00000e+00,1.75641e-03,9.99968e-01,9.99809e-01
1.212400852e+01,0.00000e+00,0.00000e+00,7.89916e-03,9.99968e-01,9.99806e-01
1.218462856e+01,0.00000e+00,0.00000e+00,7.13174e-03,9.99969e-01,9.99803e-01
1.224555170e+01,0.00000e+00,0.00000e+00,1.95662e-04,9.99970e-01,9.99799e-01
1.230677946e+01,0.00000e+00,0.00000e+00,4.78349e-06,9.99970e-01,9.99795e-01
1.236831336e+01,0.00000e+00,0.00000e+00,1.23610e-07,9.99971e-01,9.99791e-01
1.243015492e+01,0.00000e+00,0.00000e+00,5.79681e-12,9.99971e-01,9.99786e-01
1.249230570e+01,0.00000e+00,0.00000e+00,2.52717e-11,9.99972e-01,9.99782e-01
1.255476723e+01,0.00000e+00,0.00000e+00,6.38649e-10,9.99972e-01,9.99777e-01
1.261754106e+01,0.00000e+00,0.00000e+00,1.97040e-05,9.99973e-01,9.99772e-01
1.268062877e+01,0.00000e+00,0.00000e+00,2.18147e-04,9.99973e-01,9.99767e-01
1.274403191e+01,0.00000e+00,0.00000e+00,1.13176e-04,9.99974e-01,9.99761e-01
1.280775207e+01,0.00000e+00,0.00000e+00,6.06133e-04,9.99974e-01,9.99755e-01
1.287179083e+01,0.00000e+00,0.00000e+00,7.24241e-05,9.99975e-01,9.99749e-01
1.293614979e+01,0.00000e+00,0.00000e+00,1.69683e-04,9.99975e-01,9.99743e-01
1.300083054e+01,0.00000e+00,0.00000e+00,2.92712e-06,9.99976e-01,9.99737e-01
1.306583469e+01,0.00000e+00,0.00000e+00,6.80405e-07,9.99976e-01,9.99730e-01
1.313116386e+01,0.00000e+00,0.00000e+00,2.66024e-07,9.99977e-01,9.99723e-01
1.319681968e+01,0.00000e+00,0.00000e+00,8.37771e-08,9.99977e-01,9.99716e-01
1.326280378e+01,0.00000e+00,0.00000e+00,8.93310e-12,9.99978e-01,9.99708e-01
1.332911780e+01,0.00000e+00,0.00000e+00,2.57273e-12,9.99978e-01,9.99701e-01
1.339576339e+01,0.00000e+00,0.00000e+00,5.40988e-13,9.99978e-01,9.88061e-01
1.346274221e+01,0.00000e+00,0.00000e+00,6.30197e-19,9.99979e-01,9.86863e-01
1.353005592e+01,0.00000e+00,0.00000e+00,3.40686e-10,9.99979e-01,9.85544e-01
1.359770620e+01,0.00000e+00,0.00000e+00,2.35485e-09,9.99980e-01,9.84282e-01
1.366569473e+01,0.00000e+00,0.00000e+00,2.11016e-09,9.99980e-01,9.82905e-01
1.373402320e+01,0.00000e+00,0.00000e+00,5.79500e-07,9.99980e-01,9.81187e-01
1.380269332e+01,0.00000e+00,0.00000e+00,1.75005e-06,9.99981e-01,9.79545e-01
1.387170678e+01,0.00000e+00,0.00000e+00,2.46111e-08,9.99981e-01,9.77755e-01
1.394106532e+01,0.00000e+00,0.00000e+00,1.29341e-09,9.99981e-01,9.75815e-01
1.401077064e+01,0.00000e+00,0.00000e+00,2.34999e-11,9.99982e-01,9.73699e-01
1.408082450e+01,0.00000e+00,0.00000e+00,1.98519e-11,9.99982e-01,9.71409e-01
1.415122862e+01,0.00000e+00,0.00000e+00,4.41910e-16,9.99983e-01,9.68911e-01
1.422198476e+01,0.00000e+00,0.00000e+00,1.97891e-21,9.99983e-01,9.66214e-01
1.429309469e+01,0.00000e+00,0.00000e+00,1.01853e-20,9.99983e-01,9.63267e-01
1.436456016e+01,0.00000e+00,0.00000e+00,1.16409e-25,9.99983e-01,9.60083e-01
1.443638296e+01,0.00000e+00,0.00000e+00,1.95455e-29,9.99984e-01,9.56616e-01
1.450856487e+01,0.00000e+00,0.00000e+00,4.43225e-20,9.99984e-01,9.52862e-01
1.458110770e+01,0.00000e+00,0.00000e+00,1.49935e-14,9.99984e-01,9.48782e-01
1.465401324e+01,0.00000e+00,0.00000e+00,3.49366e-13,9.99985e-01,9.44375e-01
1.472728330e+01,0.00000e+00,0.00000e+00,4.81643e-13,9.99985e-01,9.40291e-01
1.480091972e+01,0.00000e+00,0.00000e+00,1.12320e-14,9.99985e-01,9.35158e-01
1.487492432e+01,0.00000e+00,0.00000e+00,1.78435e-24,9.99985e-01,9.29619e-01
1.494929894e+01,0.00000e+00,0.00000e+00,1.93559e-19,9.99986e-01,9.23606e-01
1.502404544e+01,0.00000e+00,0.00000e+00,2.87545e-16,9.99986e-01,9.17131e-01
1.509916566e+01,0.00000e+00,0.00000e+00,1.18304e-15,9.99986e-01,9.11139e-01
1.517466149e+01,0.00000e+00,0.00000e+00,4.04048e-17,9.99987e-01,9.04750e-01
1.525053480e+01,0.00000e+00,0.00000e+00,1.61777e-15,9.99987e-01,8.96719e-01
1.532678747e+01,0.00000e+00,0.00000e+00,2.38488e-18,9.99987e-01,8.88103e-01
1.540342141e+01,0.00000e+00,0.00000e+00,5.42916e-23,9.99987e-01,8.80162e-01
1.548043852e+01,0.00000e+00,0.00000e+00,1.45703e-25,9.99987e-01,8.71697e-01
1.555784071e+01,0.00000e+00,0.00000e+00,3.74169e-32,9.99988e-01,8.61115e-01
1.563562991e+01,0.00000e+00,0.00000e+00,1.31256e-47,9.99988e-01,8.49782e-01
1.571380806e+01,0.00000e+00,0.00000e+00,2.66658e-48,9.99988e-01,8.39389e-01
1.579237710e+01,0.00000e+00,0.00000e+00,5.09719e-35,9.99988e-01,8.28335e-01
1.587133899e+01,0.00000e+00,0.00000e+00,2.10899e-30,9.99989e-01,8.16619e-01
1.595069568e+01,0.00000e+00,0.00000e+00,2.84336e-33,9.99989e-01,8.04205e-01
1.603044916e+01,0.00000e+00,0.00000e+00,1.35581e-45,9.99989e-01,7.88775e-01
1.611060141e+01,0.00000e+00,0.00000e+00,4.48949e-44,9.99989e-01,7.72375e-01
1.619115441e+01,0.00000e+00,0.00000e+00,9.58947e-43,9.99989e-01,7.57432e-01
1.627211019e+01,0.00000e+00,0.00000e+00,4.73699e-48,9.99990e-01,7.41695e-01
1.635347074e+01,0.00000e+00,0.00000e+00,5.71788e-44,9.99990e-01,7.25136e-01
1.643523809e+01,0.00000e+00,0.00000e+00,7.39332e-45,9.99990e-01,7.07735e-01
1.651741428e+01,0.00000e+00,0.00000e+00,1.45263e-47,9.99990e-01,6.89474e-01
1.660000135e+01,0.00000e+00,0.00000e+00,5.25775e-60,9.99990e-01,6.70448e-01
1.668300136e+01,0.00000e+00,0.00000e+00,1.93547e-61,9.99990e-01,6.50483e-01
1.676641637e+01,0.00000e+00,0.00000e+00,1.92177e-54,9.99991e-01,6.29701e-01
1.685024845e+01,0.00000e+00,0.00000e+00,4.71875e-56,9.99991e-01,6.08080e-01
1.693449969e+01,0.00000e+00,0.00000e+00,2.02201e-69,9.99991e-01,5.85680e-01
1.701917219e+01,0.00000e+00,0.00000e+00,2.19065e-74,9.99991e-01,5.62511e-01
1.710426805e+01,0.00000e+00,0.00000e+00,1.80717e-95,9.99991e-01,5.38627e-01
1.718978939e+01,0.00000e+00,0.00000e+00,2.82007e-104,9.99991e-01,5.18228e-01
1.727573834e+01,0.00000e+00,0.00000e+00,6.05111e-107,9.99992e-01,4.97367e-01
1.736211703e+01,0.00000e+00,0.00000e+00,2.84567e-114,9.99992e-01,4.71887e-01
1.744892761e+01,0.00000e+00,0.00000e+00,3.32744e-98,9.99992e-01,4.45887e-01
1.753617225e+01,0.00000e+00,0.00000e+00,1.54689e-78,9.99992e-01,4.19569e-01
1.762385311e+01,0.00000e+00,0.00000e+00,2.89415e-77,9.99992e-01,3.93014e-01
1.771197238e+01,0.00000e+00,0.00000e+00,2.71997e-82,9.99992e-01,3.66325e-01
1.780053224e+01,0.00000e+00,0.00000e+00,1.98394e-89,9.99992e-01,3.44121e-01
1.788953490e+01,0.00000e+00,0.00000e+00,1.01060e-96,9.99993e-01,3.21978e-01
1.797898258e+01,0.00000e+00,0.00000e+00,9.68101e-111,9.99993e-01,2.95645e-01
1.806887749e+01,0.00000e+00,0.00000e+00,5.77308e-113,9.99993e-01,2.69748e-01
1.815922188e+01,0.00000e+00,0.00000e+00,1.95319e-150,9.99993e-01,2.48632e-01
1.825001799e+01,0.00000e+00,0.00000e+00,1.42199e-112,9.99993e-01,2.27976e-01
1.834126808e+01,0.00000e+00,0.00000e+00,1.29142e-108,9.99993e-01,2.04005e-01
1.843297442e+01,0.00000e+00,0.00000e+00,1.22676e-109,9.99993e-01,1.81057e-01
1.852513929e+01,0.00000e+00,0.00000e+00,5.47158e-147,9.99993e-01,1.62836e-01
1.861776499e+01,0.00000e+00,0.00000e+00,1.79917e-178,9.99993e-01,1.45427e-01
1.871085381e+01,0.00000e+00,0.00000e+00,6.29797e-140,9.99994e-01,1.25836e-01
1.880440808e+01,0.00000e+00,0.00000e+00,3.64769e-119,9.99994e-01,1.10658e-01
1.889843012e+01,0.00000e+00,0.00000e+00,1.33509e-121,9.99994e-01,9.64928e-02
1.899292227e+01,0.00000e+00,0.00000e+00,5.88967e-165,9.99994e-01,8.09890e-02
1.908788688e+01,0.00000e+00,0.00000e+00,1.87344e-160,9.99994e-01,6.93163e-02
1.918332632e+01,0.00000e+00,0.00000e+00,3.46392e-161,9.99994e-01,5.87176e-02
1.927924295e+01,0.00000e+00,0.00000e+00,6.39455e-251,9.99994e-01,4.92728e-02
1.937563916e+01,0.00000e+00,0.00000e+00,1.12636e-309,9.99994e-01,4.08647e-02
1.947251736e+01,0.00000e+00,0.00000e+00,1.06281e-315,9.99994e-01,3.35353e-02
1.956987994e+01,0.00000e+00,0.00000e+00,3.81570e-302,9.99994e-01,2.71697e-02
1.966772934e+01,0.00000e+00,0.00000e+00,2.78198e-248,9.99995e-01,2.07451e-02
1.976606799e+01,0.00000e+00,0.00000e+00,6.82130e-244,9.99995e-01,1.63310e-02
1.986489833e+01,0.00000e+00,0.00000e+00,2.57922e-259,9.99995e-01,1.26578e-02
1.996422282e+01,0.00000e+00,0.00000e+00,2.82908e-242,9.99995e-01,9.67452e-03
