#,Wave/freq,Total,CO2,H2O,Rayleigh,CIA
4.000000000e-01,4.37789e-09,9.99999e-01,9.99961e-01,4.37805e-09,9.99999e-01
4.020000000e-01,6.40539e-09,9.99999e-01,9.99976e-01,6.40554e-09,9.99999e-01
4.040100000e-01,9.29806e-09,9.99999e-01,9.99989e-01,9.29815e-09,9.99999e-01
4.060300500e-01,1.33980e-08,9.99999e-01,9.99997e-01,1.33980e-08,9.99999e-01
4.080602003e-01,1.91669e-08,9.99999e-01,9.99998e-01,1.91669e-08,9.99999e-01
4.101005013e-01,2.72264e-08,9.99999e-01,9.99999e-01,2.72264e-08,9.99999e-01
4.121510038e-01,3.84076e-08,9.99999e-01,9.99998e-01,3.84076e-08,9.99999e-01
4.142117588e-01,5.38132e-08,9.99999e-01,9.99989e-01,5.38138e-08,9.99999e-01
4.162828176e-01,7.48956e-08,9.99999e-01,9.99952e-01,7.48991e-08,9.99999e-01
4.183642317e-01,1.03565e-07,9.99999e-01,9.99971e-01,1.03567e-07,9.99999e-01
4.204560528e-01,1.42293e-07,9.99999e-01,9.99982e-01,1.42295e-07,9.99999e-01
4.225583331e-01,1.94280e-07,9.99999e-01,9.99993e-01,1.94281e-07,9.99999e-01
4.246711247e-01,2.63633e-07,9.99999e-01,9.99994e-01,2.63634e-07,9.99999e-01
4.267944804e-01,3.55590e-07,9.99999e-01,9.99992e-01,3.55593e-07,9.99999e-01
4.289284528e-01,4.76799e-07,9.99999e-01,9.99993e-01,4.76802e-07,9.99999e-01
4.310730950e-01,6.35631e-07,9.99999e-01,9.99997e-01,6.35633e-07,9.99999e-01
4.332284605e-01,8.42574e-07,9.99999e-01,9.99998e-01,8.42574e-07,9.99999e-01
4.353946028e-01,1.11069e-06,9.99999e-01,9.99999e-01,1.11069e-06,9.99999e-01
4.375715758e-01,1.45615e-06,9.99999e-01,9.99994e-01,1.45615e-06,9.99999e-01
4.397594337e-01,1.89880e-06,9.99999e-01,9.99958e-01,1.89888e-06,9.99999e-01
4.419582309e-01,2.46275e-06,9.99999e-01,9.99791e-01,2.46327e-06,9.99999e-01
4.441680220e-01,3.17850e-06,9.99999e-01,9.99837e-01,3.17902e-06,9.99999e-01
4.463888621e-01,4.08144e-06,9.99999e-01,9.99830e-01,4.08213e-06,9.99999e-01
4.486208064e-01,5.21542e-06,9.99999e-01,9.99894e-01,5.21597e-06,9.99999e-01
4.508639105e-01,6.63223e-06,9.99999e-01,9.99950e-01,6.63255e-06,9.99999e-01
4.531182300e-01,8.39377e-06,9.99999e-01,9.99980e-01,8.39393e-06,9.99999e-01
4.553838212e-01,1.05736e-05,9.99999e-01,9.99986e-01,1.05738e-05,9.99999e-01
4.576607403e-01,1.32590e-05,9.99999e-01,9.99993e-01,1.32591e-05,9.99999e-01
4.599490440e-01,1.65521e-05,9.99999e-01,9.99995e-01,1.65522e-05,9.99999e-01
4.622487892e-01,2.05729e-05,9.99999e-01,9.99998e-01,2.05729e-05,9.99999e-01
4.645600332e-01,2.54606e-05,9.99999e-01,9.99996e-01,2.54606e-05,9.99999e-01
4.668828333e-01,3.13757e-05,9.99999e-01,9.99949e-01,3.13772e-05,9.99999e-01
4.692172475e-01,3.85054e-05,9.99999e-01,9.99893e-01,3.85095e-05,9.99999e-01
4.715633337e-01,4.70688e-05,9.99999e-01,9.99930e-01,4.70721e-05,9.99999e-01
4.739211504e-01,5.73071e-05,9.99999e-01,9.99933e-01,5.73109e-05,9.99999e-01
4.762907561e-01,6.95037e-05,9.99999e-01,9.99965e-01,6.95060e-05,9.99999e-01
4.786722099e-01,8.39744e-05,9.99999e-01,9.99985e-01,8.39756e-05,9.99999e-01
4.810655710e-01,1.01079e-04,9.99999e-01,9.99995e-01,1.01079e-04,9.99999e-01
4.834708988e-01,1.21216e-04,9.99999e-01,9.99958e-01,1.21221e-04,9.99999e-01
4.858882533e-01,1.44846e-04,9.99999e-01,9.99924e-01,1.44856e-04,9.99999e-01
4.883176946e-01,1.72481e-04,9.99999e-01,9.99936e-01,1.72492e-04,9.99999e-01
4.907592831e-01,2.04681e-04,9.99999e-01,9.99942e-01,2.04693e-04,9.99999e-01
4.932130795e-01,2.42075e-04,9.99999e-01,9.99959e-01,2.42084e-04,9.99999e-01
4.956791449e-01,2.85354e-04,9.99999e-01,9.99978e-01,2.85360e-04,9.99999e-01
4.981575406e-01,3.35244e-04,9.99999e-01,9.99892e-01,3.35280e-04,9.99999e-01
5.006483283e-01,3.92572e-04,9.99999e-01,9.99723e-01,3.92680e-04,9.99999e-01
5.031515699e-01,4.57833e-04,9.99999e-01,9.98599e-01,4.58475e-04,9.99999e-01
5.056673278e-01,5.33263e-04,9.99999e-01,9.99260e-01,5.33657e-04,9.99999e-01
5.081956644e-01,6.18732e-04,9.99999e-01,9.99067e-01,6.19309e-04,9.99999e-01
5.107366428e-01,7.16146e-04,9.99999e-01,9.99370e-01,7.16597e-04,9.99999e-01
5.132903260e-01,8.26485e-04,9.99999e-01,9.99639e-01,8.26782e-04,9.99999e-01
5.158567776e-01,9.51074e-04,9.99999e-01,9.99847e-01,9.51218e-04,9.99999e-01
5.184360615e-01,1.09129e-03,9.99999e-01,9.99938e-01,1.09136e-03,9.99999e-01
5.210282418e-01,1.24872e-03,9.99999e-01,9.99976e-01,1.24875e-03,9.99999e-01
5.236333830e-01,1.42491e-03,9.99999e-01,9.99908e-01,1.42504e-03,9.99999e-01
5.262515499e-01,1.62189e-03,9.99999e-01,9.99942e-01,1.62198e-03,9.99999e-01
5.288828077e-01,1.84133e-03,9.99999e-01,9.99947e-01,1.84142e-03,9.99999e-01
5.315272217e-01,2.08523e-03,9.99999e-01,9.99953e-01,2.08532e-03,9.99999e-01
5.341848578e-01,2.35566e-03,9.99999e-01,9.99969e-01,2.35573e-03,9.99999e-01
5.368557821e-01,2.65453e-03,9.99999e-01,9.99893e-01,2.65481e-03,9.99999e-01
5.395400610e-01,2.98365e-03,9.99999e-01,9.99615e-01,2.98480e-03,9.99999e-01
5.422377613e-01,3.34639e-03,9.99999e-01,9.99504e-01,3.34805e-03,9.99999e-01
5.449489501e-01,3.74527e-03,9.99999e-01,9.99538e-01,3.74700e-03,9.99999e-01
5.476736949e-01,4.18246e-03,9.99999e-01,9.99591e-01,4.18417e-03,9.99999e-01
5.504120634e-01,4.66079e-03,9.99999e-01,9.99703e-01,4.66217e-03,9.99999e-01
5.531641237e-01,5.18292e-03,9.99999e-01,9.99850e-01,5.18369e-03,9.99999e-01
5.559299443e-01,5.75108e-03,9.99999e-01,9.99927e-01,5.75150e-03,9.99999e-01
5.587095940e-01,6.36812e-03,9.99999e-01,9.99954e-01,6.36841e-03,9.99999e-01
5.615031420e-01,7.03695e-03,9.99999e-01,9.99949e-01,7.03731e-03,9.99999e-01
5.643106577e-01,7.76070e-03,9.99999e-01,9.99942e-01,7.76114e-03,9.99999e-01
5.671322110e-01,8.53696e-03,9.99999e-01,9.99305e-01,8.54289e-03,9.99999e-01
5.699678720e-01,9.37866e-03,9.99999e-01,9.99263e-01,9.38557e-03,9.99999e-01
5.728177114e-01,1.02843e-02,9.99999e-01,9.99232e-01,1.02922e-02,9.99999e-01
5.756818000e-01,1.12580e-02,9.99999e-01,9.99295e-01,1.12659e-02,9.99999e-01
5.785602090e-01,1.23022e-02,9.99999e-01,9.99386e-01,1.23098e-02,9.99999e-01
5.814530100e-01,1.34185e-02,9.99999e-01,9.99383e-01,1.34268e-02,9.99999e-01
5.843602750e-01,1.46093e-02,9.99999e-01,9.99264e-01,1.46201e-02,9.99999e-01
5.872820764e-01,1.57922e-02,9.99999e-01,9.93678e-01,1.58926e-02,9.99999e-01
5.902184868e-01,1.71156e-02,9.99999e-01,9.92348e-01,1.72475e-02,9.99999e-01
5.931695792e-01,1.85866e-02,9.99999e-01,9.94589e-01,1.86877e-02,9.99999e-01
5.961354271e-01,2.00962e-02,9.99999e-01,9.94070e-01,2.02161e-02,9.99999e-01
5.991161043e-01,2.17411e-02,9.99999e-01,9.95673e-01,2.18355e-02,9.99999e-01
6.021116848e-01,2.34910e-02,9.99999e-01,9.97542e-01,2.35488e-02,9.99999e-01
6.051222432e-01,2.53272e-02,9.99999e-01,9.98756e-01,2.53587e-02,9.99999e-01
6.081478544e-01,2.72531e-02,9.99999e-01,9.99463e-01,2.72678e-02,9.99999e-01
6.111885937e-01,2.92719e-02,9.99999e-01,9.99772e-01,2.92785e-02,9.99999e-01
6.142445367e-01,3.13902e-02,9.99999e-01,9.99898e-01,3.13934e-02,9.99999e-01
6.173157594e-01,3.36129e-02,9.99999e-01,9.99943e-01,3.36147e-02,9.99999e-01
6.204023382e-01,3.59430e-02,9.99999e-01,9.99952e-01,3.59447e-02,9.99999e-01
6.235043498e-01,3.83772e-02,9.99999e-01,9.99790e-01,3.83852e-02,9.99999e-01
6.266218716e-01,4.08932e-02,9.99999e-01,9.98896e-01,4.09384e-02,9.99999e-01
6.297549810e-01,4.35882e-02,9.99999e-01,9.99594e-01,4.36058e-02,9.99999e-01
6.329037559e-01,4.63521e-02,9.99999e-01,9.99199e-01,4.63892e-02,9.99999e-01
6.360682746e-01,4.92564e-02,9.99999e-01,9.99318e-01,4.92899e-02,9.99999e-01
6.392486160e-01,5.22632e-02,9.99999e-01,9.99116e-01,5.23094e-02,9.99999e-01
6.424448591e-01,5.53831e-02,9.99999e-01,9.98817e-01,5.54486e-02,9.99999e-01
6.456570834e-01,5.83869e-02,9.99999e-01,9.94520e-01,5.87086e-02,9.99999e-01
6.488853688e-01,6.18413e-02,9.99999e-01,9.95990e-01,6.20902e-02,9.99999e-01
6.521297956e-01,6.53259e-02,9.99999e-01,9.95912e-01,6.55940e-02,9.99999e-01
6.553904446e-01,6.89386e-02,9.99999e-01,9.95929e-01,6.92204e-02,9.99999e-01
6.586673968e-01,7.27153e-02,9.99999e-01,9.96514e-01,7.29696e-02,9.99999e-01
6.619607338e-01,7.66925e-02,9.99999e-01,9.98056e-01,7.68419e-02,9.99999e-01
6.652705375e-01,8.07427e-02,9.99999e-01,9.98832e-01,8.08370e-02,9.99999e-01
6.685968902e-01,8.49087e-02,9.99999e-01,9.99457e-01,8.49547e-02,9.99999e-01
6.719398746e-01,8.91722e-02,9.99999e-01,9.99748e-01,8.91946e-02,9.99999e-01
6.752995740e-01,9.35434e-02,9.99999e-01,9.99863e-01,9.35561e-02,9.99999e-01
6.786760719e-01,9.80191e-02,9.99999e-01,9.99802e-01,9.80383e-02,9.99999e-01
6.820694522e-01,1.02606e-01,9.99999e-01,9.99662e-01,1.02640e-01,9.99999e-01
6.854797995e-01,1.07315e-01,9.99999e-01,9.99565e-01,1.07361e-01,9.99999e-01
6.889071985e-01,1.12081e-01,9.99999e-01,9.98947e-01,1.12199e-01,9.99999e-01
6.923517345e-01,1.15156e-01,9.99999e-01,9.82948e-01,1.17154e-01,9.99999e-01
6.958134932e-01,1.21137e-01,9.99999e-01,9.91120e-01,1.22222e-01,9.99999e-01
6.992925606e-01,1.26326e-01,9.99999e-01,9.91540e-01,1.27403e-01,9.99999e-01
7.027890234e-01,1.31312e-01,9.99999e-01,9.89571e-01,1.32695e-01,9.99999e-01
7.063029686e-01,1.36884e-01,9.99999e-01,9.91224e-01,1.38096e-01,9.99999e-01
7.098344834e-01,1.42394e-01,9.99999e-01,9.91577e-01,1.43604e-01,9.99999e-01
7.133836558e-01,1.47541e-01,9.99999e-01,9.88780e-01,1.49215e-01,9.99999e-01
7.169505741e-01,1.41529e-01,9.99999e-01,9.13512e-01,1.54929e-01,9.99998e-01
7.205353270e-01,1.53788e-01,9.99999e-01,9.56737e-01,1.60742e-01,9.99998e-01
7.241380036e-01,1.57529e-01,9.99999e-01,9.45257e-01,1.66652e-01,9.99998e-01
7.277586936e-01,1.64105e-01,9.99999e-01,9.50476e-01,1.72656e-01,9.99998e-01
7.313974871e-01,1.69349e-01,9.99999e-01,9.47399e-01,1.78751e-01,9.99998e-01
7.350544745e-01,1.79554e-01,9.99999e-01,9.70905e-01,1.84935e-01,9.99999e-01
7.387297469e-01,1.87094e-01,9.99999e-01,9.78502e-01,1.91204e-01,9.99999e-01
7.424233956e-01,1.95467e-01,9.99999e-01,9.89426e-01,1.97556e-01,9.99999e-01
7.461355126e-01,2.02677e-01,9.99999e-01,9.93579e-01,2.03986e-01,9.99999e-01
7.498661902e-01,2.09863e-01,9.99999e-01,9.97006e-01,2.10493e-01,9.99999e-01
7.536155211e-01,2.16754e-01,9.99999e-01,9.98530e-01,2.17073e-01,9.99999e-01
7.573835987e-01,2.23553e-01,9.99999e-01,9.99243e-01,2.23722e-01,9.99999e-01
7.611705167e-01,2.30330e-01,9.99999e-01,9.99529e-01,2.30438e-01,9.99999e-01
7.649763693e-01,2.37147e-01,9.99999e-01,9.99704e-01,2.37217e-01,9.99999e-01
7.688012511e-01,2.44005e-01,9.99999e-01,9.99794e-01,2.44055e-01,9.99999e-01
7.726452574e-01,2.50907e-01,9.99999e-01,9.99830e-01,2.50950e-01,9.99999e-01
7.765084837e-01,2.57835e-01,9.99999e-01,9.99759e-01,2.57897e-01,9.99999e-01
7.803910261e-01,2.49364e-01,9.42298e-01,9.98962e-01,2.64894e-01,9.99999e-01
7.842929812e-01,2.06145e-01,7.60593e-01,9.96381e-01,2.71936e-01,9.99999e-01
7.882144461e-01,2.07012e-01,7.47103e-01,9.92562e-01,2.79022e-01,9.99999e-01
7.921555184e-01,2.39490e-01,8.40239e-01,9.95917e-01,2.86146e-01,9.99999e-01
7.961162960e-01,2.59075e-01,8.89598e-01,9.92787e-01,2.93307e-01,9.99999e-01
8.000968774e-01,2.79685e-01,9.38506e-01,9.91675e-01,3.00499e-01,9.99999e-01
8.040973618e-01,2.95297e-01,9.67653e-01,9.91672e-01,3.07721e-01,9.99999e-01
8.081178486e-01,3.04465e-01,9.85006e-01,9.81315e-01,3.14969e-01,9.99999e-01
8.121584379e-01,2.96550e-01,9.95351e-01,9.24499e-01,3.22239e-01,9.99998e-01
8.162192301e-01,2.99949e-01,9.98971e-01,9.11143e-01,3.29528e-01,9.99998e-01
8.203003262e-01,3.21640e-01,9.99984e-01,9.54905e-01,3.36834e-01,9.99998e-01
8.244018279e-01,3.22756e-01,9.99999e-01,9.37830e-01,3.44152e-01,9.99998e-01
8.285238370e-01,3.32462e-01,9.99999e-01,9.45893e-01,3.51480e-01,9.99998e-01
8.326664562e-01,3.39210e-01,9.99999e-01,9.45364e-01,3.58815e-01,9.99998e-01
8.368297885e-01,3.51734e-01,9.99999e-01,9.60620e-01,3.66153e-01,9.99999e-01
8.410139374e-01,3.64682e-01,9.99999e-01,9.76411e-01,3.73492e-01,9.99999e-01
8.452190071e-01,3.76398e-01,9.99999e-01,9.88364e-01,3.80829e-01,9.99999e-01
8.494451021e-01,3.85534e-01,9.99999e-01,9.93231e-01,3.88160e-01,9.99999e-01
8.536923276e-01,3.93900e-01,9.99999e-01,9.95994e-01,3.95484e-01,9.99999e-01
8.579607893e-01,4.01803e-01,9.99999e-01,9.97531e-01,4.02798e-01,9.99999e-01
8.622505932e-01,4.09455e-01,9.99999e-01,9.98431e-01,4.10098e-01,9.99999e-01
8.665618462e-01,3.73466e-01,8.95604e-01,9.99029e-01,4.17382e-01,9.99999e-01
8.708946554e-01,2.14019e-01,5.04519e-01,9.98888e-01,4.24648e-01,9.99999e-01
8.752491287e-01,2.46440e-01,5.71411e-01,9.98512e-01,4.31893e-01,9.99999e-01
8.796253743e-01,3.20992e-01,7.32426e-01,9.97940e-01,4.39116e-01,9.99999e-01
8.840235012e-01,3.78404e-01,8.49789e-01,9.97648e-01,4.46312e-01,9.99999e-01
8.884436187e-01,4.21667e-01,9.37733e-01,9.91438e-01,4.53481e-01,9.99999e-01
8.928858368e-01,4.10183e-01,9.74264e-01,9.13645e-01,4.60620e-01,9.99998e-01
8.973502660e-01,3.96388e-01,9.93694e-01,8.52657e-01,4.67727e-01,9.99997e-01
9.018370173e-01,4.37443e-01,9.99303e-01,9.21927e-01,4.74801e-01,9.99997e-01
9.063462024e-01,4.41002e-01,9.82322e-01,9.30782e-01,4.81838e-01,9.99996e-01
9.108779334e-01,4.19910e-01,9.59727e-01,8.94236e-01,4.88838e-01,9.99996e-01
9.154323231e-01,4.32587e-01,9.90408e-01,8.80632e-01,4.95797e-01,9.99996e-01
9.200094847e-01,4.02007e-01,8.75532e-01,9.05362e-01,5.02716e-01,9.99995e-01
9.246095321e-01,3.59667e-01,8.18143e-01,8.57598e-01,5.09592e-01,9.99992e-01
9.292325798e-01,1.66269e-01,8.55326e-01,3.67027e-01,5.16423e-01,9.99984e-01
9.338787427e-01,1.27110e-01,8.59275e-01,2.76039e-01,5.23208e-01,9.99980e-01
9.385481364e-01,2.84102e-01,8.94177e-01,5.93246e-01,5.29945e-01,9.99979e-01
9.432408771e-01,2.47232e-01,9.33696e-01,4.90443e-01,5.36634e-01,9.99977e-01
9.479570815e-01,1.98260e-01,9.65395e-01,3.76888e-01,5.43273e-01,9.99980e-01
9.526968669e-01,2.57074e-01,9.83175e-01,4.74437e-01,5.49860e-01,9.99984e-01
9.574603512e-01,2.74113e-01,9.92769e-01,4.95844e-01,5.56394e-01,9.99988e-01
9.622476530e-01,3.15948e-01,9.97739e-01,5.62454e-01,5.62875e-01,9.99992e-01
9.670588912e-01,4.07749e-01,9.99322e-01,7.16673e-01,5.69301e-01,9.99994e-01
9.718941857e-01,4.66388e-01,9.99951e-01,8.10199e-01,5.75671e-01,9.99996e-01
9.767536566e-01,4.88630e-01,9.99999e-01,8.39594e-01,5.81985e-01,9.99997e-01
9.816374249e-01,5.16648e-01,9.99999e-01,8.78294e-01,5.88241e-01,9.99998e-01
9.865456120e-01,5.48097e-01,9.99999e-01,9.22041e-01,5.94439e-01,9.99998e-01
9.914783401e-01,5.71168e-01,9.99999e-01,9.51031e-01,6.00577e-01,9.99999e-01
9.964357318e-01,5.90295e-01,9.99999e-01,9.73029e-01,6.06656e-01,9.99999e-01
1.001417910e+00,6.02718e-01,9.99999e-01,9.83747e-01,6.12675e-01,9.99999e-01
1.006425000e+00,6.12881e-01,9.99999e-01,9.90701e-01,6.18633e-01,9.99999e-01
1.011457125e+00,6.20920e-01,9.99999e-01,9.94221e-01,6.24529e-01,9.99999e-01
1.016514411e+00,6.27888e-01,9.99999e-01,9.96072e-01,6.30363e-01,9.99999e-01
1.021596983e+00,6.34084e-01,9.99903e-01,9.96869e-01,6.36135e-01,9.99999e-01
1.026704968e+00,6.35821e-01,9.93034e-01,9.97557e-01,6.41845e-01,9.99999e-01
1.031838492e+00,6.02597e-01,9.32249e-01,9.98224e-01,6.47491e-01,9.99999e-01
1.036997685e+00,5.61987e-02,8.61223e-02,9.98945e-01,6.53074e-01,9.99999e-01
1.042182673e+00,1.65361e-02,2.51343e-02,9.98741e-01,6.58593e-01,9.99999e-01
1.047393587e+00,2.89733e-02,4.36938e-02,9.98332e-01,6.64049e-01,9.99999e-01
1.052630555e+00,7.40980e-05,1.10857e-04,9.97711e-01,6.69440e-01,9.99999e-01
1.057893707e+00,2.51701e-04,3.73853e-04,9.96181e-01,6.74768e-01,9.99999e-01
1.063183176e+00,1.89319e-03,2.79516e-03,9.93724e-01,6.80032e-01,9.99999e-01
1.068499092e+00,9.58248e-03,1.40962e-02,9.89513e-01,6.85231e-01,9.99999e-01
1.073841587e+00,4.53597e-02,6.63443e-02,9.87738e-01,6.90366e-01,9.99999e-01
1.079210795e+00,1.23407e-01,1.79857e-01,9.84315e-01,6.95438e-01,9.99999e-01
1.084606849e+00,2.63057e-01,3.83924e-01,9.76351e-01,7.00445e-01,9.99998e-01
1.090029883e+00,4.14424e-01,6.07034e-01,9.66203e-01,7.05388e-01,9.99998e-01
1.095480033e+00,5.06491e-01,7.81662e-01,9.10609e-01,7.10268e-01,9.99997e-01
1.100957433e+00,5.02039e-01,8.87853e-01,7.88970e-01,7.15084e-01,9.99995e-01
1.106462220e+00,3.79944e-01,9.51978e-01,5.52758e-01,7.19836e-01,9.99990e-01
1.111994531e+00,2.08502e-01,9.81915e-01,2.92445e-01,7.24526e-01,9.99981e-01
1.117554504e+00,1.02578e-01,9.95558e-01,1.41129e-01,7.29152e-01,9.99974e-01
1.123142276e+00,1.83694e-01,9.99707e-01,2.50389e-01,7.33715e-01,9.99969e-01
1.128757988e+00,2.93231e-01,9.99999e-01,3.97228e-01,7.38217e-01,9.99967e-01
1.134401778e+00,1.41210e-01,9.99999e-01,1.90148e-01,7.42656e-01,9.99963e-01
1.140073787e+00,4.24866e-01,9.99999e-01,5.68754e-01,7.47033e-01,9.99970e-01
1.145774156e+00,2.39813e-01,9.99999e-01,3.19184e-01,7.51349e-01,9.99974e-01
1.151503026e+00,2.13990e-01,9.99999e-01,2.83210e-01,7.55604e-01,9.99978e-01
1.157260541e+00,2.54979e-01,9.99999e-01,3.35593e-01,7.59798e-01,9.99983e-01
1.163046844e+00,3.39316e-01,9.99999e-01,4.44175e-01,7.63932e-01,9.99989e-01
1.168862078e+00,4.33628e-01,9.99999e-01,5.64618e-01,7.68006e-01,9.99994e-01
1.174706389e+00,5.42326e-01,9.99999e-01,7.02477e-01,7.72020e-01,9.99996e-01
1.180579921e+00,6.25508e-01,9.99999e-01,8.06092e-01,7.75976e-01,9.99997e-01
1.186482820e+00,6.90192e-01,9.99986e-01,8.85015e-01,7.79873e-01,9.99998e-01
1.192415234e+00,7.12347e-01,9.75674e-01,9.31129e-01,7.83713e-01,9.99998e-01
1.198377311e+00,4.06087e-01,5.42194e-01,9.41635e-01,7.87495e-01,9.99998e-01
1.204369197e+00,5.93124e-19,7.74686e-19,9.44752e-01,7.91219e-01,9.99998e-01
1.210391043e+00,5.79024e-74,7.50785e-74,9.47066e-01,7.94888e-01,9.99998e-01
1.216442998e+00,3.98035e-64,5.12961e-64,9.54799e-01,7.98500e-01,9.99999e-01
1.222525213e+00,3.57772e-63,4.54421e-63,9.64609e-01,8.02057e-01,9.99999e-01
1.228637839e+00,7.23807e-49,9.13902e-49,9.75288e-01,8.05559e-01,9.99999e-01
1.234781029e+00,8.77464e-31,1.09335e-30,9.81595e-01,8.09007e-01,9.99999e-01
1.240954934e+00,1.37164e-20,1.70088e-20,9.88322e-01,8.12401e-01,9.99999e-01
1.247159708e+00,1.89525e-10,2.33591e-10,9.90896e-01,8.15742e-01,9.99999e-01
1.253395507e+00,5.29953e-07,6.50818e-07,9.91912e-01,8.19030e-01,9.99999e-01
1.259662485e+00,2.34958e-04,2.87400e-04,9.92315e-01,8.22266e-01,9.99999e-01
1.265960797e+00,8.04070e-03,9.82526e-03,9.87748e-01,8.25450e-01,9.99999e-01
1.272290601e+00,1.04263e-01,1.27942e-01,9.80816e-01,8.28584e-01,9.99999e-01
1.278652054e+00,8.86721e-02,1.09603e-01,9.62238e-01,8.31667e-01,9.99998e-01
1.285045314e+00,4.91427e-04,6.05913e-04,9.32601e-01,8.34701e-01,9.99998e-01
1.291470541e+00,3.25034e-09,4.16778e-09,8.85553e-01,8.37685e-01,9.99997e-01
1.297927893e+00,1.74570e-04,2.23388e-04,8.53670e-01,8.40621e-01,9.99995e-01
1.304417533e+00,1.64780e-02,2.31319e-02,8.16186e-01,8.43508e-01,9.99991e-01
1.310939621e+00,4.01162e-03,5.41898e-03,7.92369e-01,8.46349e-01,9.99986e-01
1.317494319e+00,1.10246e-25,1.49138e-25,7.77315e-01,8.49142e-01,9.99977e-01
1.324081790e+00,3.37171e-17,4.69982e-17,6.87543e-01,8.51889e-01,9.99963e-01
1.330702199e+00,2.02352e-10,4.25963e-10,2.74693e-01,8.54591e-01,9.99939e-01
1.337355710e+00,1.36588e-10,1.77558e-09,2.91279e-02,8.57247e-01,9.99883e-01
1.344042489e+00,1.77846e-11,7.08281e-10,9.46205e-04,8.59860e-01,9.99751e-01
1.350762701e+00,4.03288e-17,2.31178e-10,2.98017e-08,8.62428e-01,9.99604e-01
1.357516515e+00,1.11418e-16,1.18771e-06,9.07212e-12,8.64953e-01,9.99509e-01
1.364304097e+00,3.79007e-11,8.48800e-05,1.39010e-07,8.67435e-01,9.99474e-01
1.371125618e+00,5.78386e-07,8.11706e-03,3.53572e-05,8.69875e-01,9.99470e-01
1.377981246e+00,3.03533e-06,1.69784e-02,1.13273e-04,8.72274e-01,9.99431e-01
1.384871152e+00,1.06931e-07,9.32215e-02,8.56509e-07,8.74631e-01,9.99446e-01
1.391795508e+00,2.54717e-08,1.11727e-01,1.56507e-07,8.76948e-01,9.99531e-01
1.398754485e+00,9.27953e-07,2.55426e-01,3.52527e-06,8.79226e-01,9.99597e-01
1.405748258e+00,1.36978e-06,3.68001e-01,3.51396e-06,8.81464e-01,9.99638e-01
1.412776999e+00,1.90044e-06,5.30527e-01,3.39147e-06,8.83664e-01,9.99709e-01
1.419840884e+00,4.05043e-06,4.77107e-01,7.12093e-06,8.85825e-01,9.99783e-01
1.426940089e+00,4.52072e-05,2.66951e-02,1.34037e-04,8.87949e-01,9.99865e-01
1.434074789e+00,0.00000e+00,0.00000e+00,8.98265e-04,8.90036e-01,9.99915e-01
1.441245163e+00,0.00000e+00,0.00000e+00,3.47285e-03,8.92086e-01,9.99934e-01
1.448451389e+00,0.00000e+00,0.00000e+00,1.95097e-02,8.94100e-01,9.99945e-01
1.455693646e+00,0.00000e+00,0.00000e+00,6.82818e-02,8.96079e-01,9.99954e-01
1.462972114e+00,6.20049e-294,3.10567e-293,9.35754e-02,8.98024e-01,9.99961e-01
1.470286975e+00,1.04540e-122,5.88632e-122,6.42478e-02,8.99934e-01,9.99965e-01
1.477638409e+00,1.46666e-77,8.24109e-77,8.35027e-02,9.01810e-01,9.99970e-01
1.485026601e+00,1.24001e-43,5.74993e-43,1.27071e-01,9.03653e-01,9.99977e-01
1.492451734e+00,4.10629e-37,1.30119e-36,2.17293e-01,9.05463e-01,9.99984e-01
1.499913993e+00,1.80274e-16,3.61637e-16,3.52409e-01,9.07241e-01,9.99991e-01
1.507413563e+00,3.12033e-15,6.20648e-15,4.69692e-01,9.08987e-01,9.99995e-01
1.514950631e+00,1.49201e-16,2.23268e-16,6.20898e-01,9.10702e-01,9.99996e-01
1.522525384e+00,7.33938e-55,9.91186e-55,7.34312e-01,9.12386e-01,9.99998e-01
1.530138011e+00,3.24991e-130,4.02604e-130,7.96717e-01,9.14040e-01,9.99998e-01
1.537788701e+00,1.93224e-96,2.30003e-96,8.79510e-01,9.15664e-01,9.99999e-01
1.545477645e+00,9.60010e-21,1.10605e-20,9.21234e-01,9.17259e-01,9.99999e-01
1.553205033e+00,5.02275e-15,5.73176e-15,9.35283e-01,9.18825e-01,9.99999e-01
1.560971058e+00,2.03947e-15,2.27284e-15,9.59398e-01,9.20363e-01,9.99999e-01
1.568775913e+00,0.00000e+00,0.00000e+00,9.73026e-01,9.21873e-01,9.99999e-01
1.576619793e+00,0.00000e+00,0.00000e+00,9.78986e-01,9.23355e-01,9.99999e-01
1.584502892e+00,0.00000e+00,0.00000e+00,9.87176e-01,9.24811e-01,9.99999e-01
1.592425406e+00,2.07441e-293,2.25546e-293,9.88118e-01,9.26240e-01,9.99999e-01
1.600387533e+00,0.00000e+00,0.00000e+00,9.91790e-01,9.27642e-01,9.99999e-01
1.608389471e+00,0.00000e+00,0.00000e+00,9.91508e-01,9.29020e-01,9.99999e-01
1.616431418e+00,0.00000e+00,0.00000e+00,9.91315e-01,9.30372e-01,9.99999e-01
1.624513575e+00,0.00000e+00,0.00000e+00,9.90715e-01,9.31699e-01,9.99999e-01
1.632636143e+00,8.64181e-277,9.32690e-277,9.85476e-01,9.33002e-01,9.99999e-01
1.640799324e+00,4.56742e-113,4.93910e-113,9.80684e-01,9.34281e-01,9.99999e-01
1.649003321e+00,4.54259e-113,4.93816e-113,9.75391e-01,9.35536e-01,9.99999e-01
1.657248337e+00,1.76775e-87,1.92010e-87,9.67633e-01,9.36768e-01,9.99999e-01
1.665534579e+00,4.57408e-88,5.02433e-88,9.56196e-01,9.37978e-01,9.99999e-01
1.673862252e+00,2.59343e-56,2.82733e-56,9.40635e-01,9.39165e-01,9.99999e-01
1.682231563e+00,3.92145e-39,4.26818e-39,9.48094e-01,9.40330e-01,9.99998e-01
1.690642721e+00,5.91729e-22,6.55763e-22,9.10701e-01,9.41473e-01,9.99998e-01
1.699095934e+00,4.03135e-14,4.51525e-14,8.97718e-01,9.42595e-01,9.99998e-01
1.707591414e+00,1.47555e-07,1.65543e-07,8.90824e-01,9.43697e-01,9.99997e-01
1.716129371e+00,1.04598e-04,1.21859e-04,8.66301e-01,9.44777e-01,9.99996e-01
1.724710018e+00,4.81041e-03,5.95380e-03,8.06573e-01,9.45838e-01,9.99994e-01
1.733333568e+00,2.54643e-02,3.39214e-02,7.56012e-01,9.46879e-01,9.99991e-01
1.742000236e+00,8.90558e-02,1.37507e-01,6.53476e-01,9.47900e-01,9.99987e-01
1.750710237e+00,6.55677e-04,1.14853e-03,4.55643e-01,9.48903e-01,9.99979e-01
1.759463788e+00,4.44133e-54,9.58530e-54,2.30471e-01,9.49886e-01,9.99968e-01
1.768261107e+00,6.33457e-57,3.00941e-56,6.85631e-02,9.50851e-01,9.99949e-01
1.777102413e+00,6.71286e-56,1.06999e-54,1.22011e-02,9.51798e-01,9.99920e-01
1.785987925e+00,1.80274e-53,2.34482e-51,9.40306e-04,9.52728e-01,9.99872e-01
1.794917864e+00,1.13194e-51,4.75186e-49,9.71329e-05,9.53639e-01,9.99778e-01
1.803892454e+00,2.14123e-52,3.57948e-47,1.95130e-07,9.54534e-01,9.99664e-01
1.812911916e+00,1.37808e-52,2.51904e-45,3.15983e-09,9.55412e-01,9.99543e-01
1.821976476e+00,1.18758e-52,2.15051e-45,5.56888e-09,9.56273e-01,9.99461e-01
1.831086358e+00,1.95704e-44,1.57217e-36,4.17067e-10,9.57118e-01,9.99394e-01
1.840241790e+00,1.61435e-37,3.94523e-31,2.21912e-08,9.57947e-01,9.99330e-01
1.849442999e+00,7.98063e-28,1.12459e-21,9.98981e-08,9.58760e-01,9.99278e-01
1.858690214e+00,1.72060e-30,2.46472e-20,1.13437e-11,9.59558e-01,9.99165e-01
1.867983665e+00,4.25371e-31,5.40282e-21,2.71287e-12,9.60341e-01,9.99070e-01
1.877323583e+00,4.95522e-106,2.12664e-102,2.39034e-05,9.61108e-01,9.99115e-01
1.886710201e+00,2.40321e-137,1.91857e-134,6.22038e-05,9.61862e-01,9.99250e-01
1.896143752e+00,3.15974e-156,1.66870e-153,2.68854e-04,9.62601e-01,9.99323e-01
1.905624471e+00,7.80368e-184,5.22298e-178,2.24231e-07,9.63326e-01,9.99370e-01
1.915152593e+00,5.74458e-145,5.19945e-138,5.98914e-09,9.64037e-01,9.99412e-01
1.924728356e+00,7.05126e-173,4.09543e-165,5.85431e-10,9.64735e-01,9.99482e-01
1.934351998e+00,0.00000e+00,0.00000e+00,8.08459e-11,9.65419e-01,9.99573e-01
1.944023758e+00,0.00000e+00,0.00000e+00,1.07818e-06,9.66090e-01,9.99692e-01
1.953743877e+00,0.00000e+00,0.00000e+00,4.51997e-06,9.66749e-01,9.99798e-01
1.963512596e+00,0.00000e+00,0.00000e+00,2.29208e-04,9.67395e-01,9.99874e-01
1.973330159e+00,0.00000e+00,0.00000e+00,1.79923e-03,9.68028e-01,9.99923e-01
1.983196810e+00,0.00000e+00,0.00000e+00,3.87005e-02,9.68650e-01,9.99950e-01
1.993112794e+00,0.00000e+00,0.00000e+00,7.72621e-02,9.69260e-01,9.99967e-01
2.003078358e+00,0.00000e+00,0.00000e+00,1.97343e-01,9.69857e-01,9.99978e-01
2.013093750e+00,0.00000e+00,0.00000e+00,3.48365e-01,9.70444e-01,9.99986e-01
2.023159218e+00,0.00000e+00,0.00000e+00,5.41453e-01,9.71019e-01,9.99990e-01
2.033275015e+00,0.00000e+00,0.00000e+00,6.24976e-01,9.71583e-01,9.99994e-01
2.043441390e+00,0.00000e+00,0.00000e+00,7.46510e-01,9.72137e-01,9.99995e-01
2.053658597e+00,0.00000e+00,0.00000e+00,7.87398e-01,9.72680e-01,9.99997e-01
2.063926890e+00,0.00000e+00,0.00000e+00,8.51301e-01,9.73212e-01,9.99997e-01
2.074246524e+00,0.00000e+00,0.00000e+00,8.69949e-01,9.73734e-01,9.99998e-01
2.084617757e+00,0.00000e+00,0.00000e+00,9.12921e-01,9.74246e-01,9.99998e-01
2.095040845e+00,0.00000e+00,0.00000e+00,9.30724e-01,9.74748e-01,9.99998e-01
2.105516050e+00,0.00000e+00,0.00000e+00,9.40249e-01,9.75241e-01,9.99998e-01
2.116043630e+00,0.00000e+00,0.00000e+00,9.42782e-01,9.75724e-01,9.99998e-01
2.126623848e+00,0.00000e+00,0.00000e+00,9.64804e-01,9.76198e-01,9.99998e-01
2.137256967e+00,0.00000e+00,0.00000e+00,9.66523e-01,9.76662e-01,9.99998e-01
2.147943252e+00,0.00000e+00,0.00000e+00,9.67745e-01,9.77118e-01,9.99998e-01
2.158682968e+00,4.45319e-227,4.66499e-227,9.70486e-01,9.77565e-01,9.99998e-01
2.169476383e+00,3.23897e-110,3.39030e-110,9.68592e-01,9.78003e-01,9.99998e-01
2.180323765e+00,8.88498e-69,9.30201e-69,9.64177e-01,9.78433e-01,9.99998e-01
2.191225384e+00,6.14929e-35,6.43244e-35,9.56451e-01,9.78854e-01,9.99998e-01
2.202181511e+00,1.00710e-22,1.06280e-22,9.46052e-01,9.79267e-01,9.99998e-01
2.213192418e+00,4.52665e-12,4.75701e-12,9.45787e-01,9.79673e-01,9.99998e-01
2.224258381e+00,5.57054e-08,5.90363e-08,9.35890e-01,9.80070e-01,9.99998e-01
2.235379672e+00,1.09518e-05,1.16444e-05,9.45646e-01,9.80460e-01,9.99998e-01
2.246556571e+00,4.16298e-04,4.55148e-04,9.05106e-01,9.80842e-01,9.99997e-01
2.257789354e+00,7.02363e-03,7.66144e-03,9.26554e-01,9.81217e-01,9.99997e-01
2.269078300e+00,1.03064e-02,1.25496e-02,8.27543e-01,9.81585e-01,9.99996e-01
2.280423692e+00,1.33741e-02,1.56760e-02,8.55400e-01,9.81945e-01,9.99996e-01
2.291825810e+00,4.62448e-02,6.28760e-02,7.35565e-01,9.82298e-01,9.99995e-01
2.303284939e+00,8.47440e-02,1.12295e-01,7.59951e-01,9.82645e-01,9.99993e-01
2.314801364e+00,8.93719e-02,1.42727e-01,6.26005e-01,9.82985e-01,9.99990e-01
2.326375371e+00,1.68137e-01,2.73980e-01,6.13223e-01,9.83318e-01,9.99988e-01
2.338007248e+00,1.41874e-01,2.43735e-01,5.78699e-01,9.83645e-01,9.99983e-01
2.349697284e+00,1.20023e-01,2.94326e-01,3.95820e-01,9.83965e-01,9.99978e-01
2.361445770e+00,1.73084e-01,3.74769e-01,4.62671e-01,9.84280e-01,9.99969e-01
2.373252999e+00,1.52241e-01,4.12380e-01,3.58055e-01,9.84588e-01,9.99958e-01
2.385119264e+00,1.20720e-01,6.78505e-01,1.72001e-01,9.84890e-01,9.99942e-01
2.397044861e+00,2.79536e-01,8.51712e-01,3.30044e-01,9.85186e-01,9.99913e-01
2.409030085e+00,1.00971e-01,7.56803e-01,1.32416e-01,9.85476e-01,9.99873e-01
2.421075235e+00,1.05815e-01,6.18124e-01,1.53860e-01,9.85761e-01,9.99827e-01
2.433180612e+00,1.05411e-02,8.82088e-02,6.95220e-02,9.86040e-01,9.99765e-01
2.445346515e+00,6.62340e-03,3.08111e-01,1.53944e-02,9.86314e-01,9.99686e-01
2.457573247e+00,8.15866e-05,4.61859e-03,5.03649e-03,9.86583e-01,9.99578e-01
2.469861113e+00,3.33959e-17,1.76440e-14,1.00217e-04,9.86846e-01,9.99429e-01
2.482210419e+00,5.34569e-72,8.05556e-65,8.29157e-09,9.87104e-01,9.99198e-01
2.494621471e+00,2.06930e-111,3.61974e-101,1.80748e-12,9.87357e-01,9.98863e-01
2.507094578e+00,5.13881e-119,2.03035e-98,9.92423e-23,9.87605e-01,9.98340e-01
2.519630051e+00,4.75210e-163,1.41485e-130,1.02258e-34,9.87849e-01,9.97576e-01
2.532228202e+00,6.51543e-221,2.90262e-176,7.55616e-47,9.88087e-01,9.96757e-01
2.544889343e+00,3.29618e-234,1.47679e-173,7.21914e-63,9.88321e-01,9.95856e-01
2.557613789e+00,3.47685e-265,8.15415e-206,1.33166e-61,9.88551e-01,9.95123e-01
2.570401858e+00,0.00000e+00,0.00000e+00,4.62566e-102,9.88775e-01,9.94724e-01
2.583253867e+00,0.00000e+00,0.00000e+00,1.74696e-86,9.88996e-01,9.94233e-01
2.596170137e+00,0.00000e+00,0.00000e+00,1.73305e-73,9.89212e-01,9.94145e-01
2.609150988e+00,0.00000e+00,0.00000e+00,1.03867e-51,9.89424e-01,9.93749e-01
2.622196742e+00,0.00000e+00,0.00000e+00,1.81356e-43,9.89632e-01,9.93577e-01
2.635307726e+00,0.00000e+00,0.00000e+00,5.92935e-20,9.89835e-01,9.93287e-01
2.648484265e+00,0.00000e+00,0.00000e+00,5.58422e-24,9.90035e-01,9.92336e-01
2.661726686e+00,0.00000e+00,0.00000e+00,4.49215e-42,9.90231e-01,9.91467e-01
2.675035320e+00,0.00000e+00,0.00000e+00,7.96979e-153,9.90423e-01,9.91898e-01
2.688410496e+00,0.00000e+00,0.00000e+00,2.63855e-74,9.90611e-01,9.92357e-01
2.701852549e+00,0.00000e+00,0.00000e+00,6.12539e-65,9.90796e-01,9.93078e-01
2.715361811e+00,0.00000e+00,0.00000e+00,2.12683e-64,9.90977e-01,9.93562e-01
2.728938620e+00,0.00000e+00,0.00000e+00,5.95022e-46,9.91154e-01,9.94293e-01
2.742583314e+00,0.00000e+00,0.00000e+00,3.86426e-49,9.91328e-01,9.94504e-01
2.756296230e+00,0.00000e+00,0.00000e+00,6.34687e-51,9.91499e-01,9.94723e-01
2.770077711e+00,0.00000e+00,0.00000e+00,8.62267e-70,9.91666e-01,9.95464e-01
2.783928100e+00,0.00000e+00,0.00000e+00,1.05669e-69,9.91830e-01,9.95850e-01
2.797847740e+00,0.00000e+00,0.00000e+00,4.56570e-53,9.91991e-01,9.96435e-01
2.811836979e+00,0.00000e+00,0.00000e+00,1.44414e-56,9.92148e-01,9.97161e-01
2.825896164e+00,0.00000e+00,0.00000e+00,6.21095e-49,9.92303e-01,9.97809e-01
2.840025645e+00,0.00000e+00,0.00000e+00,1.67259e-37,9.92454e-01,9.98267e-01
2.854225773e+00,0.00000e+00,0.00000e+00,6.89192e-33,9.92603e-01,9.98628e-01
2.868496902e+00,0.00000e+00,0.00000e+00,4.72042e-31,9.92748e-01,9.99012e-01
2.882839386e+00,0.00000e+00,0.00000e+00,8.32489e-25,9.92891e-01,9.99275e-01
2.897253583e+00,0.00000e+00,0.00000e+00,3.78502e-21,9.93031e-01,9.99417e-01
2.911739851e+00,0.00000e+00,0.00000e+00,1.90757e-14,9.93168e-01,9.99535e-01
2.926298550e+00,0.00000e+00,0.00000e+00,1.57214e-10,9.93302e-01,9.99649e-01
2.940930043e+00,0.00000e+00,0.00000e+00,2.87676e-10,9.93434e-01,9.99720e-01
2.955634693e+00,0.00000e+00,0.00000e+00,4.25146e-10,9.93564e-01,9.99767e-01
2.970412867e+00,0.00000e+00,0.00000e+00,3.05697e-09,9.93690e-01,9.99817e-01
2.985264931e+00,0.00000e+00,0.00000e+00,4.31454e-07,9.93814e-01,9.99853e-01
3.000191256e+00,0.00000e+00,0.00000e+00,3.77170e-06,9.93936e-01,9.99873e-01
3.015192212e+00,0.00000e+00,0.00000e+00,2.31910e-05,9.94056e-01,9.99899e-01
3.030268173e+00,0.00000e+00,0.00000e+00,1.28860e-04,9.94173e-01,9.99913e-01
3.045419514e+00,8.28336e-262,4.49339e-258,1.98281e-05,9.94287e-01,9.99921e-01
3.060646612e+00,1.55859e-120,3.88663e-118,1.21492e-03,9.94400e-01,9.99929e-01
3.075949845e+00,4.42084e-97,9.15021e-94,1.57497e-03,9.94510e-01,9.76565e-02
3.091329594e+00,2.88398e-93,6.31955e-89,1.31268e-03,9.94618e-01,3.91760e-03
3.106786242e+00,9.80932e-97,2.87952e-88,4.58087e-03,9.94724e-01,2.75300e-07
3.122320173e+00,4.43191e-81,2.47399e-61,9.67160e-03,9.94828e-01,6.06842e-19
3.137931774e+00,1.42222e-70,2.44606e-60,1.14834e-02,9.94930e-01,2.28978e-09
3.153621433e+00,3.04975e-65,3.04470e-62,5.25627e-02,9.95030e-01,5.93046e-03
3.169389540e+00,2.78947e-93,1.78930e-83,6.85711e-02,9.95128e-01,9.22685e-10
3.185236488e+00,7.45130e-83,4.43308e-67,4.07017e-02,9.95224e-01,1.51560e-15
3.201162670e+00,1.41162e-81,1.41448e-53,1.65080e-03,9.95318e-01,9.70452e-27
3.217168483e+00,1.03788e-90,1.79774e-51,9.01096e-03,9.95410e-01,3.01121e-38
3.233254326e+00,2.34892e-101,1.57582e-43,4.17672e-02,9.95501e-01,1.50318e-57
3.249420598e+00,6.03660e-119,5.63602e-25,1.17108e-01,9.95589e-01,4.73914e-94
3.265667701e+00,7.80057e-173,1.51691e-21,3.98652e-02,9.95676e-01,4.85036e-151
3.281996039e+00,5.74054e-253,3.24389e-16,7.59762e-02,9.95761e-01,1.39851e-236
3.298406019e+00,0.00000e+00,6.97178e-14,1.52933e-02,9.95845e-01,0.00000e+00
3.314898049e+00,0.00000e+00,1.71747e-13,1.24582e-02,9.95927e-01,0.00000e+00
3.331472540e+00,0.00000e+00,6.45431e-13,3.08198e-02,9.96007e-01,0.00000e+00
3.348129902e+00,1.06056e-294,2.77188e-10,2.42376e-02,9.96086e-01,8.05672e-284
3.364870552e+00,2.70421e-203,7.68615e-10,4.91589e-02,9.96163e-01,5.24401e-193
3.381694905e+00,1.49076e-127,1.52792e-08,7.00759e-02,9.96239e-01,5.50798e-119
3.398603379e+00,4.25703e-78,1.35410e-06,1.40391e-01,9.96313e-01,1.75464e-71
3.415596396e+00,7.83041e-48,3.11438e-06,2.36135e-01,9.96385e-01,9.14674e-42
3.432674378e+00,2.01108e-32,2.81586e-07,2.56627e-01,9.96457e-01,2.10593e-25
3.449837750e+00,4.28596e-21,1.01518e-09,3.92691e-01,9.96527e-01,8.14465e-12
3.467086939e+00,2.95773e-19,4.58398e-17,5.24902e-01,9.96595e-01,1.05531e-02
3.484422373e+00,2.19952e-23,6.64922e-23,5.45037e-01,9.96662e-01,4.83245e-01
3.501844485e+00,7.51634e-34,6.58464e-33,7.04990e-01,9.96728e-01,1.47910e-01
3.519353708e+00,1.03141e-39,1.24499e-39,7.46637e-01,9.96792e-01,9.98867e-01
3.536950476e+00,2.73452e-49,3.37817e-49,7.68057e-01,9.96856e-01,9.96753e-01
3.554635228e+00,2.90484e-48,3.32788e-48,8.49945e-01,9.96918e-01,9.92692e-01
3.572408405e+00,1.11238e-39,1.25603e-39,8.54705e-01,9.96978e-01,9.87625e-01
3.590270447e+00,2.68942e-37,2.91819e-37,8.96546e-01,9.97038e-01,9.92917e-01
3.608221799e+00,1.65105e-26,1.76706e-26,9.18688e-01,9.97096e-01,9.96435e-01
3.626262908e+00,3.47694e-15,3.62718e-15,9.30107e-01,9.97154e-01,9.99267e-01
3.644394222e+00,5.07541e-12,5.28117e-12,9.57576e-01,9.97210e-01,9.99710e-01
3.662616193e+00,3.33719e-06,3.49781e-06,9.30703e-01,9.97265e-01,9.98377e-01
3.680929274e+00,2.20481e-03,2.42508e-03,8.89894e-01,9.97319e-01,9.91906e-01
3.699333921e+00,4.96264e-02,5.32913e-02,9.46846e-01,9.97372e-01,9.81920e-01
3.717830590e+00,2.50444e-02,2.69855e-02,9.58264e-01,9.97423e-01,9.64145e-01
3.736419743e+00,2.59875e-04,2.86112e-04,9.51350e-01,9.97474e-01,9.45235e-01
3.755101842e+00,3.73052e-13,4.07807e-13,9.47873e-01,9.97524e-01,9.51294e-01
3.773877351e+00,6.12161e-30,6.53082e-30,9.56828e-01,9.97573e-01,9.71806e-01
3.792746738e+00,1.27244e-75,1.33622e-75,9.48110e-01,9.97621e-01,9.88746e-01
3.811710472e+00,2.64758e-49,2.76325e-49,9.36672e-01,9.97668e-01,9.94931e-01
3.830769024e+00,4.14848e-49,4.34945e-49,9.31805e-01,9.97714e-01,9.98057e-01
3.849922869e+00,9.64455e-68,1.02206e-67,9.02073e-01,9.97759e-01,9.99510e-01
3.869172484e+00,4.48005e-42,4.78876e-42,8.86943e-01,9.97803e-01,9.95714e-01
3.888518346e+00,4.45097e-18,4.74114e-18,9.35163e-01,9.97846e-01,9.89658e-01
3.907960938e+00,3.91847e-14,4.23810e-14,9.27852e-01,9.97889e-01,9.82173e-01
3.927500742e+00,1.93940e-14,2.23071e-14,6.33311e-01,9.97930e-01,9.78496e-01
3.947138246e+00,4.12083e-21,5.18942e-21,7.46962e-01,9.97971e-01,9.88062e-01
3.966873937e+00,6.12593e-32,7.11724e-32,4.86747e-01,9.98011e-01,9.97487e-01
3.986708307e+00,1.31156e-49,1.41145e-49,8.78210e-01,9.98050e-01,9.99996e-01
4.006641849e+00,2.23313e-90,2.30269e-90,9.54496e-01,9.98089e-01,9.99996e-01
4.026675058e+00,0.00000e+00,0.00000e+00,9.47507e-01,9.98127e-01,9.99996e-01
4.046808433e+00,0.00000e+00,0.00000e+00,9.36845e-01,9.98164e-01,9.99996e-01
4.067042475e+00,0.00000e+00,0.00000e+00,9.27574e-01,9.98200e-01,9.99996e-01
4.087377688e+00,0.00000e+00,0.00000e+00,9.22544e-01,9.98235e-01,9.99996e-01
4.107814576e+00,0.00000e+00,0.00000e+00,8.94379e-01,9.98270e-01,9.99996e-01
4.128353649e+00,0.00000e+00,0.00000e+00,8.39085e-01,9.98304e-01,9.99995e-01
4.148995417e+00,0.00000e+00,0.00000e+00,8.04081e-01,9.98338e-01,9.99995e-01
4.169740394e+00,0.00000e+00,0.00000e+00,7.06492e-01,9.98370e-01,9.99995e-01
4.190589096e+00,0.00000e+00,0.00000e+00,6.55197e-01,9.98403e-01,9.99995e-01
4.211542042e+00,0.00000e+00,0.00000e+00,5.14383e-01,9.98434e-01,9.99995e-01
4.232599752e+00,0.00000e+00,0.00000e+00,4.79868e-01,9.98465e-01,9.99994e-01
4.253762751e+00,0.00000e+00,0.00000e+00,3.94576e-01,9.98495e-01,9.99994e-01
4.275031564e+00,0.00000e+00,0.00000e+00,2.76783e-01,9.98525e-01,9.99994e-01
4.296406722e+00,0.00000e+00,0.00000e+00,1.87860e-01,9.98554e-01,9.99993e-01
4.317888756e+00,0.00000e+00,0.00000e+00,2.30076e-01,9.98583e-01,9.99993e-01
4.339478200e+00,0.00000e+00,0.00000e+00,1.57844e-01,9.98611e-01,9.99993e-01
4.361175591e+00,0.00000e+00,0.00000e+00,1.19159e-01,9.98638e-01,9.99992e-01
4.382981469e+00,0.00000e+00,0.00000e+00,1.20335e-01,9.98665e-01,9.99991e-01
4.404896376e+00,0.00000e+00,0.00000e+00,1.11934e-01,9.98691e-01,9.99991e-01
4.426920858e+00,0.00000e+00,0.00000e+00,5.55098e-02,9.98717e-01,9.99990e-01
4.449055462e+00,0.00000e+00,0.00000e+00,1.13297e-01,9.98742e-01,9.99989e-01
4.471300739e+00,0.00000e+00,0.00000e+00,6.21857e-02,9.98767e-01,9.99988e-01
4.493657243e+00,0.00000e+00,0.00000e+00,1.08890e-01,9.98791e-01,9.99987e-01
4.516125529e+00,0.00000e+00,0.00000e+00,3.76078e-02,9.98815e-01,9.99986e-01
4.538706157e+00,0.00000e+00,0.00000e+00,8.31885e-02,9.98839e-01,9.99984e-01
4.561399688e+00,0.00000e+00,0.00000e+00,7.54615e-02,9.98862e-01,9.99982e-01
4.584206686e+00,0.00000e+00,0.00000e+00,1.17832e-01,9.98884e-01,9.99980e-01
4.607127720e+00,0.00000e+00,0.00000e+00,6.67275e-02,9.98906e-01,9.99977e-01
4.630163358e+00,0.00000e+00,0.00000e+00,1.31483e-02,9.98928e-01,9.99974e-01
4.653314175e+00,0.00000e+00,0.00000e+00,1.04679e-02,9.98949e-01,9.99970e-01
4.676580746e+00,0.00000e+00,0.00000e+00,1.67122e-03,9.98969e-01,9.99966e-01
4.699963650e+00,0.00000e+00,0.00000e+00,7.73679e-03,9.98990e-01,9.99960e-01
4.723463468e+00,0.00000e+00,0.00000e+00,1.35761e-03,9.99010e-01,9.99953e-01
4.747080785e+00,0.00000e+00,0.00000e+00,1.51988e-02,9.99029e-01,9.99945e-01
4.770816189e+00,0.00000e+00,0.00000e+00,2.20642e-03,9.99048e-01,9.99934e-01
4.794670270e+00,0.00000e+00,0.00000e+00,3.52879e-04,9.99067e-01,9.99923e-01
4.818643622e+00,0.00000e+00,0.00000e+00,2.20472e-04,9.99086e-01,9.99908e-01
4.842736840e+00,0.00000e+00,0.00000e+00,7.57416e-05,9.99104e-01,9.99892e-01
4.866950524e+00,0.00000e+00,0.00000e+00,8.37065e-04,9.99121e-01,9.99872e-01
4.891285276e+00,0.00000e+00,0.00000e+00,1.96161e-05,9.99139e-01,9.99846e-01
4.915741703e+00,0.00000e+00,0.00000e+00,1.18514e-04,9.99156e-01,9.99821e-01
4.940320411e+00,0.00000e+00,0.00000e+00,1.31533e-05,9.99172e-01,9.99786e-01
4.965022013e+00,0.00000e+00,0.00000e+00,4.69465e-07,9.99189e-01,9.99752e-01
4.989847123e+00,0.00000e+00,0.00000e+00,5.51036e-06,9.99205e-01,9.99720e-01
5.014796359e+00,0.00000e+00,0.00000e+00,9.43019e-08,9.99220e-01,9.99676e-01
5.039870341e+00,0.00000e+00,0.00000e+00,2.50972e-07,9.99236e-01,9.99624e-01
5.065069693e+00,0.00000e+00,0.00000e+00,3.85101e-07,9.99251e-01,9.99551e-01
5.090395041e+00,0.00000e+00,0.00000e+00,4.61194e-10,9.99265e-01,9.99482e-01
5.115847016e+00,0.00000e+00,0.00000e+00,1.39821e-10,9.99280e-01,9.99397e-01
5.141426251e+00,0.00000e+00,0.00000e+00,1.58714e-13,9.99294e-01,9.99305e-01
5.167133383e+00,0.00000e+00,0.00000e+00,3.56270e-15,9.99308e-01,9.99212e-01
5.192969049e+00,0.00000e+00,0.00000e+00,4.06870e-15,9.99322e-01,9.99105e-01
5.218933895e+00,0.00000e+00,0.00000e+00,1.72176e-23,9.99335e-01,9.99006e-01
5.245028564e+00,0.00000e+00,0.00000e+00,7.39482e-18,9.99348e-01,9.98907e-01
5.271253707e+00,0.00000e+00,0.00000e+00,7.27021e-19,9.99361e-01,9.98773e-01
5.297609976e+00,0.00000e+00,0.00000e+00,2.33320e-22,9.99374e-01,9.98641e-01
5.324098025e+00,0.00000e+00,0.00000e+00,8.16929e-23,9.99386e-01,9.98520e-01
5.350718516e+00,0.00000e+00,0.00000e+00,9.62324e-28,9.99398e-01,9.98306e-01
5.377472108e+00,0.00000e+00,0.00000e+00,1.00574e-28,9.99410e-01,9.98197e-01
5.404359469e+00,0.00000e+00,0.00000e+00,1.10260e-28,9.99422e-01,9.97957e-01
5.431381266e+00,0.00000e+00,0.00000e+00,1.65742e-52,9.99433e-01,9.97801e-01
5.458538172e+00,0.00000e+00,0.00000e+00,1.37057e-52,9.99444e-01,9.97566e-01
5.485830863e+00,0.00000e+00,0.00000e+00,4.17480e-56,9.99455e-01,9.97284e-01
5.513260018e+00,1.30096e-301,2.96969e-244,2.97024e-59,9.99466e-01,9.97008e-01
5.540826318e+00,4.82668e-222,4.63258e-162,3.21254e-62,9.99476e-01,9.96673e-01
5.568530449e+00,2.21403e-217,1.55942e-122,4.47467e-97,9.99487e-01,9.61937e-01
5.596373101e+00,4.98011e-181,1.51809e-90,1.04308e-92,9.99497e-01,9.45197e-01
5.624354967e+00,1.00392e-161,5.78724e-80,1.08190e-83,9.99507e-01,9.27898e-01
5.652476742e+00,6.02379e-157,7.63837e-68,2.67683e-91,9.99516e-01,9.05402e-01
5.680739126e+00,2.63772e-164,4.50030e-61,2.97558e-105,9.99526e-01,8.77995e-01
5.709142821e+00,3.98527e-171,6.92240e-58,1.12857e-114,9.99535e-01,8.42985e-01
5.737688535e+00,2.92407e-169,1.40308e-59,3.72050e-111,9.99544e-01,7.96086e-01
5.766376978e+00,6.97699e-135,2.22067e-52,1.27363e-84,9.99553e-01,7.41360e-01
5.795208863e+00,1.30352e-113,3.30058e-38,3.36505e-77,9.99562e-01,6.74332e-01
5.824184907e+00,2.96454e-120,1.04643e-27,6.23497e-94,9.99571e-01,5.90249e-01
5.853305832e+00,4.92503e-119,3.77682e-28,2.22867e-92,9.99579e-01,4.99564e-01
5.882572361e+00,1.71696e-144,8.31644e-33,1.57336e-113,9.99588e-01,4.00299e-01
5.911985223e+00,4.23964e-136,1.78494e-28,5.24175e-109,9.99596e-01,2.99211e-01
5.941545149e+00,7.79192e-126,3.76947e-15,3.04089e-112,9.99604e-01,2.08831e-01
5.971252874e+00,1.72217e-105,1.56181e-09,7.07759e-97,9.99612e-01,1.26326e-01
6.001109139e+00,2.60922e-73,1.15815e-07,2.04361e-65,9.99619e-01,6.52590e-02
6.031114685e+00,1.98160e-80,1.70067e-08,5.38938e-72,9.99627e-01,2.88565e-02
6.061270258e+00,1.23220e-82,3.35156e-11,1.34395e-71,9.99634e-01,9.98397e-03
6.091576609e+00,3.22162e-77,1.17721e-15,1.07219e-60,9.99641e-01,2.26505e-03
6.122034492e+00,4.60436e-60,3.72512e-20,1.36495e-38,9.99648e-01,3.22794e-04
6.152644665e+00,3.86938e-69,2.27404e-27,2.87215e-39,9.99655e-01,2.90497e-05
6.183407888e+00,1.08569e-61,1.28968e-31,2.26710e-26,9.99662e-01,1.27217e-06
6.214324928e+00,1.18338e-57,1.22766e-33,5.91476e-18,9.99669e-01,2.19545e-08
6.245396552e+00,1.14035e-46,1.00098e-25,1.66629e-12,9.99675e-01,1.13960e-10
6.276623535e+00,4.18490e-48,2.09037e-23,5.22832e-13,9.99682e-01,1.27104e-13
6.308006653e+00,2.91484e-52,1.56912e-24,7.43253e-13,9.99688e-01,2.01257e-17
6.339546686e+00,2.81657e-79,8.19575e-33,4.07548e-27,9.99694e-01,2.79923e-22
6.371244419e+00,1.37872e-120,3.21632e-37,6.49768e-58,9.99700e-01,2.00406e-28
6.403100641e+00,1.87109e-141,3.34798e-27,1.33254e-81,9.99706e-01,1.52302e-35
6.435116145e+00,2.81533e-233,8.81517e-13,3.24488e-179,9.99712e-01,2.97308e-44
6.467291725e+00,1.19775e-244,6.88357e-07,2.91322e-180,9.99717e-01,4.02339e-60
6.499628184e+00,3.21580e-283,1.49369e-03,7.91182e-206,9.99723e-01,3.42082e-76
6.532126325e+00,1.44616e-276,2.08158e-02,1.03929e-181,9.99728e-01,3.18402e-94
6.564786956e+00,0.00000e+00,6.46229e-02,1.99302e-218,9.99734e-01,1.14990e-120
6.597610891e+00,0.00000e+00,1.04955e-01,1.16764e-294,9.99739e-01,2.25849e-147
6.630598946e+00,0.00000e+00,1.40040e-01,1.38356e-193,9.99744e-01,3.69668e-185
6.663751940e+00,0.00000e+00,1.39868e-01,3.01019e-180,9.99749e-01,3.97883e-225
6.697070700e+00,0.00000e+00,8.18134e-02,1.58522e-142,9.99754e-01,1.46334e-276
6.730556054e+00,0.00000e+00,3.01765e-02,1.29812e-97,9.99759e-01,0.00000e+00
6.764208834e+00,0.00000e+00,4.96438e-03,1.18443e-97,9.99764e-01,0.00000e+00
6.798029878e+00,0.00000e+00,3.47521e-04,9.44960e-120,9.99768e-01,0.00000e+00
6.832020027e+00,0.00000e+00,5.79130e-06,8.94638e-120,9.99773e-01,0.00000e+00
6.866180128e+00,0.00000e+00,8.46893e-09,1.12377e-137,9.99777e-01,0.00000e+00
6.900511028e+00,0.00000e+00,2.05580e-12,7.93184e-79,9.99782e-01,0.00000e+00
6.935013583e+00,0.00000e+00,2.75884e-20,1.01858e-78,9.99786e-01,0.00000e+00
6.969688651e+00,0.00000e+00,1.23991e-28,5.38173e-99,9.99790e-01,0.00000e+00
7.004537095e+00,0.00000e+00,4.56933e-45,1.27187e-97,9.99794e-01,0.00000e+00
7.039559780e+00,0.00000e+00,4.72056e-58,5.96278e-106,9.99798e-01,0.00000e+00
7.074757579e+00,0.00000e+00,9.41195e-80,2.82136e-83,9.99802e-01,0.00000e+00
7.110131367e+00,0.00000e+00,7.74616e-93,1.48145e-82,9.99806e-01,0.00000e+00
7.145682024e+00,0.00000e+00,7.38029e-111,1.56975e-92,9.99810e-01,0.00000e+00
7.181410434e+00,0.00000e+00,5.98633e-121,1.44038e-117,9.99814e-01,0.00000e+00
7.217317486e+00,0.00000e+00,5.37001e-127,7.24841e-87,9.99817e-01,0.00000e+00
7.253404073e+00,0.00000e+00,2.57969e-125,5.62053e-87,9.99821e-01,0.00000e+00
7.289671094e+00,0.00000e+00,1.93649e-99,3.31656e-76,9.99825e-01,0.00000e+00
7.326119449e+00,0.00000e+00,7.74921e-94,5.34945e-76,9.99828e-01,0.00000e+00
7.362750046e+00,0.00000e+00,4.61461e-102,1.56253e-55,9.99831e-01,0.00000e+00
7.399563797e+00,0.00000e+00,2.67594e-101,1.99356e-45,9.99835e-01,0.00000e+00
7.436561616e+00,0.00000e+00,1.96728e-84,1.55350e-49,9.99838e-01,0.00000e+00
7.473744424e+00,0.00000e+00,1.08556e-55,1.07484e-46,9.99841e-01,0.00000e+00
7.511113146e+00,0.00000e+00,3.17965e-39,2.46813e-40,9.99844e-01,0.00000e+00
7.548668712e+00,0.00000e+00,4.47744e-24,2.53716e-42,9.99847e-01,0.00000e+00
7.586412055e+00,0.00000e+00,3.92766e-20,6.91824e-76,9.99850e-01,0.00000e+00
7.624344115e+00,0.00000e+00,1.20372e-19,1.41597e-37,9.99853e-01,0.00000e+00
7.662465836e+00,0.00000e+00,1.40446e-22,2.70111e-23,9.99856e-01,0.00000e+00
7.700778165e+00,0.00000e+00,3.50449e-30,1.28026e-23,9.99859e-01,0.00000e+00
7.739282056e+00,0.00000e+00,1.22381e-49,2.83938e-38,9.99862e-01,0.00000e+00
7.777978466e+00,0.00000e+00,2.70821e-66,2.43721e-26,9.99864e-01,0.00000e+00
7.816868359e+00,0.00000e+00,2.09540e-89,1.11232e-21,9.99867e-01,0.00000e+00
7.855952700e+00,0.00000e+00,1.89968e-91,3.61749e-22,9.99870e-01,0.00000e+00
7.895232464e+00,0.00000e+00,6.07208e-77,4.51274e-22,9.99872e-01,0.00000e+00
7.934708626e+00,0.00000e+00,6.70202e-71,9.30379e-14,9.99875e-01,0.00000e+00
7.974382169e+00,0.00000e+00,5.71683e-78,3.07823e-10,9.99877e-01,0.00000e+00
8.014254080e+00,0.00000e+00,4.36962e-94,5.82287e-11,9.99880e-01,0.00000e+00
8.054325351e+00,0.00000e+00,2.87586e-96,2.00835e-10,9.99882e-01,0.00000e+00
8.094596977e+00,0.00000e+00,3.78273e-92,2.96733e-08,9.99884e-01,0.00000e+00
8.135069962e+00,0.00000e+00,1.93316e-83,4.00496e-08,9.99887e-01,0.00000e+00
8.175745312e+00,0.00000e+00,3.64139e-69,5.99418e-09,9.99889e-01,0.00000e+00
8.216624039e+00,0.00000e+00,7.73895e-60,7.57465e-07,9.99891e-01,1.74346e-317
8.257707159e+00,1.30006e-297,1.81910e-47,2.44126e-05,9.99893e-01,1.20053e-247
8.298995695e+00,4.91703e-235,5.43782e-43,3.37279e-04,9.99895e-01,1.41326e-189
8.340490673e+00,4.80160e-186,8.82672e-40,5.00429e-05,9.99897e-01,2.07659e-143
8.382193126e+00,2.85219e-147,5.45120e-37,1.05694e-03,9.99899e-01,2.45561e-108
8.424104092e+00,4.97516e-114,7.13039e-30,2.24154e-04,9.99901e-01,3.12871e-82
8.466224613e+00,3.19161e-88,1.92779e-23,7.12414e-04,9.99903e-01,1.29213e-62
8.508555736e+00,2.40560e-60,5.93409e-14,3.20306e-04,9.99905e-01,5.22411e-45
8.551098514e+00,1.13003e-44,3.54605e-10,1.18054e-02,9.99907e-01,1.32331e-33
8.593854007e+00,1.16858e-36,9.17018e-10,5.87115e-02,9.99909e-01,1.61436e-26
8.636823277e+00,4.51740e-32,2.23245e-11,7.63258e-02,9.99910e-01,2.16496e-20
8.680007393e+00,2.66935e-29,6.23092e-13,1.64411e-02,9.99912e-01,1.18367e-15
8.723407430e+00,9.63157e-27,7.82881e-14,3.67111e-02,9.99914e-01,2.87909e-12
8.767024467e+00,2.90241e-26,6.61688e-16,2.05099e-02,9.99916e-01,1.19656e-09
8.810859590e+00,6.82792e-59,2.58473e-51,2.95181e-02,9.99917e-01,1.92227e-07
8.854913888e+00,6.28515e-182,3.84605e-176,1.95209e-01,9.99919e-01,6.85157e-06
8.899188457e+00,0.00000e+00,0.00000e+00,1.53750e-01,9.99920e-01,1.05793e-04
8.943684399e+00,0.00000e+00,0.00000e+00,8.69399e-02,9.99922e-01,1.03984e-03
8.988402821e+00,0.00000e+00,0.00000e+00,7.34130e-02,9.99924e-01,5.14391e-03
9.033344836e+00,0.00000e+00,0.00000e+00,4.36853e-02,9.99925e-01,1.73981e-02
9.078511560e+00,0.00000e+00,0.00000e+00,9.17947e-02,9.99926e-01,4.47101e-02
9.123904118e+00,0.00000e+00,0.00000e+00,1.84307e-01,9.99928e-01,9.18194e-02
9.169523638e+00,0.00000e+00,0.00000e+00,1.29781e-01,9.99929e-01,1.60240e-01
9.215371256e+00,0.00000e+00,0.00000e+00,3.30638e-01,9.99931e-01,2.44874e-01
9.261448113e+00,0.00000e+00,0.00000e+00,2.99007e-01,9.99932e-01,3.39991e-01
9.307755353e+00,0.00000e+00,0.00000e+00,1.71032e-01,9.99933e-01,4.28171e-01
9.354294130e+00,0.00000e+00,0.00000e+00,1.22555e-01,9.99935e-01,5.21113e-01
9.401065601e+00,0.00000e+00,0.00000e+00,4.10835e-02,9.99936e-01,6.06658e-01
9.448070929e+00,0.00000e+00,0.00000e+00,8.21120e-02,9.99937e-01,6.75015e-01
9.495311283e+00,0.00000e+00,0.00000e+00,2.73178e-01,9.99938e-01,7.34149e-01
9.542787840e+00,0.00000e+00,0.00000e+00,3.82256e-01,9.99940e-01,7.88647e-01
9.590501779e+00,0.00000e+00,0.00000e+00,2.08427e-01,9.99941e-01,8.33551e-01
9.638454288e+00,0.00000e+00,0.00000e+00,2.15186e-01,9.99942e-01,8.66615e-01
9.686646559e+00,0.00000e+00,0.00000e+00,2.39336e-01,9.99943e-01,8.93537e-01
9.735079792e+00,0.00000e+00,0.00000e+00,3.43321e-01,9.99944e-01,9.15280e-01
9.783755191e+00,0.00000e+00,0.00000e+00,2.68324e-01,9.99945e-01,9.32745e-01
9.832673967e+00,0.00000e+00,0.00000e+00,5.79217e-02,9.99946e-01,9.46715e-01
9.881837337e+00,0.00000e+00,0.00000e+00,1.04183e-02,9.99947e-01,9.57838e-01
9.931246523e+00,0.00000e+00,0.00000e+00,1.46370e-01,9.99948e-01,9.67430e-01
9.980902756e+00,0.00000e+00,0.00000e+00,2.78532e-01,9.99949e-01,9.99916e-01
1.003080727e+01,0.00000e+00,0.00000e+00,2.80081e-01,9.99950e-01,9.99915e-01
1.008096131e+01,0.00000e+00,0.00000e+00,3.30585e-01,9.99951e-01,9.99914e-01
1.013136611e+01,0.00000e+00,0.00000e+00,4.28930e-01,9.99952e-01,9.99913e-01
1.018202294e+01,0.00000e+00,0.00000e+00,4.69734e-01,9.99953e-01,9.99912e-01
1.023293306e+01,0.00000e+00,0.00000e+00,2.67413e-01,9.99954e-01,9.99911e-01
1.028409772e+01,0.00000e+00,0.00000e+00,9.51831e-02,9.99955e-01,9.99910e-01
1.033551821e+01,0.00000e+00,0.00000e+00,7.52451e-02,9.99956e-01,9.99909e-01
1.038719580e+01,0.00000e+00,0.00000e+00,1.90432e-02,9.99957e-01,9.99908e-01
1.043913178e+01,0.00000e+00,0.00000e+00,2.14122e-02,9.99958e-01,9.99907e-01
1.049132744e+01,0.00000e+00,0.00000e+00,9.87501e-02,9.99958e-01,9.99906e-01
1.054378408e+01,0.00000e+00,0.00000e+00,1.67932e-01,9.99959e-01,9.99905e-01
1.059650300e+01,0.00000e+00,0.00000e+00,1.52529e-01,9.99960e-01,9.99903e-01
1.064948551e+01,0.00000e+00,0.00000e+00,1.25417e-01,9.99961e-01,9.99902e-01
1.070273294e+01,0.00000e+00,0.00000e+00,5.40116e-02,9.99961e-01,9.99900e-01
1.075624661e+01,0.00000e+00,0.00000e+00,6.25552e-02,9.99962e-01,9.99898e-01
1.081002784e+01,0.00000e+00,0.00000e+00,6.77854e-02,9.99963e-01,9.99896e-01
1.086407798e+01,0.00000e+00,0.00000e+00,1.16579e-02,9.99964e-01,9.99894e-01
1.091839837e+01,0.00000e+00,0.00000e+00,1.97262e-03,9.99964e-01,9.99892e-01
1.097299036e+01,0.00000e+00,0.00000e+00,5.42082e-05,9.99965e-01,9.99890e-01
1.102785531e+01,0.00000e+00,0.00000e+00,1.85110e-05,9.99966e-01,9.99889e-01
1.108299459e+01,0.00000e+00,0.00000e+00,5.71782e-03,9.99966e-01,9.99888e-01
1.113840956e+01,0.00000e+00,0.00000e+00,5.03151e-02,9.99967e-01,9.99887e-01
1.119410161e+01,0.00000e+00,0.00000e+00,9.46046e-02,9.99968e-01,9.99885e-01
1.125007212e+01,0.00000e+00,0.00000e+00,4.01715e-02,9.99968e-01,9.99883e-01
1.130632248e+01,0.00000e+00,0.00000e+00,2.89735e-02,9.99969e-01,9.99882e-01
1.136285409e+01,0.00000e+00,0.00000e+00,6.76303e-02,9.99969e-01,9.99880e-01
1.141966836e+01,0.00000e+00,0.00000e+00,8.54434e-02,9.99970e-01,9.99879e-01
1.147676670e+01,0.00000e+00,0.00000e+00,4.98715e-02,9.99971e-01,9.99877e-01
1.153415054e+01,0.00000e+00,0.00000e+00,7.34201e-03,9.99971e-01,9.99875e-01
1.159182129e+01,0.00000e+00,0.00000e+00,1.36834e-03,9.99972e-01,9.99874e-01
1.164978039e+01,0.00000e+00,0.00000e+00,4.03808e-05,9.99972e-01,9.99872e-01
1.170802930e+01,0.00000e+00,0.00000e+00,3.01056e-06,9.99973e-01,9.99870e-01
1.176656944e+01,0.00000e+00,0.00000e+00,3.87574e-04,9.99973e-01,9.99868e-01
1.182540229e+01,0.00000e+00,0.00000e+00,5.38560e-03,9.99974e-01,9.99866e-01
1.188452930e+01,0.00000e+00,0.00000e+00,5.64436e-03,9.99974e-01,9.99864e-01
1.194395195e+01,0.00000e+00,0.00000e+00,1.10153e-02,9.99975e-01,9.99862e-01
1.200367171e+01,0.00000e+00,0.00000e+00,2.82387e-02,9.99975e-01,9.99860e-01
1.206369007e+01,0.00000e+00,0.00000e+00,7.82200e-03,9.99976e-01,9.99858e-01
1.212400852e+01,0.00000e+00,0.00000e+00,2.61080e-02,9.99976e-01,9.99855e-01
1.218462856e+01,0.00000e+00,0.00000e+00,2.45736e-02,9.99977e-01,9.99853e-01
1.224555170e+01,0.00000e+00,0.00000e+00,1.07251e-03,9.99977e-01,9.99850e-01
1.230677946e+01,0.00000e+00,0.00000e+00,1.01304e-04,9.99978e-01,9.99847e-01
1.236831336e+01,0.00000e+00,0.00000e+00,3.17999e-06,9.99978e-01,9.99844e-01
1.243015492e+01,0.00000e+00,0.00000e+00,3.43446e-09,9.99978e-01,9.99841e-01
1.249230570e+01,0.00000e+00,0.00000e+00,9.75321e-09,9.99979e-01,9.99837e-01
1.255476723e+01,0.00000e+00,0.00000e+00,1.13026e-07,9.99979e-01,9.99834e-01
1.261754106e+01,0.00000e+00,0.00000e+00,2.24774e-04,9.99980e-01,9.99830e-01
1.268062877e+01,0.00000e+00,0.00000e+00,1.83590e-03,9.99980e-01,9.99826e-01
1.274403191e+01,0.00000e+00,0.00000e+00,9.60039e-04,9.99980e-01,9.99822e-01
1.280775207e+01,0.00000e+00,0.00000e+00,3.90643e-03,9.99981e-01,9.99818e-01
1.287179083e+01,0.00000e+00,0.00000e+00,6.95656e-04,9.99981e-01,9.99813e-01
1.293614979e+01,0.00000e+00,0.00000e+00,1.48581e-03,9.99981e-01,9.99808e-01
1.300083054e+01,0.00000e+00,0.00000e+00,4.26832e-05,9.99982e-01,9.99804e-01
1.306583469e+01,0.00000e+00,0.00000e+00,2.25112e-05,9.99982e-01,9.99799e-01
1.313116386e+01,0.00000e+00,0.00000e+00,1.14707e-05,9.99982e-01,9.99793e-01
1.319681968e+01,0.00000e+00,0.00000e+00,4.33521e-06,9.99983e-01,9.99788e-01
1.326280378e+01,0.00000e+00,0.00000e+00,2.59124e-09,9.99983e-01,9.99783e-01
1.332911780e+01,0.00000e+00,0.00000e+00,1.94375e-09,9.99983e-01,9.99777e-01
1.339576339e+01,0.00000e+00,0.00000e+00,4.74477e-10,9.99984e-01,9.91092e-01
1.346274221e+01,0.00000e+00,0.00000e+00,1.42524e-14,9.99984e-01,9.90197e-01
1.353005592e+01,0.00000e+00,0.00000e+00,6.45877e-08,9.99984e-01,9.89211e-01
1.359770620e+01,0.00000e+00,0.00000e+00,3.26194e-07,9.99985e-01,9.88267e-01
1.366569473e+01,0.00000e+00,0.00000e+00,2.48424e-07,9.99985e-01,9.87237e-01
1.373402320e+01,0.00000e+00,0.00000e+00,1.86342e-05,9.99985e-01,9.85951e-01
1.380269332e+01,0.00000e+00,0.00000e+00,4.90059e-05,9.99985e-01,9.84722e-01
1.387170678e+01,0.00000e+00,0.00000e+00,1.72345e-06,9.99986e-01,9.83381e-01
1.394106532e+01,0.00000e+00,0.00000e+00,2.17675e-07,9.99986e-01,9.81927e-01
1.401077064e+01,0.00000e+00,0.00000e+00,8.18465e-09,9.99986e-01,9.80340e-01
1.408082450e+01,0.00000e+00,0.00000e+00,8.65845e-09,9.99986e-01,9.78622e-01
1.415122862e+01,0.00000e+00,0.00000e+00,1.97277e-12,9.99987e-01,9.76747e-01
1.422198476e+01,0.00000e+00,0.00000e+00,1.69025e-16,9.99987e-01,9.74721e-01
1.429309469e+01,0.00000e+00,0.00000e+00,1.01269e-15,9.99987e-01,9.72505e-01
1.436456016e+01,0.00000e+00,0.00000e+00,1.58572e-19,9.99987e-01,9.70109e-01
1.443638296e+01,0.00000e+00,0.00000e+00,2.94542e-22,9.99988e-01,9.67499e-01
1.450856487e+01,0.00000e+00,0.00000e+00,1.56405e-15,9.99988e-01,9.64669e-01
1.458110770e+01,0.00000e+00,0.00000e+00,3.32653e-11,9.99988e-01,9.61590e-01
1.465401324e+01,0.00000e+00,0.00000e+00,4.82379e-10,9.99988e-01,9.58261e-01
1.472728330e+01,0.00000e+00,0.00000e+00,5.98581e-10,9.99989e-01,9.55172e-01
1.480091972e+01,0.00000e+00,0.00000e+00,1.97884e-11,9.99989e-01,9.51285e-01
1.487492432e+01,0.00000e+00,0.00000e+00,9.86922e-19,9.99989e-01,9.47084e-01
1.494929894e+01,0.00000e+00,0.00000e+00,4.74209e-15,9.99989e-01,9.42517e-01
1.502404544e+01,0.00000e+00,0.00000e+00,1.97155e-12,9.99989e-01,9.37590e-01
1.509916566e+01,0.00000e+00,0.00000e+00,6.55746e-12,9.99990e-01,9.33023e-01
1.517466149e+01,0.00000e+00,0.00000e+00,3.33630e-13,9.99990e-01,9.28145e-01
1.525053480e+01,0.00000e+00,0.00000e+00,8.84065e-12,9.99990e-01,9.22000e-01
1.532678747e+01,0.00000e+00,0.00000e+00,4.06425e-14,9.99990e-01,9.15393e-01
1.540342141e+01,0.00000e+00,0.00000e+00,1.96066e-17,9.99990e-01,9.09289e-01
1.548043852e+01,0.00000e+00,0.00000e+00,2.16108e-19,9.99990e-01,9.02766e-01
1.555784071e+01,0.00000e+00,0.00000e+00,1.58849e-24,9.99991e-01,8.94589e-01
1.563562991e+01,0.00000e+00,0.00000e+00,7.12797e-36,9.99991e-01,8.85804e-01
1.571380806e+01,0.00000e+00,0.00000e+00,1.90728e-36,9.99991e-01,8.77721e-01
1.579237710e+01,0.00000e+00,0.00000e+00,1.22213e-26,9.99991e-01,8.69095e-01
1.587133899e+01,0.00000e+00,0.00000e+00,6.80424e-23,9.99991e-01,8.59921e-01
1.595069568e+01,0.00000e+00,0.00000e+00,2.85106e-25,9.99991e-01,8.50164e-01
1.603044916e+01,0.00000e+00,0.00000e+00,2.70949e-34,9.99992e-01,8.37982e-01
1.611060141e+01,0.00000e+00,0.00000e+00,2.44253e-33,9.99992e-01,8.24968e-01
1.619115441e+01,0.00000e+00,0.00000e+00,3.64225e-32,9.99992e-01,8.13048e-01
1.627211019e+01,0.00000e+00,0.00000e+00,3.44377e-36,9.99992e-01,8.00431e-01
1.635347074e+01,0.00000e+00,0.00000e+00,4.81553e-33,9.99992e-01,7.87080e-01
1.643523809e+01,0.00000e+00,0.00000e+00,1.11653e-33,9.99992e-01,7.72966e-01
1.651741428e+01,0.00000e+00,0.00000e+00,5.47569e-36,9.99992e-01,7.58059e-01
1.660000135e+01,0.00000e+00,0.00000e+00,3.15673e-45,9.99993e-01,7.42421e-01
1.668300136e+01,0.00000e+00,0.00000e+00,2.41494e-46,9.99993e-01,7.25888e-01
1.676641637e+01,0.00000e+00,0.00000e+00,6.50102e-41,9.99993e-01,7.08539e-01
1.685024845e+01,0.00000e+00,0.00000e+00,3.34545e-42,9.99993e-01,6.90335e-01
1.693449969e+01,0.00000e+00,0.00000e+00,3.80414e-52,9.99993e-01,6.71301e-01
1.701917219e+01,0.00000e+00,0.00000e+00,5.71061e-56,9.99993e-01,6.51416e-01
1.710426805e+01,0.00000e+00,0.00000e+00,1.08760e-71,9.99993e-01,6.30698e-01
1.718978939e+01,0.00000e+00,0.00000e+00,3.48730e-78,9.99993e-01,6.12817e-01
1.727573834e+01,0.00000e+00,0.00000e+00,4.89361e-80,9.99993e-01,5.94344e-01
1.736211703e+01,0.00000e+00,0.00000e+00,1.06055e-85,9.99994e-01,5.71510e-01
1.744892761e+01,0.00000e+00,0.00000e+00,1.01197e-73,9.99994e-01,5.47883e-01
1.753617225e+01,0.00000e+00,0.00000e+00,4.44063e-59,9.99994e-01,5.23607e-01
1.762385311e+01,0.00000e+00,0.00000e+00,6.30318e-58,9.99994e-01,4.98715e-01
1.771197238e+01,0.00000e+00,0.00000e+00,7.06103e-62,9.99994e-01,4.73260e-01
1.780053224e+01,0.00000e+00,0.00000e+00,5.29202e-67,9.99994e-01,4.51720e-01
1.788953490e+01,0.00000e+00,0.00000e+00,1.28608e-72,9.99994e-01,4.29884e-01
1.797898258e+01,0.00000e+00,0.00000e+00,7.61007e-83,9.99994e-01,4.03411e-01
1.806887749e+01,0.00000e+00,0.00000e+00,1.11737e-84,9.99994e-01,3.76781e-01
1.815922188e+01,0.00000e+00,0.00000e+00,1.21834e-112,9.99994e-01,3.54582e-01
1.825001799e+01,0.00000e+00,0.00000e+00,1.95431e-84,9.99995e-01,3.32395e-01
1.834126808e+01,0.00000e+00,0.00000e+00,1.84879e-81,9.99995e-01,3.05994e-01
1.843297442e+01,0.00000e+00,0.00000e+00,3.44967e-82,9.99995e-01,2.79966e-01
1.852513929e+01,0.00000e+00,0.00000e+00,4.50153e-110,9.99995e-01,2.58695e-01
1.861776499e+01,0.00000e+00,0.00000e+00,2.27994e-133,9.99995e-01,2.37798e-01
1.871085381e+01,0.00000e+00,0.00000e+00,8.18477e-105,9.99995e-01,2.13498e-01
1.880440808e+01,0.00000e+00,0.00000e+00,2.86550e-89,9.99995e-01,1.94003e-01
1.889843012e+01,0.00000e+00,0.00000e+00,5.77215e-90,9.99995e-01,1.75183e-01
1.899292227e+01,0.00000e+00,0.00000e+00,2.20395e-125,9.99995e-01,1.53753e-01
1.908788688e+01,0.00000e+00,0.00000e+00,6.32069e-120,9.99995e-01,1.36922e-01
1.918332632e+01,0.00000e+00,0.00000e+00,1.64934e-120,9.99995e-01,1.21000e-01
1.927924295e+01,0.00000e+00,0.00000e+00,9.52748e-149,9.99995e-01,1.06181e-01
1.937563916e+01,0.00000e+00,0.00000e+00,2.91871e-231,9.99996e-01,9.23663e-02
1.947251736e+01,0.00000e+00,0.00000e+00,9.75736e-236,9.99996e-01,7.97189e-02
1.956987994e+01,0.00000e+00,0.00000e+00,1.17713e-225,9.99996e-01,6.81490e-02
1.966772934e+01,0.00000e+00,0.00000e+00,1.56647e-185,9.99996e-01,5.57408e-02
1.976606799e+01,0.00000e+00,0.00000e+00,4.47261e-182,9.99996e-01,4.66412e-02
1.986489833e+01,0.00000e+00,0.00000e+00,9.46529e-194,9.99996e-01,3.85778e-02
1.996422282e+01,0.00000e+00,0.00000e+00,4.66821e-181,9.99996e-01,3.15775e-02
