#,Wave/freq,Total,CO2,Rayleigh,CIA
4.000000000e-01,2.37437e-04,9.99999e-01,2.37437e-04,9.99999e-01
4.020000000e-01,2.80038e-04,9.99999e-01,2.80038e-04,9.99999e-01
4.040100000e-01,3.29149e-04,9.99999e-01,3.29149e-04,9.99999e-01
4.060300500e-01,3.85641e-04,9.99999e-01,3.85641e-04,9.99999e-01
4.080602003e-01,4.50416e-04,9.99999e-01,4.50416e-04,9.99999e-01
4.101005013e-01,5.24462e-04,9.99999e-01,5.24462e-04,9.99999e-01
4.121510038e-01,6.08846e-04,9.99999e-01,6.08846e-04,9.99999e-01
4.142117588e-01,7.04728e-04,9.99999e-01,7.04728e-04,9.99999e-01
4.162828176e-01,8.13356e-04,9.99999e-01,8.13356e-04,9.99999e-01
4.183642317e-01,9.36074e-04,9.99999e-01,9.36074e-04,9.99999e-01
4.204560528e-01,1.07432e-03,9.99999e-01,1.07432e-03,9.99999e-01
4.225583331e-01,1.22964e-03,9.99999e-01,1.22964e-03,9.99999e-01
4.246711247e-01,1.40366e-03,9.99999e-01,1.40366e-03,9.99999e-01
4.267944804e-01,1.59812e-03,9.99999e-01,1.59812e-03,9.99999e-01
4.289284528e-01,1.81487e-03,9.99999e-01,1.81487e-03,9.99999e-01
4.310730950e-01,2.05584e-03,9.99999e-01,2.05584e-03,9.99999e-01
4.332284605e-01,2.32308e-03,9.99999e-01,2.32308e-03,9.99999e-01
4.353946028e-01,2.61874e-03,9.99999e-01,2.61874e-03,9.99999e-01
4.375715758e-01,2.94504e-03,9.99999e-01,2.94504e-03,9.99999e-01
4.397594337e-01,3.30432e-03,9.99999e-01,3.30432e-03,9.99999e-01
4.419582309e-01,3.69902e-03,9.99999e-01,3.69902e-03,9.99999e-01
4.441680220e-01,4.13165e-03,9.99999e-01,4.13165e-03,9.99999e-01
4.463888621e-01,4.60480e-03,9.99999e-01,4.60480e-03,9.99999e-01
4.486208064e-01,5.12116e-03,9.99999e-01,5.12116e-03,9.99999e-01
4.508639105e-01,5.68347e-03,9.99999e-01,5.68347e-03,9.99999e-01
4.531182300e-01,6.29456e-03,9.99999e-01,6.29456e-03,9.99999e-01
4.553838212e-01,6.95731e-03,9.99999e-01,6.95731e-03,9.99999e-01
4.576607403e-01,7.67465e-03,9.99999e-01,7.67465e-03,9.99999e-01
4.599490440e-01,8.44956e-03,9.99999e-01,8.44956e-03,9.99999e-01
4.622487892e-01,9.28505e-03,9.99999e-01,9.28505e-03,9.99999e-01
4.645600332e-01,1.01842e-02,9.99999e-01,1.01842e-02,9.99999e-01
4.668828333e-01,1.11500e-02,9.99999e-01,1.11500e-02,9.99999e-01
4.692172475e-01,1.21855e-02,9.99999e-01,1.21855e-02,9.99999e-01
4.715633337e-01,1.32940e-02,9.99999e-01,1.32940e-02,9.99999e-01
4.739211504e-01,1.44783e-02,9.99999e-01,1.44783e-02,9.99999e-01
4.762907561e-01,1.57415e-02,9.99999e-01,1.57415e-02,9.99999e-01
4.786722099e-01,1.70868e-02,9.99999e-01,1.70868e-02,9.99999e-01
4.810655710e-01,1.85169e-02,9.99999e-01,1.85169e-02,9.99999e-01
4.834708988e-01,2.00350e-02,9.99999e-01,2.00350e-02,9.99999e-01
4.858882533e-01,2.16438e-02,9.99999e-01,2.16438e-02,9.99999e-01
4.883176946e-01,2.33461e-02,9.99999e-01,2.33461e-02,9.99999e-01
4.907592831e-01,2.51447e-02,9.99999e-01,2.51447e-02,9.99999e-01
4.932130795e-01,2.70421e-02,9.99999e-01,2.70421e-02,9.99999e-01
4.956791449e-01,2.90410e-02,9.99999e-01,2.90410e-02,9.99999e-01
4.981575406e-01,3.11438e-02,9.99999e-01,3.11438e-02,9.99999e-01
5.006483283e-01,3.33527e-02,9.99999e-01,3.33527e-02,9.99999e-01
5.031515699e-01,3.56700e-02,9.99999e-01,3.56700e-02,9.99999e-01
5.056673278e-01,3.80977e-02,9.99999e-01,3.80977e-02,9.99999e-01
5.081956644e-01,4.06377e-02,9.99999e-01,4.06377e-02,9.99999e-01
5.107366428e-01,4.32919e-02,9.99999e-01,4.32919e-02,9.99999e-01
5.132903260e-01,4.60618e-02,9.99999e-01,4.60618e-02,9.99999e-01
5.158567776e-01,4.89489e-02,9.99999e-01,4.89489e-02,9.99999e-01
5.184360615e-01,5.19546e-02,9.99999e-01,5.19546e-02,9.99999e-01
5.210282418e-01,5.50799e-02,9.99999e-01,5.50799e-02,9.99999e-01
5.236333830e-01,5.83260e-02,9.99999e-01,5.83260e-02,9.99999e-01
5.262515499e-01,6.16935e-02,9.99999e-01,6.16935e-02,9.99999e-01
5.288828077e-01,6.51831e-02,9.99999e-01,6.51831e-02,9.99999e-01
5.315272217e-01,6.87953e-02,9.99999e-01,6.87953e-02,9.99999e-01
5.341848578e-01,7.25304e-02,9.99999e-01,7.25304e-02,9.99999e-01
5.368557821e-01,7.63884e-02,9.99999e-01,7.63884e-02,9.99999e-01
5.395400610e-01,8.03693e-02,9.99999e-01,8.03693e-02,9.99999e-01
5.422377613e-01,8.44729e-02,9.99999e-01,8.44729e-02,9.99999e-01
5.449489501e-01,8.86987e-02,9.99999e-01,8.86987e-02,9.99999e-01
5.476736949e-01,9.30462e-02,9.99999e-01,9.30462e-02,9.99999e-01
5.504120634e-01,9.75146e-02,9.99999e-01,9.75146e-02,9.99999e-01
5.531641237e-01,1.02103e-01,9.99999e-01,1.02103e-01,9.99999e-01
5.559299443e-01,1.06810e-01,9.99999e-01,1.06810e-01,9.99999e-01
5.587095940e-01,1.11635e-01,9.99999e-01,1.11635e-01,9.99999e-01
5.615031420e-01,1.16576e-01,9.99999e-01,1.16576e-01,9.99999e-01
5.643106577e-01,1.21631e-01,9.99999e-01,1.21631e-01,9.99999e-01
5.671322110e-01,1.26799e-01,9.99999e-01,1.26799e-01,9.99999e-01
5.699678720e-01,1.32079e-01,9.99999e-01,1.32079e-01,9.99999e-01
5.728177114e-01,1.37467e-01,9.99999e-01,1.37467e-01,9.99999e-01
5.756818000e-01,1.42962e-01,9.99999e-01,1.42962e-01,9.99999e-01
5.785602090e-01,1.48562e-01,9.99999e-01,1.48562e-01,9.99999e-01
5.814530100e-01,1.54264e-01,9.99999e-01,1.54264e-01,9.99999e-01
5.843602750e-01,1.60066e-01,9.99999e-01,1.60066e-01,9.99999e-01
5.872820764e-01,1.65964e-01,9.99999e-01,1.65964e-01,9.99999e-01
5.902184868e-01,1.71958e-01,9.99999e-01,1.71958e-01,9.99999e-01
5.931695792e-01,1.78043e-01,9.99999e-01,1.78043e-01,9.99999e-01
5.961354271e-01,1.84216e-01,9.99999e-01,1.84216e-01,9.99999e-01
5.991161043e-01,1.90476e-01,9.99999e-01,1.90476e-01,9.99999e-01
6.021116848e-01,1.96818e-01,9.99999e-01,1.96818e-01,9.99999e-01
6.051222432e-01,2.03240e-01,9.99999e-01,2.03240e-01,9.99999e-01
6.081478544e-01,2.09738e-01,9.99999e-01,2.09738e-01,9.99999e-01
6.111885937e-01,2.16310e-01,9.99999e-01,2.16310e-01,9.99999e-01
6.142445367e-01,2.22951e-01,9.99999e-01,2.22951e-01,9.99999e-01
6.173157594e-01,2.29659e-01,9.99999e-01,2.29659e-01,9.99999e-01
6.204023382e-01,2.36431e-01,9.99999e-01,2.36431e-01,9.99999e-01
6.235043498e-01,2.43262e-01,9.99999e-01,2.43262e-01,9.99999e-01
6.266218716e-01,2.50151e-01,9.99999e-01,2.50151e-01,9.99999e-01
6.297549810e-01,2.57092e-01,9.99999e-01,2.57092e-01,9.99999e-01
6.329037559e-01,2.64083e-01,9.99999e-01,2.64083e-01,9.99999e-01
6.360682746e-01,2.71121e-01,9.99999e-01,2.71121e-01,9.99999e-01
6.392486160e-01,2.78201e-01,9.99999e-01,2.78201e-01,9.99999e-01
6.424448591e-01,2.85322e-01,9.99999e-01,2.85322e-01,9.99999e-01
6.456570834e-01,2.92478e-01,9.99999e-01,2.92478e-01,9.99999e-01
6.488853688e-01,2.99667e-01,9.99999e-01,2.99667e-01,9.99999e-01
6.521297956e-01,3.06886e-01,9.99999e-01,3.06886e-01,9.99999e-01
6.553904446e-01,3.14131e-01,9.99999e-01,3.14131e-01,9.99999e-01
6.586673968e-01,3.21398e-01,9.99999e-01,3.21398e-01,9.99999e-01
6.619607338e-01,3.28686e-01,9.99999e-01,3.28686e-01,9.99999e-01
6.652705375e-01,3.35989e-01,9.99999e-01,3.35989e-01,9.99999e-01
6.685968902e-01,3.43306e-01,9.99999e-01,3.43306e-01,9.99999e-01
6.719398746e-01,3.50633e-01,9.99999e-01,3.50633e-01,9.99999e-01
6.752995740e-01,3.57967e-01,9.99999e-01,3.57967e-01,9.99999e-01
6.786760719e-01,3.65305e-01,9.99999e-01,3.65305e-01,9.99999e-01
6.820694522e-01,3.72644e-01,9.99999e-01,3.72644e-01,9.99999e-01
6.854797995e-01,3.79982e-01,9.99999e-01,3.79982e-01,9.99999e-01
6.889071985e-01,3.87314e-01,9.99999e-01,3.87314e-01,9.99999e-01
6.923517345e-01,3.94639e-01,9.99999e-01,3.94639e-01,9.99999e-01
6.958134932e-01,4.01954e-01,9.99999e-01,4.01954e-01,9.99999e-01
6.992925606e-01,4.09256e-01,9.99999e-01,4.09256e-01,9.99999e-01
7.027890234e-01,4.16542e-01,9.99999e-01,4.16542e-01,9.99999e-01
7.063029686e-01,4.23810e-01,9.99999e-01,4.23810e-01,9.99999e-01
7.098344834e-01,4.31058e-01,9.99999e-01,4.31058e-01,9.99999e-01
7.133836558e-01,4.38283e-01,9.99999e-01,4.38283e-01,9.99999e-01
7.169505741e-01,4.45483e-01,9.99999e-01,4.45483e-01,9.99999e-01
7.205353270e-01,4.52655e-01,9.99999e-01,4.52655e-01,9.99999e-01
7.241380036e-01,4.59797e-01,9.99999e-01,4.59797e-01,9.99999e-01
7.277586936e-01,4.66908e-01,9.99999e-01,4.66908e-01,9.99999e-01
7.313974871e-01,4.73986e-01,9.99999e-01,4.73986e-01,9.99999e-01
7.350544745e-01,4.81027e-01,9.99999e-01,4.81027e-01,9.99999e-01
7.387297469e-01,4.88031e-01,9.99999e-01,4.88031e-01,9.99999e-01
7.424233956e-01,4.94996e-01,9.99999e-01,4.94996e-01,9.99999e-01
7.461355126e-01,5.01919e-01,9.99999e-01,5.01919e-01,9.99999e-01
7.498661902e-01,5.08800e-01,9.99999e-01,5.08800e-01,9.99999e-01
7.536155211e-01,5.15636e-01,9.99999e-01,5.15636e-01,9.99999e-01
7.573835987e-01,5.22427e-01,9.99999e-01,5.22427e-01,9.99999e-01
7.611705167e-01,5.29170e-01,9.99999e-01,5.29170e-01,9.99999e-01
7.649763693e-01,5.35864e-01,9.99999e-01,5.35864e-01,9.99999e-01
7.688012511e-01,5.42509e-01,9.99999e-01,5.42509e-01,9.99999e-01
7.726452574e-01,5.49102e-01,9.99999e-01,5.49102e-01,9.99999e-01
7.765084837e-01,5.55642e-01,9.99999e-01,5.55642e-01,9.99999e-01
7.803910261e-01,5.47692e-01,9.74315e-01,5.62129e-01,9.99999e-01
7.842929812e-01,5.02417e-01,8.83663e-01,5.68562e-01,9.99999e-01
7.882144461e-01,5.04328e-01,8.77185e-01,5.74938e-01,9.99999e-01
7.921555184e-01,5.38782e-01,9.26922e-01,5.81258e-01,9.99999e-01
7.961162960e-01,5.58064e-01,9.49861e-01,5.87521e-01,9.99999e-01
8.000968774e-01,5.77454e-01,9.72594e-01,5.93726e-01,9.99999e-01
8.040973618e-01,5.91234e-01,9.85599e-01,5.99871e-01,9.99999e-01
8.081178486e-01,6.01969e-01,9.93416e-01,6.05957e-01,9.99999e-01
8.121584379e-01,6.10718e-01,9.97932e-01,6.11983e-01,9.99999e-01
8.162192301e-01,6.17665e-01,9.99542e-01,6.17948e-01,9.99999e-01
8.203003262e-01,6.23846e-01,9.99991e-01,6.23851e-01,9.99999e-01
8.244018279e-01,6.29693e-01,9.99999e-01,6.29693e-01,9.99999e-01
8.285238370e-01,6.35472e-01,9.99999e-01,6.35472e-01,9.99999e-01
8.326664562e-01,6.41188e-01,9.99999e-01,6.41188e-01,9.99999e-01
8.368297885e-01,6.46842e-01,9.99999e-01,6.46842e-01,9.99999e-01
8.410139374e-01,6.52432e-01,9.99999e-01,6.52432e-01,9.99999e-01
8.452190071e-01,6.57959e-01,9.99999e-01,6.57959e-01,9.99999e-01
8.494451021e-01,6.63422e-01,9.99999e-01,6.63422e-01,9.99999e-01
8.536923276e-01,6.68821e-01,9.99999e-01,6.68821e-01,9.99999e-01
8.579607893e-01,6.74156e-01,9.99999e-01,6.74156e-01,9.99999e-01
8.622505932e-01,6.79427e-01,9.99999e-01,6.79427e-01,9.99999e-01
8.665618462e-01,6.42876e-01,9.39007e-01,6.84634e-01,9.99999e-01
8.708946554e-01,5.04496e-01,7.31390e-01,6.89777e-01,9.99999e-01
8.752491287e-01,5.39686e-01,7.76687e-01,6.94855e-01,9.99999e-01
8.796253743e-01,6.09288e-01,8.70572e-01,6.99870e-01,9.99999e-01
8.840235012e-01,6.56090e-01,9.30860e-01,7.04821e-01,9.99999e-01
8.884436187e-01,6.89804e-01,9.71955e-01,7.09708e-01,9.99999e-01
8.928858368e-01,7.06395e-01,9.88612e-01,7.14531e-01,9.99999e-01
8.973502660e-01,7.17270e-01,9.97190e-01,7.19291e-01,9.99999e-01
9.018370173e-01,7.23762e-01,9.99688e-01,7.23987e-01,9.99999e-01
9.063462024e-01,7.23163e-01,9.92509e-01,7.28621e-01,9.99999e-01
9.108779334e-01,7.20099e-01,9.82142e-01,7.33192e-01,9.99999e-01
9.154323231e-01,7.34533e-01,9.95706e-01,7.37700e-01,9.99999e-01
9.200094847e-01,6.98574e-01,9.41288e-01,7.42146e-01,9.99999e-01
9.246095321e-01,6.83580e-01,9.15674e-01,7.46531e-01,9.99999e-01
9.292325798e-01,7.01594e-01,9.34394e-01,7.50854e-01,9.99999e-01
9.338787427e-01,7.06382e-01,9.35461e-01,7.55115e-01,9.99999e-01
9.385481364e-01,7.23039e-01,9.52222e-01,7.59316e-01,9.99999e-01
9.432408771e-01,7.40784e-01,9.70301e-01,7.63457e-01,9.99999e-01
9.479570815e-01,7.55826e-01,9.84739e-01,7.67538e-01,9.99999e-01
9.526968669e-01,7.65842e-01,9.92589e-01,7.71560e-01,9.99999e-01
9.574603512e-01,7.73058e-01,9.96821e-01,7.75522e-01,9.99999e-01
9.622476530e-01,7.78652e-01,9.99005e-01,7.79426e-01,9.99999e-01
9.670588912e-01,7.83038e-01,9.99700e-01,7.83272e-01,9.99999e-01
9.718941857e-01,7.87044e-01,9.99977e-01,7.87061e-01,9.99999e-01
9.767536566e-01,7.90792e-01,9.99999e-01,7.90792e-01,9.99999e-01
9.816374249e-01,7.94467e-01,9.99999e-01,7.94467e-01,9.99999e-01
9.865456120e-01,7.98086e-01,9.99999e-01,7.98086e-01,9.99999e-01
9.914783401e-01,8.01649e-01,9.99999e-01,8.01649e-01,9.99999e-01
9.964357318e-01,8.05158e-01,9.99999e-01,8.05158e-01,9.99999e-01
1.001417910e+00,8.08612e-01,9.99999e-01,8.08612e-01,9.99999e-01
1.006425000e+00,8.12012e-01,9.99999e-01,8.12012e-01,9.99999e-01
1.011457125e+00,8.15359e-01,9.99999e-01,8.15359e-01,9.99999e-01
1.016514411e+00,8.18653e-01,9.99999e-01,8.18653e-01,9.99999e-01
1.021596983e+00,8.21868e-01,9.99966e-01,8.21895e-01,9.99999e-01
1.026704968e+00,8.22689e-01,9.97095e-01,8.25085e-01,9.99999e-01
1.031838492e+00,8.00875e-01,9.66977e-01,8.28225e-01,9.99999e-01
1.036997685e+00,1.57177e-01,1.89070e-01,8.31314e-01,9.99999e-01
1.042182673e+00,1.45297e-01,1.74143e-01,8.34353e-01,9.99999e-01
1.047393587e+00,1.61376e-01,1.92724e-01,8.37343e-01,9.99999e-01
1.052630555e+00,8.13740e-03,9.68410e-03,8.40284e-01,9.99999e-01
1.057893707e+00,1.82608e-02,2.16571e-02,8.43177e-01,9.99999e-01
1.063183176e+00,5.11104e-02,6.04125e-02,8.46023e-01,9.99999e-01
1.068499092e+00,1.24836e-01,1.47070e-01,8.48822e-01,9.99999e-01
1.073841587e+00,2.52204e-01,2.96162e-01,8.51574e-01,9.99999e-01
1.079210795e+00,3.95835e-01,4.63354e-01,8.54281e-01,9.99999e-01
1.084606849e+00,5.61145e-01,6.54821e-01,8.56943e-01,9.99999e-01
1.090029883e+00,6.90398e-01,8.03199e-01,8.59560e-01,9.99999e-01
1.095480033e+00,7.73703e-01,8.97428e-01,8.62133e-01,9.99999e-01
1.100957433e+00,8.20774e-01,9.49240e-01,8.64663e-01,9.99999e-01
1.106462220e+00,8.48637e-01,9.78649e-01,8.67150e-01,9.99999e-01
1.111994531e+00,8.62671e-01,9.92036e-01,8.69595e-01,9.99999e-01
1.117554504e+00,8.70284e-01,9.98033e-01,8.71999e-01,9.99999e-01
1.123142276e+00,8.74247e-01,9.99868e-01,8.74361e-01,9.99999e-01
1.128757988e+00,8.76683e-01,9.99999e-01,8.76683e-01,9.99999e-01
1.134401778e+00,8.78965e-01,9.99999e-01,8.78965e-01,9.99999e-01
1.140073787e+00,8.81208e-01,9.99999e-01,8.81208e-01,9.99999e-01
1.145774156e+00,8.83412e-01,9.99999e-01,8.83412e-01,9.99999e-01
1.151503026e+00,8.85577e-01,9.99999e-01,8.85577e-01,9.99999e-01
1.157260541e+00,8.87705e-01,9.99999e-01,8.87705e-01,9.99999e-01
1.163046844e+00,8.89796e-01,9.99999e-01,8.89796e-01,9.99999e-01
1.168862078e+00,8.91851e-01,9.99999e-01,8.91851e-01,9.99999e-01
1.174706389e+00,8.93870e-01,9.99999e-01,8.93870e-01,9.99999e-01
1.180579921e+00,8.95853e-01,9.99999e-01,8.95853e-01,9.99999e-01
1.186482820e+00,8.97799e-01,9.99997e-01,8.97801e-01,9.99999e-01
1.192415234e+00,8.90496e-01,9.89752e-01,8.99715e-01,9.99999e-01
1.198377311e+00,5.13173e-01,5.69183e-01,9.01595e-01,9.99999e-01
1.204369197e+00,1.74735e-09,1.93410e-09,9.03441e-01,9.99999e-01
1.210391043e+00,2.48926e-33,2.74979e-33,9.05255e-01,9.99999e-01
1.216442998e+00,4.57091e-29,5.03938e-29,9.07037e-01,9.99999e-01
1.222525213e+00,1.18489e-28,1.30382e-28,9.08787e-01,9.99999e-01
1.228637839e+00,3.58910e-22,3.94188e-22,9.10505e-01,9.99999e-01
1.234781029e+00,2.97727e-17,3.26386e-17,9.12193e-01,9.99999e-01
1.240954934e+00,6.09661e-10,6.67134e-10,9.13850e-01,9.99999e-01
1.247159708e+00,1.52859e-06,1.66971e-06,9.15478e-01,9.99999e-01
1.253395507e+00,1.18395e-03,1.29100e-03,9.17076e-01,9.99999e-01
1.259662485e+00,1.51384e-02,1.64790e-02,9.18646e-01,9.99999e-01
1.265960797e+00,9.96558e-02,1.08299e-01,9.20187e-01,9.99999e-01
1.272290601e+00,3.39323e-01,3.68149e-01,9.21700e-01,9.99999e-01
1.278652054e+00,3.22495e-01,3.49328e-01,9.23185e-01,9.99999e-01
1.285045314e+00,1.28452e-02,1.38921e-02,9.24644e-01,9.99999e-01
1.291470541e+00,1.29370e-04,1.39697e-04,9.26076e-01,9.99999e-01
1.297927893e+00,9.31297e-03,1.00411e-02,9.27482e-01,9.99999e-01
1.304417533e+00,1.72891e-01,1.86132e-01,9.28862e-01,9.99999e-01
1.310939621e+00,4.64277e-02,4.99106e-02,9.30217e-01,9.99999e-01
1.317494319e+00,6.20261e-12,6.65839e-12,9.31547e-01,9.99999e-01
1.324081790e+00,1.96128e-08,2.10246e-08,9.32853e-01,9.99999e-01
1.330702199e+00,5.63659e-05,6.03402e-05,9.34134e-01,9.99999e-01
1.337355710e+00,5.55508e-05,5.93876e-05,9.35392e-01,9.99999e-01
1.344042489e+00,1.74473e-05,1.86278e-05,9.36627e-01,9.99999e-01
1.350762701e+00,3.61534e-05,3.85496e-05,9.37839e-01,9.99999e-01
1.357516515e+00,1.28272e-03,1.36601e-03,9.39029e-01,9.99999e-01
1.364304097e+00,1.38065e-02,1.46846e-02,9.40196e-01,9.99999e-01
1.371125618e+00,1.02374e-01,1.08753e-01,9.41342e-01,9.99999e-01
1.377981246e+00,1.56538e-01,1.66094e-01,9.42467e-01,9.99999e-01
1.384871152e+00,3.31508e-01,3.51333e-01,9.43570e-01,9.99999e-01
1.391795508e+00,3.59049e-01,3.80084e-01,9.44654e-01,9.99999e-01
1.398754485e+00,5.21274e-01,5.51194e-01,9.45717e-01,9.99999e-01
1.405748258e+00,6.09852e-01,6.44146e-01,9.46760e-01,9.99999e-01
1.412776999e+00,7.17794e-01,7.57339e-01,9.47783e-01,9.99999e-01
1.419840884e+00,6.58874e-01,6.94437e-01,9.48788e-01,9.99999e-01
1.426940089e+00,7.08426e-02,7.45888e-02,9.49774e-01,9.99999e-01
1.434074789e+00,0.00000e+00,0.00000e+00,9.50741e-01,9.99999e-01
1.441245163e+00,0.00000e+00,0.00000e+00,9.51690e-01,9.99999e-01
1.448451389e+00,0.00000e+00,0.00000e+00,9.52621e-01,9.99999e-01
1.455693646e+00,1.49375e-264,1.56653e-264,9.53535e-01,9.99999e-01
1.462972114e+00,2.08108e-128,2.18044e-128,9.54431e-01,9.99999e-01
1.470286975e+00,3.67702e-54,3.84903e-54,9.55311e-01,9.99999e-01
1.477638409e+00,1.37375e-34,1.43672e-34,9.56174e-01,9.99999e-01
1.485026601e+00,7.07449e-20,7.39220e-20,9.57021e-01,9.99999e-01
1.492451734e+00,6.34342e-17,6.62255e-17,9.57852e-01,9.99999e-01
1.499913993e+00,3.26359e-08,3.40430e-08,9.58667e-01,9.99999e-01
1.507413563e+00,5.41059e-07,5.63916e-07,9.59466e-01,9.99999e-01
1.514950631e+00,2.18533e-08,2.27579e-08,9.60251e-01,9.99999e-01
1.522525384e+00,5.13393e-25,5.34216e-25,9.61020e-01,9.99999e-01
1.530138011e+00,1.17114e-57,1.21769e-57,9.61776e-01,9.99999e-01
1.537788701e+00,4.92268e-43,5.11438e-43,9.62516e-01,9.99999e-01
1.545477645e+00,2.95391e-10,3.06663e-10,9.63243e-01,9.99999e-01
1.553205033e+00,4.17618e-07,4.33233e-07,9.63956e-01,9.99999e-01
1.560971058e+00,1.27710e-07,1.32389e-07,9.64655e-01,9.99999e-01
1.568775913e+00,5.59786e-144,5.79884e-144,9.65341e-01,9.99999e-01
1.576619793e+00,0.00000e+00,0.00000e+00,9.66013e-01,9.99999e-01
1.584502892e+00,7.70578e-184,7.97143e-184,9.66673e-01,9.99999e-01
1.592425406e+00,2.06969e-128,2.13961e-128,9.67321e-01,9.99999e-01
1.600387533e+00,2.35001e-206,2.42781e-206,9.67956e-01,9.99999e-01
1.608389471e+00,0.00000e+00,0.00000e+00,9.68579e-01,9.99999e-01
1.616431418e+00,0.00000e+00,0.00000e+00,9.69190e-01,9.99999e-01
1.624513575e+00,7.11574e-163,7.33740e-163,9.69789e-01,9.99999e-01
1.632636143e+00,2.96177e-121,3.05218e-121,9.70377e-01,9.99999e-01
1.640799324e+00,2.76243e-50,2.84507e-50,9.70953e-01,9.99999e-01
1.649003321e+00,2.88799e-50,2.97265e-50,9.71519e-01,9.99999e-01
1.657248337e+00,3.79064e-39,3.89954e-39,9.72073e-01,9.99999e-01
1.665534579e+00,2.15895e-39,2.21973e-39,9.72617e-01,9.99999e-01
1.673862252e+00,1.22858e-25,1.26247e-25,9.73151e-01,9.99999e-01
1.682231563e+00,3.79424e-18,3.89683e-18,9.73674e-01,9.99999e-01
1.690642721e+00,9.46592e-11,9.71672e-11,9.74187e-01,9.99999e-01
1.699095934e+00,5.21628e-07,5.35172e-07,9.74691e-01,9.99999e-01
1.707591414e+00,4.15135e-04,4.25699e-04,9.75184e-01,9.99999e-01
1.716129371e+00,1.34127e-02,1.37472e-02,9.75669e-01,9.99999e-01
1.724710018e+00,9.46512e-02,9.69643e-02,9.76143e-01,9.99999e-01
1.733333568e+00,2.18444e-01,2.23675e-01,9.76609e-01,9.99999e-01
1.742000236e+00,3.96613e-01,4.05922e-01,9.77066e-01,9.99999e-01
1.750710237e+00,1.53135e-02,1.56657e-02,9.77514e-01,9.99999e-01
1.759463788e+00,2.13586e-24,2.18401e-24,9.77953e-01,9.99999e-01
1.768261107e+00,1.14897e-25,1.17436e-25,9.78383e-01,9.99999e-01
1.777102413e+00,1.48461e-24,1.51675e-24,9.78806e-01,9.99999e-01
1.785987925e+00,1.77195e-23,1.80955e-23,9.79220e-01,9.99999e-01
1.794917864e+00,2.67608e-22,2.73173e-22,9.79626e-01,9.99999e-01
1.803892454e+00,9.94903e-22,1.01518e-21,9.80025e-01,9.99999e-01
1.812911916e+00,9.59081e-21,9.78239e-21,9.80415e-01,9.99999e-01
1.821976476e+00,6.18573e-21,6.30683e-21,9.80798e-01,9.99999e-01
1.831086358e+00,4.29933e-17,4.38181e-17,9.81174e-01,9.99999e-01
1.840241790e+00,1.56585e-14,1.59529e-14,9.81542e-01,9.99999e-01
1.849442999e+00,3.30416e-10,3.36506e-10,9.81904e-01,9.99999e-01
1.858690214e+00,2.20372e-09,2.24352e-09,9.82258e-01,9.99999e-01
1.867983665e+00,3.94019e-10,4.00993e-10,9.82605e-01,9.99999e-01
1.877323583e+00,1.23626e-45,1.25770e-45,9.82946e-01,9.99999e-01
1.886710201e+00,1.46788e-59,1.49283e-59,9.83280e-01,9.99999e-01
1.896143752e+00,1.04243e-67,1.05980e-67,9.83607e-01,9.99999e-01
1.905624471e+00,1.91427e-78,1.94553e-78,9.83929e-01,9.99999e-01
1.915152593e+00,6.87831e-61,6.98841e-61,9.84244e-01,9.99999e-01
1.924728356e+00,7.42778e-73,7.54431e-73,9.84552e-01,9.99999e-01
1.934351998e+00,0.00000e+00,0.00000e+00,9.84855e-01,9.99999e-01
1.944023758e+00,0.00000e+00,0.00000e+00,9.85152e-01,9.99999e-01
1.953743877e+00,0.00000e+00,0.00000e+00,9.85443e-01,9.99999e-01
1.963512596e+00,0.00000e+00,0.00000e+00,9.85729e-01,9.99999e-01
1.973330159e+00,0.00000e+00,0.00000e+00,9.86008e-01,9.99999e-01
1.983196810e+00,0.00000e+00,0.00000e+00,9.86283e-01,9.99999e-01
1.993112794e+00,0.00000e+00,0.00000e+00,9.86552e-01,9.99999e-01
2.003078358e+00,0.00000e+00,0.00000e+00,9.86816e-01,9.99999e-01
2.013093750e+00,0.00000e+00,0.00000e+00,9.87075e-01,9.99999e-01
2.023159218e+00,0.00000e+00,0.00000e+00,9.87328e-01,9.99999e-01
2.033275015e+00,0.00000e+00,0.00000e+00,9.87577e-01,9.99999e-01
2.043441390e+00,0.00000e+00,0.00000e+00,9.87821e-01,9.99999e-01
2.053658597e+00,0.00000e+00,0.00000e+00,9.88060e-01,9.99999e-01
2.063926890e+00,0.00000e+00,0.00000e+00,9.88294e-01,9.99999e-01
2.074246524e+00,0.00000e+00,0.00000e+00,9.88524e-01,9.99999e-01
2.084617757e+00,0.00000e+00,0.00000e+00,9.88750e-01,9.99999e-01
2.095040845e+00,0.00000e+00,0.00000e+00,9.88971e-01,9.99999e-01
2.105516050e+00,0.00000e+00,0.00000e+00,9.89187e-01,9.99999e-01
2.116043630e+00,0.00000e+00,0.00000e+00,9.89400e-01,9.99999e-01
2.126623848e+00,0.00000e+00,0.00000e+00,9.89608e-01,9.99999e-01
2.137256967e+00,0.00000e+00,0.00000e+00,9.89812e-01,9.99999e-01
2.147943252e+00,3.40107e-165,3.43538e-165,9.90012e-01,9.99999e-01
2.158682968e+00,1.04984e-99,1.06022e-99,9.90209e-01,9.99999e-01
2.169476383e+00,4.77807e-49,4.82437e-49,9.90401e-01,9.99999e-01
2.180323765e+00,4.44679e-31,4.48903e-31,9.90590e-01,9.99999e-01
2.191225384e+00,2.04966e-16,2.06875e-16,9.90775e-01,9.99999e-01
2.202181511e+00,5.54275e-11,5.59333e-11,9.90956e-01,9.99999e-01
2.213192418e+00,2.27421e-06,2.29456e-06,9.91134e-01,9.99999e-01
2.224258381e+00,3.57741e-04,3.60878e-04,9.91308e-01,9.99999e-01
2.235379672e+00,5.75843e-03,5.80791e-03,9.91479e-01,9.99999e-01
2.246556571e+00,2.87148e-02,2.89567e-02,9.91647e-01,9.99999e-01
2.257789354e+00,1.14582e-01,1.15528e-01,9.91811e-01,9.99999e-01
2.269078300e+00,1.48089e-01,1.49287e-01,9.91972e-01,9.99999e-01
2.280423692e+00,1.56115e-01,1.57353e-01,9.92130e-01,9.99999e-01
2.291825810e+00,2.96101e-01,2.98403e-01,9.92285e-01,9.99999e-01
2.303284939e+00,3.82932e-01,3.85850e-01,9.92437e-01,9.99999e-01
2.314801364e+00,4.24265e-01,4.27434e-01,9.92586e-01,9.99999e-01
2.326375371e+00,5.64113e-01,5.68243e-01,9.92731e-01,9.99999e-01
2.338007248e+00,5.38404e-01,5.42267e-01,9.92875e-01,9.99999e-01
2.349697284e+00,5.81596e-01,5.85686e-01,9.93015e-01,9.99999e-01
2.361445770e+00,6.49181e-01,6.53656e-01,9.93152e-01,9.99999e-01
2.373252999e+00,6.73725e-01,6.78278e-01,9.93287e-01,9.99999e-01
2.385119264e+00,8.36526e-01,8.42067e-01,9.93419e-01,9.99999e-01
2.397044861e+00,9.23832e-01,9.29829e-01,9.93549e-01,9.99999e-01
2.409030085e+00,8.80448e-01,8.86051e-01,9.93676e-01,9.99999e-01
2.421075235e+00,8.32127e-01,8.37318e-01,9.93800e-01,9.99999e-01
2.433180612e+00,3.24340e-01,3.26323e-01,9.93922e-01,9.99999e-01
2.445346515e+00,5.68579e-01,5.71986e-01,9.94042e-01,9.99999e-01
2.457573247e+00,5.71479e-02,5.74836e-02,9.94159e-01,9.99999e-01
2.469861113e+00,1.48907e-07,1.49764e-07,9.94274e-01,9.99999e-01
2.482210419e+00,2.00966e-22,2.02100e-22,9.94387e-01,9.99999e-01
2.494621471e+00,4.24901e-45,4.27252e-45,9.94498e-01,9.99999e-01
2.507094578e+00,1.13119e-43,1.13733e-43,9.94606e-01,9.99999e-01
2.519630051e+00,6.79417e-58,6.83028e-58,9.94712e-01,9.99999e-01
2.532228202e+00,8.38925e-74,8.43296e-74,9.94816e-01,9.99999e-01
2.544889343e+00,2.49012e-76,2.50283e-76,9.94918e-01,9.99999e-01
2.557613789e+00,1.70319e-90,1.71172e-90,9.95019e-01,9.99999e-01
2.570401858e+00,9.08235e-182,9.12691e-182,9.95117e-01,9.99999e-01
2.583253867e+00,0.00000e+00,0.00000e+00,9.95213e-01,9.99999e-01
2.596170137e+00,0.00000e+00,0.00000e+00,9.95307e-01,9.99999e-01
2.609150988e+00,0.00000e+00,0.00000e+00,9.95400e-01,9.99999e-01
2.622196742e+00,0.00000e+00,0.00000e+00,9.95490e-01,9.99999e-01
2.635307726e+00,0.00000e+00,0.00000e+00,9.95579e-01,9.99999e-01
2.648484265e+00,0.00000e+00,0.00000e+00,9.95666e-01,9.99999e-01
2.661726686e+00,0.00000e+00,0.00000e+00,9.95752e-01,9.99999e-01
2.675035320e+00,0.00000e+00,0.00000e+00,9.95835e-01,9.99999e-01
2.688410496e+00,0.00000e+00,0.00000e+00,9.95918e-01,9.99999e-01
2.701852549e+00,0.00000e+00,0.00000e+00,9.95998e-01,9.99999e-01
2.715361811e+00,0.00000e+00,0.00000e+00,9.96077e-01,9.99999e-01
2.728938620e+00,0.00000e+00,0.00000e+00,9.96154e-01,9.99999e-01
2.742583314e+00,0.00000e+00,0.00000e+00,9.96230e-01,9.99999e-01
2.756296230e+00,0.00000e+00,0.00000e+00,9.96304e-01,9.99999e-01
2.770077711e+00,0.00000e+00,0.00000e+00,9.96377e-01,9.99999e-01
2.783928100e+00,0.00000e+00,0.00000e+00,9.96449e-01,9.99999e-01
2.797847740e+00,0.00000e+00,0.00000e+00,9.96519e-01,9.99999e-01
2.811836979e+00,0.00000e+00,0.00000e+00,9.96587e-01,9.99999e-01
2.825896164e+00,0.00000e+00,0.00000e+00,9.96654e-01,9.99999e-01
2.840025645e+00,0.00000e+00,0.00000e+00,9.96720e-01,9.99999e-01
2.854225773e+00,0.00000e+00,0.00000e+00,9.96785e-01,9.99999e-01
2.868496902e+00,0.00000e+00,0.00000e+00,9.96848e-01,9.99999e-01
2.882839386e+00,0.00000e+00,0.00000e+00,9.96911e-01,9.99999e-01
2.897253583e+00,0.00000e+00,0.00000e+00,9.96972e-01,9.99999e-01
2.911739851e+00,0.00000e+00,0.00000e+00,9.97031e-01,9.99999e-01
2.926298550e+00,0.00000e+00,0.00000e+00,9.97090e-01,9.99999e-01
2.940930043e+00,0.00000e+00,0.00000e+00,9.97147e-01,9.99999e-01
2.955634693e+00,0.00000e+00,0.00000e+00,9.97203e-01,9.99999e-01
2.970412867e+00,0.00000e+00,0.00000e+00,9.97259e-01,9.99999e-01
2.985264931e+00,1.40908e-274,1.41287e-274,9.97313e-01,9.99999e-01
3.000191256e+00,7.94248e-215,7.96345e-215,9.97366e-01,9.99999e-01
3.015192212e+00,5.11824e-229,5.13149e-229,9.97418e-01,9.99999e-01
3.030268173e+00,3.90434e-185,3.91425e-185,9.97468e-01,9.99999e-01
3.045419514e+00,3.80226e-113,3.81172e-113,9.97518e-01,9.99999e-01
3.060646612e+00,1.73879e-52,1.74303e-52,9.97567e-01,9.99999e-01
3.075949845e+00,3.80434e-42,1.05486e-41,9.97615e-01,3.61511e-01
3.091329594e+00,1.14746e-40,1.18245e-39,9.97662e-01,9.72679e-02
3.106786242e+00,2.54755e-42,1.82475e-39,9.97708e-01,1.39931e-03
3.122320173e+00,1.04471e-35,7.36260e-28,9.97754e-01,1.42213e-08
3.137931774e+00,9.81060e-31,6.96764e-27,9.97798e-01,1.41113e-04
3.153621433e+00,3.77523e-29,3.33974e-28,9.97841e-01,1.13284e-01
3.169389540e+00,2.69207e-41,1.92672e-37,9.97884e-01,1.40019e-04
3.185236488e+00,1.20406e-36,2.57122e-30,9.97926e-01,4.69257e-07
3.201162670e+00,2.15727e-35,3.22091e-24,9.97967e-01,6.71135e-12
3.217168483e+00,5.29761e-39,7.57031e-23,9.98007e-01,7.01184e-17
3.233254326e+00,2.32387e-44,6.12714e-20,9.98046e-01,3.80016e-25
3.249420598e+00,4.46368e-52,5.25164e-12,9.98085e-01,8.51587e-41
3.265667701e+00,1.30318e-74,5.39810e-10,9.98122e-01,2.41869e-65
3.281996039e+00,1.55933e-109,6.51887e-08,9.98159e-01,2.39643e-102
3.298406019e+00,3.59541e-153,1.57807e-06,9.98196e-01,2.28247e-147
3.314898049e+00,1.11081e-213,2.80347e-06,9.98231e-01,3.96929e-208
3.331472540e+00,6.77005e-177,4.26108e-06,9.98266e-01,1.59157e-171
3.348129902e+00,1.71682e-128,5.28847e-05,9.98300e-01,3.25187e-124
3.364870552e+00,8.78745e-89,1.06482e-04,9.98334e-01,8.26630e-85
3.381694905e+00,4.49117e-56,2.53441e-04,9.98367e-01,1.77497e-52
3.398603379e+00,2.90478e-34,2.42811e-03,9.98399e-01,1.19823e-31
3.415596396e+00,4.63519e-21,4.01605e-03,9.98431e-01,1.15598e-18
3.432674378e+00,1.73755e-14,1.16661e-03,9.98461e-01,1.49170e-11
3.449837750e+00,3.74379e-10,3.01497e-05,9.98492e-01,1.24361e-05
3.467086939e+00,3.85829e-09,3.05326e-08,9.98522e-01,1.26553e-01
3.484422373e+00,3.43808e-11,4.66244e-11,9.98551e-01,7.38468e-01
3.501844485e+00,1.52590e-15,3.55922e-15,9.98579e-01,4.29325e-01
3.519353708e+00,2.62162e-18,2.62653e-18,9.98607e-01,9.99523e-01
3.536950476e+00,7.89402e-22,7.91576e-22,9.98635e-01,9.98615e-01
3.554635228e+00,3.83163e-22,3.84882e-22,9.98662e-01,9.96867e-01
3.572408405e+00,4.21683e-18,4.24509e-18,9.98688e-01,9.94646e-01
3.590270447e+00,2.85047e-17,2.86304e-17,9.98714e-01,9.96889e-01
3.608221799e+00,1.20635e-12,1.20978e-12,9.98739e-01,9.98422e-01
3.626262908e+00,1.73970e-07,1.74241e-07,9.98764e-01,9.99678e-01
3.644394222e+00,6.12400e-06,6.13219e-06,9.98789e-01,9.99873e-01
3.662616193e+00,1.42695e-03,1.42960e-03,9.98813e-01,9.99329e-01
3.680929274e+00,5.05053e-02,5.07397e-02,9.98836e-01,9.96537e-01
3.699333921e+00,2.68394e-01,2.70799e-01,9.98859e-01,9.92250e-01
3.717830590e+00,1.86338e-01,1.89487e-01,9.98881e-01,9.84480e-01
3.736419743e+00,9.65692e-03,9.90502e-03,9.98903e-01,9.76020e-01
3.755101842e+00,9.92520e-07,1.01547e-06,9.98925e-01,9.78448e-01
3.773877351e+00,3.02640e-14,3.06785e-14,9.98946e-01,9.87528e-01
3.792746738e+00,5.18095e-34,5.21222e-34,9.98967e-01,9.95027e-01
3.811710472e+00,1.34582e-22,1.35019e-22,9.98987e-01,9.97774e-01
3.830769024e+00,3.19920e-22,3.20512e-22,9.99007e-01,9.99143e-01
3.849922869e+00,1.25514e-30,1.25662e-30,9.99027e-01,9.99796e-01
3.869172484e+00,1.82056e-19,1.82563e-19,9.99046e-01,9.98175e-01
3.888518346e+00,4.28363e-09,4.30661e-09,9.99065e-01,9.95594e-01
3.907960938e+00,1.00384e-06,1.01255e-06,9.99083e-01,9.92310e-01
3.927500742e+00,6.54751e-07,6.61585e-07,9.99102e-01,9.90558e-01
3.947138246e+00,4.31317e-10,4.33974e-10,9.99119e-01,9.94752e-01
3.966873937e+00,4.60239e-15,4.61163e-15,9.99137e-01,9.98857e-01
3.986708307e+00,1.06361e-22,1.06451e-22,9.99154e-01,9.99999e-01
4.006641849e+00,1.90634e-40,1.90792e-40,9.99170e-01,9.99999e-01
4.026675058e+00,1.47206e-198,1.47326e-198,9.99187e-01,9.99999e-01
4.046808433e+00,0.00000e+00,0.00000e+00,9.99203e-01,9.99999e-01
4.067042475e+00,0.00000e+00,0.00000e+00,9.99218e-01,9.99999e-01
4.087377688e+00,0.00000e+00,0.00000e+00,9.99234e-01,9.99999e-01
4.107814576e+00,0.00000e+00,0.00000e+00,9.99249e-01,9.99999e-01
4.128353649e+00,0.00000e+00,0.00000e+00,9.99264e-01,9.99999e-01
4.148995417e+00,0.00000e+00,0.00000e+00,9.99278e-01,9.99999e-01
4.169740394e+00,0.00000e+00,0.00000e+00,9.99293e-01,9.99999e-01
4.190589096e+00,0.00000e+00,0.00000e+00,9.99306e-01,9.99999e-01
4.211542042e+00,0.00000e+00,0.00000e+00,9.99320e-01,9.99999e-01
4.232599752e+00,0.00000e+00,0.00000e+00,9.99334e-01,9.99999e-01
4.253762751e+00,0.00000e+00,0.00000e+00,9.99347e-01,9.99999e-01
4.275031564e+00,0.00000e+00,0.00000e+00,9.99360e-01,9.99999e-01
4.296406722e+00,0.00000e+00,0.00000e+00,9.99372e-01,9.99999e-01
4.317888756e+00,0.00000e+00,0.00000e+00,9.99385e-01,9.99999e-01
4.339478200e+00,0.00000e+00,0.00000e+00,9.99397e-01,9.99999e-01
4.361175591e+00,0.00000e+00,0.00000e+00,9.99409e-01,9.99999e-01
4.382981469e+00,0.00000e+00,0.00000e+00,9.99420e-01,9.99999e-01
4.404896376e+00,0.00000e+00,0.00000e+00,9.99432e-01,9.99999e-01
4.426920858e+00,0.00000e+00,0.00000e+00,9.99443e-01,9.99999e-01
4.449055462e+00,0.00000e+00,0.00000e+00,9.99454e-01,9.99999e-01
4.471300739e+00,0.00000e+00,0.00000e+00,9.99465e-01,9.99999e-01
4.493657243e+00,0.00000e+00,0.00000e+00,9.99475e-01,9.99999e-01
4.516125529e+00,0.00000e+00,0.00000e+00,9.99486e-01,9.99999e-01
4.538706157e+00,0.00000e+00,0.00000e+00,9.99496e-01,9.99999e-01
4.561399688e+00,0.00000e+00,0.00000e+00,9.99506e-01,9.99999e-01
4.584206686e+00,0.00000e+00,0.00000e+00,9.99515e-01,9.99999e-01
4.607127720e+00,0.00000e+00,0.00000e+00,9.99525e-01,9.99999e-01
4.630163358e+00,0.00000e+00,0.00000e+00,9.99534e-01,9.99999e-01
4.653314175e+00,0.00000e+00,0.00000e+00,9.99543e-01,9.99999e-01
4.676580746e+00,0.00000e+00,0.00000e+00,9.99552e-01,9.99999e-01
4.699963650e+00,0.00000e+00,0.00000e+00,9.99561e-01,9.99999e-01
4.723463468e+00,0.00000e+00,0.00000e+00,9.99570e-01,9.99999e-01
4.747080785e+00,0.00000e+00,0.00000e+00,9.99578e-01,9.99999e-01
4.770816189e+00,0.00000e+00,0.00000e+00,9.99587e-01,9.99999e-01
4.794670270e+00,0.00000e+00,0.00000e+00,9.99595e-01,9.99999e-01
4.818643622e+00,0.00000e+00,0.00000e+00,9.99603e-01,9.99999e-01
4.842736840e+00,0.00000e+00,0.00000e+00,9.99611e-01,9.99999e-01
4.866950524e+00,0.00000e+00,0.00000e+00,9.99618e-01,9.99999e-01
4.891285276e+00,0.00000e+00,0.00000e+00,9.99626e-01,9.99999e-01
4.915741703e+00,0.00000e+00,0.00000e+00,9.99633e-01,9.99999e-01
4.940320411e+00,0.00000e+00,0.00000e+00,9.99640e-01,9.99999e-01
4.965022013e+00,0.00000e+00,0.00000e+00,9.99647e-01,9.99999e-01
4.989847123e+00,0.00000e+00,0.00000e+00,9.99654e-01,9.99999e-01
5.014796359e+00,0.00000e+00,0.00000e+00,9.99661e-01,9.99999e-01
5.039870341e+00,0.00000e+00,0.00000e+00,9.99668e-01,9.99999e-01
5.065069693e+00,0.00000e+00,0.00000e+00,9.99674e-01,9.99999e-01
5.090395041e+00,0.00000e+00,0.00000e+00,9.99681e-01,9.99999e-01
5.115847016e+00,0.00000e+00,0.00000e+00,9.99687e-01,9.99999e-01
5.141426251e+00,0.00000e+00,0.00000e+00,9.99693e-01,9.99999e-01
5.167133383e+00,0.00000e+00,0.00000e+00,9.99699e-01,9.99999e-01
5.192969049e+00,0.00000e+00,0.00000e+00,9.99705e-01,9.99999e-01
5.218933895e+00,0.00000e+00,0.00000e+00,9.99711e-01,9.99999e-01
5.245028564e+00,0.00000e+00,0.00000e+00,9.99717e-01,9.99999e-01
5.271253707e+00,0.00000e+00,0.00000e+00,9.99722e-01,9.99999e-01
5.297609976e+00,0.00000e+00,0.00000e+00,9.99728e-01,9.99999e-01
5.324098025e+00,0.00000e+00,0.00000e+00,9.99733e-01,9.99999e-01
5.350718516e+00,0.00000e+00,0.00000e+00,9.99738e-01,9.99999e-01
5.377472108e+00,0.00000e+00,0.00000e+00,9.99744e-01,9.99999e-01
5.404359469e+00,0.00000e+00,0.00000e+00,9.99749e-01,9.99999e-01
5.431381266e+00,6.17772e-310,6.17923e-310,9.99754e-01,9.99999e-01
5.458538172e+00,3.76672e-226,3.76762e-226,9.99758e-01,9.99999e-01
5.485830863e+00,3.71584e-145,3.71671e-145,9.99763e-01,9.99999e-01
5.513260018e+00,3.73234e-107,3.73320e-107,9.99768e-01,9.99999e-01
5.540826318e+00,1.58643e-71,1.58679e-71,9.99772e-01,9.99999e-01
5.568530449e+00,2.32655e-54,2.36279e-54,9.99777e-01,9.84878e-01
5.596373101e+00,1.61288e-40,1.65022e-40,9.99781e-01,9.77583e-01
5.624354967e+00,1.05299e-35,1.08579e-35,9.99786e-01,9.70001e-01
5.652476742e+00,1.35896e-30,1.41502e-30,9.99790e-01,9.60577e-01
5.680739126e+00,2.02154e-27,2.13242e-27,9.99794e-01,9.48197e-01
5.709142821e+00,1.09682e-25,1.17830e-25,9.99798e-01,9.31032e-01
5.737688535e+00,2.05947e-26,2.26742e-26,9.99802e-01,9.08465e-01
5.766376978e+00,5.31603e-24,6.03557e-24,9.99806e-01,8.80952e-01
5.795208863e+00,1.04555e-17,1.23663e-17,9.99810e-01,8.45639e-01
5.824184907e+00,8.60656e-13,1.07412e-12,9.99813e-01,8.01411e-01
5.853305832e+00,4.22351e-13,5.66130e-13,9.99817e-01,7.46166e-01
5.882572361e+00,2.02933e-15,2.98783e-15,9.99821e-01,6.79320e-01
5.911985223e+00,1.66982e-13,2.78505e-13,9.99824e-01,5.99671e-01
5.941545149e+00,4.94950e-08,9.72561e-08,9.99828e-01,5.09001e-01
5.971252874e+00,2.80360e-05,6.84949e-05,9.99831e-01,4.09383e-01
6.001109139e+00,2.87222e-04,9.34281e-04,9.99834e-01,3.07476e-01
6.031114685e+00,6.72317e-05,3.11510e-04,9.99838e-01,2.15860e-01
6.061270258e+00,1.65457e-06,1.21460e-05,9.99841e-01,1.36245e-01
6.091576609e+00,1.06516e-08,1.48740e-07,9.99844e-01,7.16232e-02
6.122034492e+00,2.28713e-11,7.43191e-10,9.99847e-01,3.07791e-02
6.152644665e+00,1.27129e-14,1.17323e-12,9.99850e-01,1.08374e-02
6.183407888e+00,4.71023e-17,1.68702e-14,9.99853e-01,2.79245e-03
6.214324928e+00,1.78406e-18,3.71317e-15,9.99856e-01,4.80536e-04
6.245396552e+00,1.28397e-16,2.61401e-12,9.99859e-01,4.91257e-05
6.276623535e+00,3.09245e-16,1.19928e-10,9.99861e-01,2.57894e-06
6.308006653e+00,8.70487e-19,1.49875e-11,9.99864e-01,5.80889e-08
6.339546686e+00,1.32671e-24,2.91070e-15,9.99867e-01,4.55865e-10
6.371244419e+00,4.26551e-29,2.77747e-17,9.99869e-01,1.53595e-12
6.403100641e+00,1.08417e-27,8.08977e-13,9.99872e-01,1.34034e-15
6.435116145e+00,1.27439e-25,9.37489e-07,9.99874e-01,1.35953e-19
6.467291725e+00,1.56462e-29,8.70924e-04,9.99877e-01,1.79673e-26
6.499628184e+00,8.74767e-35,4.50686e-02,9.99879e-01,1.94120e-33
6.532126325e+00,5.27029e-42,1.77910e-01,9.99882e-01,2.96267e-41
6.564786956e+00,3.08003e-53,3.01676e-01,9.99884e-01,1.02109e-52
6.597610891e+00,1.01350e-64,3.75013e-01,9.99886e-01,2.70287e-64
6.630598946e+00,4.79730e-81,4.25764e-01,9.99888e-01,1.12687e-80
6.663751940e+00,2.26776e-98,4.26247e-01,9.99891e-01,5.32087e-98
6.697070700e+00,9.05199e-121,3.36728e-01,9.99893e-01,2.68850e-120
6.730556054e+00,2.54698e-144,2.15558e-01,9.99895e-01,1.18170e-143
6.764208834e+00,7.00770e-173,9.42858e-02,9.99897e-01,7.43315e-172
6.798029878e+00,1.29305e-211,2.79004e-02,9.99899e-01,4.63499e-210
6.832020027e+00,4.44718e-257,3.68038e-03,9.99901e-01,1.20846e-254
6.866180128e+00,1.07672e-316,1.86425e-04,9.99903e-01,5.77620e-313
6.900511028e+00,0.00000e+00,2.26488e-06,9.99905e-01,0.00000e+00
6.935013583e+00,0.00000e+00,1.06817e-09,9.99907e-01,0.00000e+00
6.969688651e+00,0.00000e+00,1.19824e-13,9.99908e-01,0.00000e+00
7.004537095e+00,0.00000e+00,1.34803e-20,9.99910e-01,0.00000e+00
7.039559780e+00,0.00000e+00,1.99057e-26,9.99912e-01,0.00000e+00
7.074757579e+00,0.00000e+00,1.17811e-35,9.99914e-01,0.00000e+00
7.110131367e+00,0.00000e+00,1.68064e-41,9.99915e-01,0.00000e+00
7.145682024e+00,0.00000e+00,4.44392e-49,9.99917e-01,0.00000e+00
7.181410434e+00,0.00000e+00,1.24605e-53,9.99919e-01,0.00000e+00
7.217317486e+00,0.00000e+00,4.22637e-56,9.99920e-01,0.00000e+00
7.253404073e+00,0.00000e+00,1.35907e-55,9.99922e-01,0.00000e+00
7.289671094e+00,0.00000e+00,2.39608e-44,9.99923e-01,0.00000e+00
7.326119449e+00,0.00000e+00,1.63774e-41,9.99925e-01,0.00000e+00
7.362750046e+00,0.00000e+00,2.51051e-45,9.99926e-01,0.00000e+00
7.399563797e+00,0.00000e+00,3.52755e-45,9.99928e-01,0.00000e+00
7.436561616e+00,0.00000e+00,8.21302e-38,9.99929e-01,0.00000e+00
7.473744424e+00,0.00000e+00,2.05183e-25,9.99931e-01,0.00000e+00
7.511113146e+00,0.00000e+00,3.64344e-18,9.99932e-01,0.00000e+00
7.548668712e+00,0.00000e+00,1.14310e-11,9.99933e-01,0.00000e+00
7.586412055e+00,0.00000e+00,2.22184e-09,9.99935e-01,0.00000e+00
7.624344115e+00,0.00000e+00,5.34276e-09,9.99936e-01,0.00000e+00
7.662465836e+00,0.00000e+00,1.26139e-10,9.99937e-01,0.00000e+00
7.700778165e+00,0.00000e+00,2.62993e-14,9.99938e-01,0.00000e+00
7.739282056e+00,0.00000e+00,1.25233e-22,9.99939e-01,0.00000e+00
7.777978466e+00,0.00000e+00,5.28296e-30,9.99941e-01,0.00000e+00
7.816868359e+00,0.00000e+00,7.77019e-40,9.99942e-01,0.00000e+00
7.855952700e+00,0.00000e+00,6.65155e-41,9.99943e-01,0.00000e+00
7.895232464e+00,0.00000e+00,1.43351e-34,9.99944e-01,0.00000e+00
7.934708626e+00,0.00000e+00,1.86453e-31,9.99945e-01,0.00000e+00
7.974382169e+00,0.00000e+00,5.82749e-35,9.99946e-01,0.00000e+00
8.014254080e+00,0.00000e+00,5.09276e-42,9.99947e-01,0.00000e+00
8.054325351e+00,0.00000e+00,1.54065e-42,9.99948e-01,0.00000e+00
8.094596977e+00,0.00000e+00,4.24930e-41,9.99949e-01,4.27097e-295
8.135069962e+00,3.71694e-263,2.83214e-37,9.99950e-01,1.31247e-226
8.175745312e+00,1.50857e-207,3.04674e-31,9.99951e-01,4.95166e-177
8.216624039e+00,2.57736e-164,5.28727e-27,9.99952e-01,4.87488e-138
8.257707159e+00,7.85768e-129,8.57455e-22,9.99953e-01,9.16436e-108
8.298995695e+00,2.87224e-101,2.10347e-19,9.99954e-01,1.36554e-82
8.340490673e+00,1.11366e-79,7.91453e-18,9.99955e-01,1.40717e-62
8.382193126e+00,2.29249e-63,1.01912e-16,9.99956e-01,2.24957e-47
8.424104092e+00,2.00530e-49,4.30252e-14,9.99957e-01,4.66096e-36
8.466224613e+00,5.49939e-38,3.70271e-11,9.99957e-01,1.48529e-27
8.508555736e+00,2.09616e-26,3.29063e-07,9.99958e-01,6.37036e-20
8.551098514e+00,2.55632e-19,4.57180e-05,9.99959e-01,5.59171e-15
8.593854007e+00,7.16930e-16,1.08663e-04,9.99960e-01,6.59797e-12
8.636823277e+00,5.93476e-14,1.98525e-05,9.99961e-01,2.98955e-09
8.680007393e+00,1.35805e-12,4.01367e-06,9.99961e-01,3.38369e-07
8.723407430e+00,1.70126e-11,1.71232e-06,9.99962e-01,9.93580e-06
8.767024467e+00,8.04671e-12,5.93276e-08,9.99963e-01,1.35636e-04
8.810859590e+00,1.98465e-26,1.61843e-23,9.99964e-01,1.22633e-03
8.854913888e+00,7.17490e-80,1.24296e-77,9.99964e-01,5.77263e-03
8.899188457e+00,0.00000e+00,0.00000e+00,9.99965e-01,1.89082e-02
8.943684399e+00,0.00000e+00,0.00000e+00,9.99966e-01,5.09207e-02
8.988402821e+00,0.00000e+00,0.00000e+00,9.99966e-01,1.01831e-01
9.033344836e+00,0.00000e+00,0.00000e+00,9.99967e-01,1.72698e-01
9.078511560e+00,0.00000e+00,0.00000e+00,9.99968e-01,2.60001e-01
9.123904118e+00,0.00000e+00,0.00000e+00,9.99968e-01,3.55185e-01
9.169523638e+00,0.00000e+00,0.00000e+00,9.99969e-01,4.52157e-01
9.215371256e+00,0.00000e+00,0.00000e+00,9.99969e-01,5.35761e-01
9.261448113e+00,0.00000e+00,0.00000e+00,9.99970e-01,6.19071e-01
9.307755353e+00,0.00000e+00,0.00000e+00,9.99971e-01,6.92345e-01
9.354294130e+00,0.00000e+00,0.00000e+00,9.99971e-01,7.48953e-01
9.401065601e+00,0.00000e+00,0.00000e+00,9.99972e-01,8.00810e-01
9.448070929e+00,0.00000e+00,0.00000e+00,9.99972e-01,8.43379e-01
9.495311283e+00,0.00000e+00,0.00000e+00,9.99973e-01,8.74647e-01
9.542787840e+00,0.00000e+00,0.00000e+00,9.99973e-01,9.02222e-01
9.590501779e+00,0.00000e+00,0.00000e+00,9.99974e-01,9.24143e-01
9.638454288e+00,0.00000e+00,0.00000e+00,9.99974e-01,9.39858e-01
9.686646559e+00,0.00000e+00,0.00000e+00,9.99975e-01,9.52406e-01
9.735079792e+00,0.00000e+00,0.00000e+00,9.99975e-01,9.62385e-01
9.783755191e+00,0.00000e+00,0.00000e+00,9.99976e-01,9.70303e-01
9.832673967e+00,0.00000e+00,0.00000e+00,9.99976e-01,9.76576e-01
9.881837337e+00,0.00000e+00,0.00000e+00,9.99977e-01,9.81534e-01
9.931246523e+00,0.00000e+00,0.00000e+00,9.99977e-01,9.85455e-01
9.980902756e+00,0.00000e+00,0.00000e+00,9.99977e-01,9.99999e-01
1.003080727e+01,0.00000e+00,0.00000e+00,9.99978e-01,9.99999e-01
1.008096131e+01,0.00000e+00,0.00000e+00,9.99978e-01,9.99999e-01
1.013136611e+01,0.00000e+00,0.00000e+00,9.99979e-01,9.99999e-01
1.018202294e+01,0.00000e+00,0.00000e+00,9.99979e-01,9.99999e-01
1.023293306e+01,0.00000e+00,0.00000e+00,9.99980e-01,9.99999e-01
1.028409772e+01,0.00000e+00,0.00000e+00,9.99980e-01,9.99999e-01
1.033551821e+01,0.00000e+00,0.00000e+00,9.99980e-01,9.99999e-01
1.038719580e+01,0.00000e+00,0.00000e+00,9.99981e-01,9.99999e-01
1.043913178e+01,0.00000e+00,0.00000e+00,9.99981e-01,9.99999e-01
1.049132744e+01,0.00000e+00,0.00000e+00,9.99981e-01,9.99999e-01
1.054378408e+01,0.00000e+00,0.00000e+00,9.99982e-01,9.99999e-01
1.059650300e+01,0.00000e+00,0.00000e+00,9.99982e-01,9.99999e-01
1.064948551e+01,0.00000e+00,0.00000e+00,9.99982e-01,9.99999e-01
1.070273294e+01,0.00000e+00,0.00000e+00,9.99983e-01,9.99999e-01
1.075624661e+01,0.00000e+00,0.00000e+00,9.99983e-01,9.99999e-01
1.081002784e+01,0.00000e+00,0.00000e+00,9.99983e-01,9.99999e-01
1.086407798e+01,0.00000e+00,0.00000e+00,9.99984e-01,9.99999e-01
1.091839837e+01,0.00000e+00,0.00000e+00,9.99984e-01,9.99999e-01
1.097299036e+01,0.00000e+00,0.00000e+00,9.99984e-01,9.99999e-01
1.102785531e+01,0.00000e+00,0.00000e+00,9.99985e-01,9.99999e-01
1.108299459e+01,0.00000e+00,0.00000e+00,9.99985e-01,9.99999e-01
1.113840956e+01,0.00000e+00,0.00000e+00,9.99985e-01,9.99999e-01
1.119410161e+01,0.00000e+00,0.00000e+00,9.99985e-01,9.99999e-01
1.125007212e+01,0.00000e+00,0.00000e+00,9.99986e-01,9.99999e-01
1.130632248e+01,0.00000e+00,0.00000e+00,9.99986e-01,9.99999e-01
1.136285409e+01,0.00000e+00,0.00000e+00,9.99986e-01,9.99999e-01
1.141966836e+01,0.00000e+00,0.00000e+00,9.99986e-01,9.99999e-01
1.147676670e+01,0.00000e+00,0.00000e+00,9.99987e-01,9.99999e-01
1.153415054e+01,0.00000e+00,0.00000e+00,9.99987e-01,9.99999e-01
1.159182129e+01,0.00000e+00,0.00000e+00,9.99987e-01,9.99999e-01
1.164978039e+01,0.00000e+00,0.00000e+00,9.99987e-01,9.99999e-01
1.170802930e+01,0.00000e+00,0.00000e+00,9.99988e-01,9.99999e-01
1.176656944e+01,0.00000e+00,0.00000e+00,9.99988e-01,9.99999e-01
1.182540229e+01,0.00000e+00,0.00000e+00,9.99988e-01,9.99999e-01
1.188452930e+01,0.00000e+00,0.00000e+00,9.99988e-01,9.99999e-01
1.194395195e+01,0.00000e+00,0.00000e+00,9.99989e-01,9.99999e-01
1.200367171e+01,0.00000e+00,0.00000e+00,9.99989e-01,9.99999e-01
1.206369007e+01,0.00000e+00,0.00000e+00,9.99989e-01,9.99999e-01
1.212400852e+01,0.00000e+00,0.00000e+00,9.99989e-01,9.99999e-01
1.218462856e+01,0.00000e+00,0.00000e+00,9.99989e-01,9.99999e-01
1.224555170e+01,0.00000e+00,0.00000e+00,9.99989e-01,9.99999e-01
1.230677946e+01,0.00000e+00,0.00000e+00,9.99990e-01,9.99999e-01
1.236831336e+01,0.00000e+00,0.00000e+00,9.99990e-01,9.99999e-01
1.243015492e+01,0.00000e+00,0.00000e+00,9.99990e-01,9.99999e-01
1.249230570e+01,0.00000e+00,0.00000e+00,9.99990e-01,9.99999e-01
1.255476723e+01,0.00000e+00,0.00000e+00,9.99990e-01,9.99999e-01
1.261754106e+01,0.00000e+00,0.00000e+00,9.99991e-01,9.99999e-01
1.268062877e+01,0.00000e+00,0.00000e+00,9.99991e-01,9.99999e-01
1.274403191e+01,0.00000e+00,0.00000e+00,9.99991e-01,9.99999e-01
1.280775207e+01,0.00000e+00,0.00000e+00,9.99991e-01,9.99999e-01
1.287179083e+01,0.00000e+00,0.00000e+00,9.99991e-01,9.99999e-01
1.293614979e+01,0.00000e+00,0.00000e+00,9.99991e-01,9.99999e-01
1.300083054e+01,0.00000e+00,0.00000e+00,9.99992e-01,9.99999e-01
1.306583469e+01,0.00000e+00,0.00000e+00,9.99992e-01,9.99999e-01
1.313116386e+01,0.00000e+00,0.00000e+00,9.99992e-01,9.99999e-01
1.319681968e+01,0.00000e+00,0.00000e+00,9.99992e-01,9.99999e-01
1.326280378e+01,0.00000e+00,0.00000e+00,9.99992e-01,9.99999e-01
1.332911780e+01,0.00000e+00,0.00000e+00,9.99992e-01,9.99999e-01
1.339576339e+01,0.00000e+00,0.00000e+00,9.99992e-01,9.96227e-01
1.346274221e+01,0.00000e+00,0.00000e+00,9.99992e-01,9.95839e-01
1.353005592e+01,0.00000e+00,0.00000e+00,9.99993e-01,9.95469e-01
1.359770620e+01,0.00000e+00,0.00000e+00,9.99993e-01,9.95064e-01
1.366569473e+01,0.00000e+00,0.00000e+00,9.99993e-01,9.94557e-01
1.373402320e+01,0.00000e+00,0.00000e+00,9.99993e-01,9.94073e-01
1.380269332e+01,0.00000e+00,0.00000e+00,9.99993e-01,9.93543e-01
1.387170678e+01,0.00000e+00,0.00000e+00,9.99993e-01,9.92882e-01
1.394106532e+01,0.00000e+00,0.00000e+00,9.99993e-01,9.92249e-01
1.401077064e+01,0.00000e+00,0.00000e+00,9.99993e-01,9.91558e-01
1.408082450e+01,0.00000e+00,0.00000e+00,9.99994e-01,9.90808e-01
1.415122862e+01,0.00000e+00,0.00000e+00,9.99994e-01,9.89989e-01
1.422198476e+01,0.00000e+00,0.00000e+00,9.99994e-01,9.89103e-01
1.429309469e+01,0.00000e+00,0.00000e+00,9.99994e-01,9.88132e-01
1.436456016e+01,0.00000e+00,0.00000e+00,9.99994e-01,9.87081e-01
1.443638296e+01,0.00000e+00,0.00000e+00,9.99994e-01,9.85933e-01
1.450856487e+01,0.00000e+00,0.00000e+00,9.99994e-01,9.84687e-01
1.458110770e+01,0.00000e+00,0.00000e+00,9.99994e-01,9.83329e-01
1.465401324e+01,0.00000e+00,0.00000e+00,9.99994e-01,9.81857e-01
1.472728330e+01,0.00000e+00,0.00000e+00,9.99994e-01,9.80490e-01
1.480091972e+01,0.00000e+00,0.00000e+00,9.99995e-01,9.78765e-01
1.487492432e+01,0.00000e+00,0.00000e+00,9.99995e-01,9.76895e-01
1.494929894e+01,0.00000e+00,0.00000e+00,9.99995e-01,9.75163e-01
1.502404544e+01,0.00000e+00,0.00000e+00,9.99995e-01,9.72973e-01
1.509916566e+01,0.00000e+00,0.00000e+00,9.99995e-01,9.70602e-01
1.517466149e+01,0.00000e+00,0.00000e+00,9.99995e-01,9.68406e-01
1.525053480e+01,0.00000e+00,0.00000e+00,9.99995e-01,9.65630e-01
1.532678747e+01,0.00000e+00,0.00000e+00,9.99995e-01,9.62632e-01
1.540342141e+01,0.00000e+00,0.00000e+00,9.99995e-01,9.59852e-01
1.548043852e+01,0.00000e+00,0.00000e+00,9.99995e-01,9.56870e-01
1.555784071e+01,0.00000e+00,0.00000e+00,9.99995e-01,9.53112e-01
1.563562991e+01,0.00000e+00,0.00000e+00,9.99995e-01,9.49053e-01
1.571380806e+01,0.00000e+00,0.00000e+00,9.99995e-01,9.45299e-01
1.579237710e+01,0.00000e+00,0.00000e+00,9.99996e-01,9.41270e-01
1.587133899e+01,0.00000e+00,0.00000e+00,9.99996e-01,9.36960e-01
1.595069568e+01,0.00000e+00,0.00000e+00,9.99996e-01,9.32348e-01
1.603044916e+01,0.00000e+00,0.00000e+00,9.99996e-01,9.27413e-01
1.611060141e+01,0.00000e+00,0.00000e+00,9.99996e-01,9.21204e-01
1.619115441e+01,0.00000e+00,0.00000e+00,9.99996e-01,9.14516e-01
1.627211019e+01,0.00000e+00,0.00000e+00,9.99996e-01,9.08349e-01
1.635347074e+01,0.00000e+00,0.00000e+00,9.99996e-01,9.01763e-01
1.643523809e+01,0.00000e+00,0.00000e+00,9.99996e-01,8.94731e-01
1.651741428e+01,0.00000e+00,0.00000e+00,9.99996e-01,8.87224e-01
1.660000135e+01,0.00000e+00,0.00000e+00,9.99996e-01,8.79256e-01
1.668300136e+01,0.00000e+00,0.00000e+00,9.99996e-01,8.70728e-01
1.676641637e+01,0.00000e+00,0.00000e+00,9.99996e-01,8.61660e-01
1.685024845e+01,0.00000e+00,0.00000e+00,9.99996e-01,8.52008e-01
1.693449969e+01,0.00000e+00,0.00000e+00,9.99996e-01,8.41758e-01
1.701917219e+01,0.00000e+00,0.00000e+00,9.99996e-01,8.30873e-01
1.710426805e+01,0.00000e+00,0.00000e+00,9.99997e-01,8.19329e-01
1.718978939e+01,0.00000e+00,0.00000e+00,9.99997e-01,8.09193e-01
1.727573834e+01,0.00000e+00,0.00000e+00,9.99997e-01,7.98544e-01
1.736211703e+01,0.00000e+00,0.00000e+00,9.99997e-01,7.85115e-01
1.744892761e+01,0.00000e+00,0.00000e+00,9.99997e-01,7.70895e-01
1.753617225e+01,0.00000e+00,0.00000e+00,9.99997e-01,7.55915e-01
1.762385311e+01,0.00000e+00,0.00000e+00,9.99997e-01,7.40140e-01
1.771197238e+01,0.00000e+00,0.00000e+00,9.99997e-01,7.23539e-01
1.780053224e+01,0.00000e+00,0.00000e+00,9.99997e-01,7.09094e-01
1.788953490e+01,0.00000e+00,0.00000e+00,9.99997e-01,6.94046e-01
1.797898258e+01,0.00000e+00,0.00000e+00,9.99997e-01,6.75204e-01
1.806887749e+01,0.00000e+00,0.00000e+00,9.99997e-01,6.55528e-01
1.815922188e+01,0.00000e+00,0.00000e+00,9.99997e-01,6.38517e-01
1.825001799e+01,0.00000e+00,0.00000e+00,9.99997e-01,6.20901e-01
1.834126808e+01,0.00000e+00,0.00000e+00,9.99997e-01,5.99042e-01
1.843297442e+01,0.00000e+00,0.00000e+00,9.99997e-01,5.76417e-01
1.852513929e+01,0.00000e+00,0.00000e+00,9.99997e-01,5.57026e-01
1.861776499e+01,0.00000e+00,0.00000e+00,9.99997e-01,5.37076e-01
1.871085381e+01,0.00000e+00,0.00000e+00,9.99997e-01,5.12577e-01
1.880440808e+01,0.00000e+00,0.00000e+00,9.99997e-01,4.91756e-01
1.889843012e+01,0.00000e+00,0.00000e+00,9.99997e-01,4.70496e-01
1.899292227e+01,0.00000e+00,0.00000e+00,9.99997e-01,4.49020e-01
1.908788688e+01,0.00000e+00,0.00000e+00,9.99997e-01,4.27204e-01
1.918332632e+01,0.00000e+00,0.00000e+00,9.99997e-01,4.00820e-01
1.927924295e+01,0.00000e+00,0.00000e+00,9.99997e-01,3.78769e-01
1.937563916e+01,0.00000e+00,0.00000e+00,9.99997e-01,3.56578e-01
1.947251736e+01,0.00000e+00,0.00000e+00,9.99998e-01,3.34543e-01
1.956987994e+01,0.00000e+00,0.00000e+00,9.99998e-01,3.12573e-01
1.966772934e+01,0.00000e+00,0.00000e+00,9.99998e-01,2.90832e-01
1.976606799e+01,0.00000e+00,0.00000e+00,9.99998e-01,2.69432e-01
1.986489833e+01,0.00000e+00,0.00000e+00,9.99998e-01,2.44288e-01
1.996422282e+01,0.00000e+00,0.00000e+00,9.99998e-01,2.23991e-01
