#,Wave/freq,Total,O2,CO2,Rayleigh,CIA
4.000000000e-01,3.71312e-03,9.99999e-01,9.99999e-01,3.71312e-03,9.99999e-01
4.020000000e-01,4.14757e-03,9.99999e-01,9.99999e-01,4.14757e-03,9.99999e-01
4.040100000e-01,4.62219e-03,9.99999e-01,9.99999e-01,4.62219e-03,9.99999e-01
4.060300500e-01,5.14012e-03,9.99999e-01,9.99999e-01,5.14012e-03,9.99999e-01
4.080602003e-01,5.70410e-03,9.99999e-01,9.99999e-01,5.70410e-03,9.99999e-01
4.101005013e-01,6.31696e-03,9.99999e-01,9.99999e-01,6.31696e-03,9.99999e-01
4.121510038e-01,6.98157e-03,9.99999e-01,9.99999e-01,6.98157e-03,9.99999e-01
4.142117588e-01,7.70088e-03,9.99999e-01,9.99999e-01,7.70088e-03,9.99999e-01
4.162828176e-01,8.47787e-03,9.99999e-01,9.99999e-01,8.47787e-03,9.99999e-01
4.183642317e-01,9.31554e-03,9.99999e-01,9.99999e-01,9.31554e-03,9.99999e-01
4.204560528e-01,1.02170e-02,9.99999e-01,9.99999e-01,1.02170e-02,9.99999e-01
4.225583331e-01,1.11852e-02,9.99999e-01,9.99999e-01,1.11852e-02,9.99999e-01
4.246711247e-01,1.22232e-02,9.99999e-01,9.99999e-01,1.22232e-02,9.99999e-01
4.267944804e-01,1.33343e-02,9.99999e-01,9.99999e-01,1.33343e-02,9.99999e-01
4.289284528e-01,1.45213e-02,9.99999e-01,9.99999e-01,1.45213e-02,9.99999e-01
4.310730950e-01,1.57874e-02,9.99999e-01,9.99999e-01,1.57874e-02,9.99999e-01
4.332284605e-01,1.71356e-02,9.99999e-01,9.99999e-01,1.71356e-02,9.99999e-01
4.353946028e-01,1.85688e-02,9.99999e-01,9.99999e-01,1.85688e-02,9.99999e-01
4.375715758e-01,2.00900e-02,9.99999e-01,9.99999e-01,2.00900e-02,9.99999e-01
4.397594337e-01,2.17020e-02,9.99999e-01,9.99999e-01,2.17020e-02,9.99999e-01
4.419582309e-01,2.34076e-02,9.99999e-01,9.99999e-01,2.34076e-02,9.99999e-01
4.441680220e-01,2.52097e-02,9.99999e-01,9.99999e-01,2.52097e-02,9.99999e-01
4.463888621e-01,2.71106e-02,9.99999e-01,9.99999e-01,2.71106e-02,9.99999e-01
4.486208064e-01,2.91132e-02,9.99999e-01,9.99999e-01,2.91132e-02,9.99999e-01
4.508639105e-01,3.12196e-02,9.99999e-01,9.99999e-01,3.12196e-02,9.99999e-01
4.531182300e-01,3.34323e-02,9.99999e-01,9.99999e-01,3.34323e-02,9.99999e-01
4.553838212e-01,3.57534e-02,9.99999e-01,9.99999e-01,3.57534e-02,9.99999e-01
4.576607403e-01,3.81850e-02,9.99999e-01,9.99999e-01,3.81850e-02,9.99999e-01
4.599490440e-01,4.07290e-02,9.99999e-01,9.99999e-01,4.07290e-02,9.99999e-01
4.622487892e-01,4.33872e-02,9.99999e-01,9.99999e-01,4.33872e-02,9.99999e-01
4.645600332e-01,4.61612e-02,9.99999e-01,9.99999e-01,4.61612e-02,9.99999e-01
4.668828333e-01,4.90525e-02,9.99999e-01,9.99999e-01,4.90525e-02,9.99999e-01
4.692172475e-01,5.20624e-02,9.99999e-01,9.99999e-01,5.20624e-02,9.99999e-01
4.715633337e-01,5.51919e-02,9.99999e-01,9.99999e-01,5.51919e-02,9.99999e-01
4.739211504e-01,5.84422e-02,9.99999e-01,9.99999e-01,5.84422e-02,9.99999e-01
4.762907561e-01,6.18140e-02,9.99999e-01,9.99999e-01,6.18140e-02,9.99999e-01
4.786722099e-01,6.53079e-02,9.99999e-01,9.99999e-01,6.53079e-02,9.99999e-01
4.810655710e-01,6.89245e-02,9.99999e-01,9.99999e-01,6.89245e-02,9.99999e-01
4.834708988e-01,7.26638e-02,9.99999e-01,9.99999e-01,7.26638e-02,9.99999e-01
4.858882533e-01,7.65262e-02,9.99999e-01,9.99999e-01,7.65262e-02,9.99999e-01
4.883176946e-01,8.05114e-02,9.99999e-01,9.99999e-01,8.05114e-02,9.99999e-01
4.907592831e-01,8.46193e-02,9.99999e-01,9.99999e-01,8.46193e-02,9.99999e-01
4.932130795e-01,8.88495e-02,9.99999e-01,9.99999e-01,8.88495e-02,9.99999e-01
4.956791449e-01,9.32012e-02,9.99999e-01,9.99999e-01,9.32012e-02,9.99999e-01
4.981575406e-01,9.76738e-02,9.99999e-01,9.99999e-01,9.76738e-02,9.99999e-01
5.006483283e-01,1.02266e-01,9.99999e-01,9.99999e-01,1.02266e-01,9.99999e-01
5.031515699e-01,1.06978e-01,9.99999e-01,9.99999e-01,1.06978e-01,9.99999e-01
5.056673278e-01,1.11806e-01,9.99999e-01,9.99999e-01,1.11806e-01,9.99999e-01
5.081956644e-01,1.16751e-01,9.99999e-01,9.99999e-01,1.16751e-01,9.99999e-01
5.107366428e-01,1.21811e-01,9.99999e-01,9.99999e-01,1.21811e-01,9.99999e-01
5.132903260e-01,1.26983e-01,9.99999e-01,9.99999e-01,1.26983e-01,9.99999e-01
5.158567776e-01,1.32266e-01,9.99999e-01,9.99999e-01,1.32266e-01,9.99999e-01
5.184360615e-01,1.37658e-01,9.99999e-01,9.99999e-01,1.37658e-01,9.99999e-01
5.210282418e-01,1.43157e-01,9.99999e-01,9.99999e-01,1.43157e-01,9.99999e-01
5.236333830e-01,1.48761e-01,9.99999e-01,9.99999e-01,1.48761e-01,9.99999e-01
5.262515499e-01,1.54466e-01,9.99999e-01,9.99999e-01,1.54466e-01,9.99999e-01
5.288828077e-01,1.60271e-01,9.99999e-01,9.99999e-01,1.60271e-01,9.99999e-01
5.315272217e-01,1.66173e-01,9.99999e-01,9.99999e-01,1.66173e-01,9.99999e-01
5.341848578e-01,1.72170e-01,9.99999e-01,9.99999e-01,1.72170e-01,9.99999e-01
5.368557821e-01,1.78258e-01,9.99999e-01,9.99999e-01,1.78258e-01,9.99999e-01
5.395400610e-01,1.84435e-01,9.99999e-01,9.99999e-01,1.84435e-01,9.99999e-01
5.422377613e-01,1.90697e-01,9.99999e-01,9.99999e-01,1.90697e-01,9.99999e-01
5.449489501e-01,1.97042e-01,9.99999e-01,9.99999e-01,1.97042e-01,9.99999e-01
5.476736949e-01,2.03467e-01,9.99999e-01,9.99999e-01,2.03467e-01,9.99999e-01
5.504120634e-01,2.09968e-01,9.99999e-01,9.99999e-01,2.09968e-01,9.99999e-01
5.531641237e-01,2.16542e-01,9.99999e-01,9.99999e-01,2.16542e-01,9.99999e-01
5.559299443e-01,2.23186e-01,9.99999e-01,9.99999e-01,2.23186e-01,9.99999e-01
5.587095940e-01,2.29896e-01,9.99999e-01,9.99999e-01,2.29896e-01,9.99999e-01
5.615031420e-01,2.36670e-01,9.99999e-01,9.99999e-01,2.36670e-01,9.99999e-01
5.643106577e-01,2.43504e-01,9.99999e-01,9.99999e-01,2.43504e-01,9.99999e-01
5.671322110e-01,2.50394e-01,9.99999e-01,9.99999e-01,2.50394e-01,9.99999e-01
5.699678720e-01,2.57337e-01,9.99999e-01,9.99999e-01,2.57337e-01,9.99999e-01
5.728177114e-01,2.64330e-01,9.99999e-01,9.99999e-01,2.64330e-01,9.99999e-01
5.756818000e-01,2.71369e-01,9.99999e-01,9.99999e-01,2.71369e-01,9.99999e-01
5.785602090e-01,2.78451e-01,9.99999e-01,9.99999e-01,2.78451e-01,9.99999e-01
5.814530100e-01,2.85572e-01,9.99999e-01,9.99999e-01,2.85572e-01,9.99999e-01
5.843602750e-01,2.92730e-01,9.99999e-01,9.99999e-01,2.92730e-01,9.99999e-01
5.872820764e-01,2.99920e-01,9.99999e-01,9.99999e-01,2.99920e-01,9.99999e-01
5.902184868e-01,3.07140e-01,9.99999e-01,9.99999e-01,3.07140e-01,9.99999e-01
5.931695792e-01,3.14386e-01,9.99999e-01,9.99999e-01,3.14386e-01,9.99999e-01
5.961354271e-01,3.21654e-01,9.99999e-01,9.99999e-01,3.21654e-01,9.99999e-01
5.991161043e-01,3.28942e-01,9.99999e-01,9.99999e-01,3.28942e-01,9.99999e-01
6.021116848e-01,3.36246e-01,9.99999e-01,9.99999e-01,3.36246e-01,9.99999e-01
6.051222432e-01,3.43563e-01,9.99999e-01,9.99999e-01,3.43563e-01,9.99999e-01
6.081478544e-01,3.50891e-01,9.99999e-01,9.99999e-01,3.50891e-01,9.99999e-01
6.111885937e-01,3.58225e-01,9.99999e-01,9.99999e-01,3.58225e-01,9.99999e-01
6.142445367e-01,3.65563e-01,9.99999e-01,9.99999e-01,3.65563e-01,9.99999e-01
6.173157594e-01,3.72902e-01,9.99999e-01,9.99999e-01,3.72902e-01,9.99999e-01
6.204023382e-01,3.80239e-01,9.99999e-01,9.99999e-01,3.80239e-01,9.99999e-01
6.235043498e-01,3.87572e-01,9.99999e-01,9.99999e-01,3.87572e-01,9.99999e-01
6.266218716e-01,3.94896e-01,9.99999e-01,9.99999e-01,3.94896e-01,9.99999e-01
6.297549810e-01,4.02211e-01,9.99999e-01,9.99999e-01,4.02211e-01,9.99999e-01
6.329037559e-01,4.09512e-01,9.99999e-01,9.99999e-01,4.09512e-01,9.99999e-01
6.360682746e-01,4.16798e-01,9.99999e-01,9.99999e-01,4.16798e-01,9.99999e-01
6.392486160e-01,4.24065e-01,9.99999e-01,9.99999e-01,4.24065e-01,9.99999e-01
6.424448591e-01,4.31312e-01,9.99999e-01,9.99999e-01,4.31312e-01,9.99999e-01
6.456570834e-01,4.38536e-01,9.99999e-01,9.99999e-01,4.38536e-01,9.99999e-01
6.488853688e-01,4.45735e-01,9.99999e-01,9.99999e-01,4.45735e-01,9.99999e-01
6.521297956e-01,4.52906e-01,9.99999e-01,9.99999e-01,4.52906e-01,9.99999e-01
6.553904446e-01,4.60048e-01,9.99999e-01,9.99999e-01,4.60048e-01,9.99999e-01
6.586673968e-01,4.67158e-01,9.99999e-01,9.99999e-01,4.67158e-01,9.99999e-01
6.619607338e-01,4.74234e-01,9.99999e-01,9.99999e-01,4.74234e-01,9.99999e-01
6.652705375e-01,4.81274e-01,9.99999e-01,9.99999e-01,4.81274e-01,9.99999e-01
6.685968902e-01,4.88277e-01,9.99999e-01,9.99999e-01,4.88277e-01,9.99999e-01
6.719398746e-01,4.95240e-01,9.99999e-01,9.99999e-01,4.95240e-01,9.99999e-01
6.752995740e-01,5.02162e-01,9.99999e-01,9.99999e-01,5.02162e-01,9.99999e-01
6.786760719e-01,5.09041e-01,9.99999e-01,9.99999e-01,5.09041e-01,9.99999e-01
6.820694522e-01,5.15876e-01,9.99999e-01,9.99999e-01,5.15876e-01,9.99999e-01
6.854797995e-01,5.22665e-01,9.99999e-01,9.99999e-01,5.22665e-01,9.99999e-01
6.889071985e-01,5.29406e-01,9.99999e-01,9.99999e-01,5.29406e-01,9.99999e-01
6.923517345e-01,5.36099e-01,9.99999e-01,9.99999e-01,5.36099e-01,9.99999e-01
6.958134932e-01,5.42741e-01,9.99999e-01,9.99999e-01,5.42741e-01,9.99999e-01
6.992925606e-01,5.49332e-01,9.99999e-01,9.99999e-01,5.49332e-01,9.99999e-01
7.027890234e-01,5.55871e-01,9.99999e-01,9.99999e-01,5.55871e-01,9.99999e-01
7.063029686e-01,5.62356e-01,9.99999e-01,9.99999e-01,5.62356e-01,9.99999e-01
7.098344834e-01,5.68787e-01,9.99999e-01,9.99999e-01,5.68787e-01,9.99999e-01
7.133836558e-01,5.75161e-01,9.99999e-01,9.99999e-01,5.75161e-01,9.99999e-01
7.169505741e-01,5.81480e-01,9.99999e-01,9.99999e-01,5.81480e-01,9.99999e-01
7.205353270e-01,5.87740e-01,9.99999e-01,9.99999e-01,5.87740e-01,9.99999e-01
7.241380036e-01,5.93943e-01,9.99999e-01,9.99999e-01,5.93943e-01,9.99999e-01
7.277586936e-01,6.00086e-01,9.99999e-01,9.99999e-01,6.00086e-01,9.99999e-01
7.313974871e-01,6.06170e-01,9.99999e-01,9.99999e-01,6.06170e-01,9.99999e-01
7.350544745e-01,6.12194e-01,9.99999e-01,9.99999e-01,6.12194e-01,9.99999e-01
7.387297469e-01,6.18156e-01,9.99999e-01,9.99999e-01,6.18156e-01,9.99999e-01
7.424233956e-01,6.24057e-01,9.99999e-01,9.99999e-01,6.24057e-01,9.99999e-01
7.461355126e-01,6.29897e-01,9.99999e-01,9.99999e-01,6.29897e-01,9.99999e-01
7.498661902e-01,6.35674e-01,9.99999e-01,9.99999e-01,6.35674e-01,9.99999e-01
7.536155211e-01,6.41388e-01,9.99999e-01,9.99999e-01,6.41388e-01,9.99999e-01
7.573835987e-01,6.47039e-01,9.99999e-01,9.99999e-01,6.47039e-01,9.99999e-01
7.611705167e-01,6.52627e-01,9.99999e-01,9.99999e-01,6.52627e-01,9.99999e-01
7.649763693e-01,6.58152e-01,9.99999e-01,9.99999e-01,6.58152e-01,9.99999e-01
7.688012511e-01,6.63613e-01,9.99999e-01,9.99999e-01,6.63613e-01,9.99999e-01
7.726452574e-01,6.69009e-01,9.99999e-01,9.99999e-01,6.69009e-01,9.99999e-01
7.765084837e-01,6.74342e-01,9.99999e-01,9.99999e-01,6.74342e-01,9.99999e-01
7.803910261e-01,6.67160e-01,9.99999e-01,9.81679e-01,6.79611e-01,9.99999e-01
7.842929812e-01,6.30072e-01,9.99999e-01,9.20060e-01,6.84816e-01,9.99999e-01
7.882144461e-01,6.31280e-01,9.99999e-01,9.14956e-01,6.89956e-01,9.99999e-01
7.921555184e-01,6.60424e-01,9.99999e-01,9.50205e-01,6.95033e-01,9.99999e-01
7.961162960e-01,6.76390e-01,9.99999e-01,9.66209e-01,7.00045e-01,9.99999e-01
8.000968774e-01,6.92010e-01,9.99999e-01,9.81582e-01,7.04993e-01,9.99999e-01
8.040973618e-01,7.03050e-01,9.99999e-01,9.90380e-01,7.09878e-01,9.99999e-01
8.081178486e-01,7.11551e-01,9.99999e-01,9.95594e-01,7.14699e-01,9.99999e-01
8.121584379e-01,7.18468e-01,9.99999e-01,9.98625e-01,7.19457e-01,9.99999e-01
8.162192301e-01,7.23931e-01,9.99999e-01,9.99695e-01,7.24151e-01,9.99999e-01
8.203003262e-01,7.28779e-01,9.99999e-01,9.99994e-01,7.28782e-01,9.99999e-01
8.244018279e-01,7.33351e-01,9.99999e-01,9.99999e-01,7.33351e-01,9.99999e-01
8.285238370e-01,7.37857e-01,9.99999e-01,9.99999e-01,7.37857e-01,9.99999e-01
8.326664562e-01,7.42301e-01,9.99999e-01,9.99999e-01,7.42301e-01,9.99999e-01
8.368297885e-01,7.46684e-01,9.99999e-01,9.99999e-01,7.46684e-01,9.99999e-01
8.410139374e-01,7.51004e-01,9.99999e-01,9.99999e-01,7.51004e-01,9.99999e-01
8.452190071e-01,7.55264e-01,9.99999e-01,9.99999e-01,7.55264e-01,9.99999e-01
8.494451021e-01,7.59463e-01,9.99999e-01,9.99999e-01,7.59463e-01,9.99999e-01
8.536923276e-01,7.63602e-01,9.99999e-01,9.99999e-01,7.63602e-01,9.99999e-01
8.579607893e-01,7.67681e-01,9.99999e-01,9.99999e-01,7.67681e-01,9.99999e-01
8.622505932e-01,7.71700e-01,9.99999e-01,9.99999e-01,7.71700e-01,9.99999e-01
8.665618462e-01,7.38583e-01,9.99999e-01,9.52198e-01,7.75661e-01,9.99999e-01
8.708946554e-01,6.29754e-01,9.99999e-01,8.07830e-01,7.79562e-01,9.99999e-01
8.752491287e-01,6.60521e-01,9.99999e-01,8.43138e-01,7.83406e-01,9.99999e-01
8.796253743e-01,7.17325e-01,9.99999e-01,9.11244e-01,7.87193e-01,9.99999e-01
8.840235012e-01,7.53901e-01,9.99999e-01,9.53192e-01,7.90922e-01,9.99999e-01
8.884436187e-01,7.79682e-01,9.99999e-01,9.81231e-01,7.94595e-01,9.99999e-01
8.928858368e-01,7.92134e-01,9.99999e-01,9.92384e-01,7.98212e-01,9.99999e-01
8.973502660e-01,8.00277e-01,9.99999e-01,9.98132e-01,8.01773e-01,9.99999e-01
9.018370173e-01,8.05114e-01,9.99999e-01,9.99793e-01,8.05280e-01,9.99999e-01
9.063462024e-01,8.04591e-01,9.99999e-01,9.94878e-01,8.08732e-01,9.99999e-01
9.108779334e-01,8.02406e-01,9.99999e-01,9.88025e-01,8.12130e-01,9.99999e-01
9.154323231e-01,8.13151e-01,9.99999e-01,9.97149e-01,8.15475e-01,9.99999e-01
9.200094847e-01,7.85330e-01,9.99999e-01,9.59160e-01,8.18768e-01,9.99999e-01
9.246095321e-01,7.74918e-01,9.99999e-01,9.42712e-01,8.22008e-01,9.99999e-01
9.292325798e-01,7.88156e-01,9.99999e-01,9.55113e-01,8.25196e-01,9.99999e-01
9.338787427e-01,7.92093e-01,9.99999e-01,9.56248e-01,8.28334e-01,9.99999e-01
9.385481364e-01,8.04600e-01,9.99999e-01,9.67739e-01,8.31421e-01,9.99999e-01
9.432408771e-01,8.17837e-01,9.99999e-01,9.80080e-01,8.34459e-01,9.99999e-01
9.479570815e-01,8.28878e-01,9.99999e-01,9.89766e-01,8.37447e-01,9.99999e-01
9.526968669e-01,8.36221e-01,9.99999e-01,9.95043e-01,8.40387e-01,9.99999e-01
9.574603512e-01,8.41488e-01,9.99999e-01,9.97876e-01,8.43278e-01,9.99999e-01
9.622476530e-01,8.45561e-01,9.99999e-01,9.99336e-01,8.46122e-01,9.99999e-01
9.670588912e-01,8.48750e-01,9.99999e-01,9.99800e-01,8.48919e-01,9.99999e-01
9.718941857e-01,8.51658e-01,9.99999e-01,9.99985e-01,8.51670e-01,9.99999e-01
9.767536566e-01,8.54376e-01,9.99999e-01,9.99999e-01,8.54376e-01,9.99999e-01
9.816374249e-01,8.57036e-01,9.99999e-01,9.99999e-01,8.57036e-01,9.99999e-01
9.865456120e-01,8.59651e-01,9.99999e-01,9.99999e-01,8.59651e-01,9.99999e-01
9.914783401e-01,8.62223e-01,9.99999e-01,9.99999e-01,8.62223e-01,9.99999e-01
9.964357318e-01,8.64751e-01,9.99999e-01,9.99999e-01,8.64751e-01,9.99999e-01
1.001417910e+00,8.67237e-01,9.99999e-01,9.99999e-01,8.67237e-01,9.99999e-01
1.006425000e+00,8.69681e-01,9.99999e-01,9.99999e-01,8.69681e-01,9.99999e-01
1.011457125e+00,8.72082e-01,9.99999e-01,9.99999e-01,8.72082e-01,9.99999e-01
1.016514411e+00,8.74443e-01,9.99999e-01,9.99999e-01,8.74443e-01,9.99999e-01
1.021596983e+00,8.76742e-01,9.99999e-01,9.99975e-01,8.76764e-01,9.99999e-01
1.026704968e+00,8.77299e-01,9.99999e-01,9.98013e-01,8.79044e-01,9.99999e-01
1.031838492e+00,8.58025e-01,9.99999e-01,9.73605e-01,8.81286e-01,9.99999e-01
1.036997685e+00,2.33426e-01,9.99999e-01,2.64209e-01,8.83488e-01,9.99999e-01
1.042182673e+00,2.67232e-01,9.99999e-01,3.01734e-01,8.85653e-01,9.99999e-01
1.047393587e+00,2.58198e-01,9.99999e-01,2.90835e-01,8.87780e-01,9.99999e-01
1.052630555e+00,3.15578e-02,9.99999e-01,3.54634e-02,8.89869e-01,9.99999e-01
1.057893707e+00,6.12175e-02,9.99999e-01,6.86354e-02,8.91923e-01,9.99999e-01
1.063183176e+00,1.28027e-01,9.99999e-01,1.43216e-01,8.93940e-01,9.99999e-01
1.068499092e+00,2.43999e-01,9.99999e-01,2.72344e-01,8.95922e-01,9.99999e-01
1.073841587e+00,3.94205e-01,9.99999e-01,4.39045e-01,8.97869e-01,9.99999e-01
1.079210795e+00,5.35410e-01,9.99999e-01,5.95044e-01,8.99781e-01,9.99999e-01
1.084606849e+00,6.78704e-01,9.99999e-01,7.52727e-01,9.01660e-01,9.99999e-01
1.090029883e+00,7.80062e-01,9.99999e-01,8.63372e-01,9.03506e-01,9.99999e-01
1.095480033e+00,8.42066e-01,9.99999e-01,9.30132e-01,9.05318e-01,9.99999e-01
1.100957433e+00,8.76041e-01,9.99999e-01,9.65760e-01,9.07099e-01,9.99999e-01
1.106462220e+00,8.95838e-01,9.99999e-01,9.85685e-01,9.08848e-01,9.99999e-01
1.111994531e+00,9.05714e-01,9.99999e-01,9.94672e-01,9.10565e-01,9.99999e-01
1.117554504e+00,9.11058e-01,9.99999e-01,9.98690e-01,9.12252e-01,9.99999e-01
1.123142276e+00,9.13829e-01,9.99999e-01,9.99913e-01,9.13908e-01,9.99999e-01
1.128757988e+00,9.15535e-01,9.99999e-01,9.99999e-01,9.15535e-01,9.99999e-01
1.134401778e+00,9.17132e-01,9.99999e-01,9.99999e-01,9.17132e-01,9.99999e-01
1.140073787e+00,9.18700e-01,9.99999e-01,9.99999e-01,9.18700e-01,9.99999e-01
1.145774156e+00,9.20240e-01,9.99999e-01,9.99999e-01,9.20240e-01,9.99999e-01
1.151503026e+00,9.21752e-01,9.99999e-01,9.99999e-01,9.21752e-01,9.99999e-01
1.157260541e+00,9.23237e-01,9.99999e-01,9.99999e-01,9.23237e-01,9.99999e-01
1.163046844e+00,9.24695e-01,9.99999e-01,9.99999e-01,9.24695e-01,9.99999e-01
1.168862078e+00,9.26126e-01,9.99999e-01,9.99999e-01,9.26126e-01,9.99999e-01
1.174706389e+00,9.27531e-01,9.99999e-01,9.99999e-01,9.27531e-01,9.99999e-01
1.180579921e+00,9.28910e-01,9.99999e-01,9.99999e-01,9.28910e-01,9.99999e-01
1.186482820e+00,9.30262e-01,9.99999e-01,9.99996e-01,9.30264e-01,9.99999e-01
1.192415234e+00,9.24997e-01,9.99999e-01,9.92918e-01,9.31593e-01,9.99999e-01
1.198377311e+00,5.43265e-01,9.99999e-01,5.82341e-01,9.32898e-01,9.99999e-01
1.204369197e+00,4.22993e-07,9.99999e-01,4.52797e-07,9.34179e-01,9.99999e-01
1.210391043e+00,4.30177e-23,9.99999e-01,4.59867e-23,9.35436e-01,9.99999e-01
1.216442998e+00,3.12898e-20,9.99999e-01,3.34053e-20,9.36670e-01,9.99999e-01
1.222525213e+00,6.07061e-20,9.99999e-01,6.47268e-20,9.37881e-01,9.99999e-01
1.228637839e+00,2.29375e-15,9.99999e-01,2.44257e-15,9.39070e-01,9.99999e-01
1.234781029e+00,1.56729e-10,9.99999e-01,1.66690e-10,9.40237e-01,9.99999e-01
1.240954934e+00,3.52898e-07,9.99999e-01,3.74871e-07,9.41382e-01,9.99999e-01
1.247159708e+00,2.47485e-04,9.99999e-01,2.62582e-04,9.42506e-01,9.99999e-01
1.253395507e+00,9.56083e-03,9.99999e-01,1.01322e-02,9.43609e-01,9.99999e-01
1.259662485e+00,5.60114e-02,9.99999e-01,5.92906e-02,9.44691e-01,9.99999e-01
1.265960797e+00,2.06948e-01,9.99999e-01,2.18818e-01,9.45754e-01,9.99999e-01
1.272290601e+00,4.82438e-01,9.99999e-01,5.09547e-01,9.46796e-01,9.99999e-01
1.278652054e+00,4.51178e-01,9.99999e-01,4.76017e-01,9.47819e-01,9.99999e-01
1.285045314e+00,3.24106e-02,9.99999e-01,3.41587e-02,9.48823e-01,9.99999e-01
1.291470541e+00,2.09273e-03,9.99999e-01,2.20332e-03,9.49808e-01,9.99999e-01
1.297927893e+00,3.20383e-02,9.99999e-01,3.36970e-02,9.50774e-01,9.99999e-01
1.304417533e+00,3.06884e-01,9.99999e-01,3.22451e-01,9.51723e-01,9.99999e-01
1.310939621e+00,8.75799e-02,9.99999e-01,9.19325e-02,9.52654e-01,9.99999e-01
1.317494319e+00,2.18463e-08,9.99999e-01,2.29101e-08,9.53567e-01,9.99999e-01
1.324081790e+00,3.76906e-06,9.99999e-01,3.94888e-06,9.54463e-01,9.99999e-01
1.330702199e+00,1.24346e-03,9.99999e-01,1.30158e-03,9.55342e-01,9.99999e-01
1.337355710e+00,9.19539e-04,9.99999e-01,9.61655e-04,9.56204e-01,9.99999e-01
1.344042489e+00,3.11585e-04,9.99999e-01,3.25568e-04,9.57050e-01,9.99999e-01
1.350762701e+00,9.17244e-04,9.99999e-01,9.57576e-04,9.57881e-01,9.99999e-01
1.357516515e+00,9.88826e-03,9.99999e-01,1.03143e-02,9.58695e-01,9.99999e-01
1.364304097e+00,5.51720e-02,9.99999e-01,5.75010e-02,9.59494e-01,9.99999e-01
1.371125618e+00,2.11812e-01,9.99999e-01,2.20574e-01,9.60278e-01,9.99999e-01
1.377981246e+00,2.87636e-01,9.99999e-01,2.99294e-01,9.61047e-01,9.99999e-01
1.384871152e+00,4.76169e-01,9.99999e-01,4.95079e-01,9.61802e-01,9.99999e-01
1.391795508e+00,5.02843e-01,9.99999e-01,5.22411e-01,9.62542e-01,9.99999e-01
1.398754485e+00,6.46279e-01,9.99999e-01,6.70923e-01,9.63268e-01,9.99999e-01
1.405748258e+00,7.17807e-01,9.99999e-01,7.44628e-01,9.63980e-01,9.99999e-01
1.412776999e+00,8.00939e-01,9.99999e-01,8.30264e-01,9.64679e-01,9.99999e-01
1.419840884e+00,7.42864e-01,9.99999e-01,7.69516e-01,9.65365e-01,9.99999e-01
1.426940089e+00,9.63059e-02,9.99999e-01,9.96916e-02,9.66037e-01,9.99999e-01
1.434074789e+00,0.00000e+00,9.99999e-01,0.00000e+00,9.66696e-01,9.99999e-01
1.441245163e+00,0.00000e+00,9.99999e-01,0.00000e+00,9.67343e-01,9.99999e-01
1.448451389e+00,0.00000e+00,9.99999e-01,0.00000e+00,9.67978e-01,9.99999e-01
1.455693646e+00,3.73387e-178,9.99999e-01,3.85491e-178,9.68600e-01,9.99999e-01
1.462972114e+00,7.46011e-87,9.99999e-01,7.69708e-87,9.69211e-01,9.99999e-01
1.470286975e+00,4.62025e-37,9.99999e-01,4.76408e-37,9.69810e-01,9.99999e-01
1.477638409e+00,6.34656e-24,9.99999e-01,6.54016e-24,9.70397e-01,9.99999e-01
1.485026601e+00,5.73214e-14,9.99999e-01,5.90349e-14,9.70973e-01,9.99999e-01
1.492451734e+00,6.87154e-12,9.99999e-01,7.07284e-12,9.71538e-01,9.99999e-01
1.499913993e+00,4.22023e-06,9.99999e-01,4.34138e-06,9.72093e-01,9.99999e-01
1.507413563e+00,5.79085e-05,9.99999e-01,5.95376e-05,9.72636e-01,9.99999e-01
1.514950631e+00,2.44879e-06,9.99999e-01,2.51631e-06,9.73169e-01,9.99999e-01
1.522525384e+00,1.62994e-17,9.99999e-01,1.67398e-17,9.73692e-01,9.99999e-01
1.530138011e+00,2.49232e-39,9.99999e-01,2.55831e-39,9.74205e-01,9.99999e-01
1.537788701e+00,1.56747e-29,9.99999e-01,1.60814e-29,9.74708e-01,9.99999e-01
1.545477645e+00,1.28631e-07,9.99999e-01,1.31902e-07,9.75202e-01,9.99999e-01
1.553205033e+00,4.52178e-05,9.99999e-01,4.63446e-05,9.75685e-01,9.99999e-01
1.560971058e+00,1.24297e-05,9.99999e-01,1.27332e-05,9.76160e-01,9.99999e-01
1.568775913e+00,2.69825e-97,9.99999e-01,2.76282e-97,9.76625e-01,9.99999e-01
1.576619793e+00,1.86424e-226,9.99999e-01,1.90797e-226,9.77082e-01,9.99999e-01
1.584502892e+00,5.00630e-124,9.99999e-01,5.12138e-124,9.77529e-01,9.99999e-01
1.592425406e+00,9.26356e-87,9.99999e-01,9.47225e-87,9.77968e-01,9.99999e-01
1.600387533e+00,3.98178e-139,9.99999e-01,4.06969e-139,9.78398e-01,9.99999e-01
1.608389471e+00,5.11924e-233,9.99999e-01,5.23001e-233,9.78821e-01,9.99999e-01
1.616431418e+00,1.76360e-234,9.99999e-01,1.80099e-234,9.79235e-01,9.99999e-01
1.624513575e+00,5.74429e-110,9.99999e-01,5.86367e-110,9.79640e-01,9.99999e-01
1.632636143e+00,4.82836e-82,9.99999e-01,4.92670e-82,9.80039e-01,9.99999e-01
1.640799324e+00,1.83424e-34,9.99999e-01,1.87085e-34,9.80429e-01,9.99999e-01
1.649003321e+00,2.11828e-34,9.99999e-01,2.15972e-34,9.80812e-01,9.99999e-01
1.657248337e+00,6.64305e-27,9.99999e-01,6.77041e-27,9.81187e-01,9.99999e-01
1.665534579e+00,4.49470e-27,9.99999e-01,4.57916e-27,9.81555e-01,9.99999e-01
1.673862252e+00,8.19572e-18,9.99999e-01,8.34665e-18,9.81916e-01,9.99999e-01
1.682231563e+00,9.01008e-13,9.99999e-01,9.17270e-13,9.82270e-01,9.99999e-01
1.690642721e+00,7.90275e-08,9.99999e-01,8.04254e-08,9.82617e-01,9.99999e-01
1.699095934e+00,4.09926e-05,9.99999e-01,4.17032e-05,9.82958e-01,9.99999e-01
1.707591414e+00,4.37743e-03,9.99999e-01,4.45180e-03,9.83292e-01,9.99999e-01
1.716129371e+00,5.14829e-02,9.99999e-01,5.23402e-02,9.83619e-01,9.99999e-01
1.724710018e+00,2.03117e-01,9.99999e-01,2.06432e-01,9.83940e-01,9.99999e-01
1.733333568e+00,3.58952e-01,9.99999e-01,3.64694e-01,9.84255e-01,9.99999e-01
1.742000236e+00,5.28645e-01,9.99999e-01,5.36933e-01,9.84563e-01,9.99999e-01
1.750710237e+00,3.41728e-02,9.99999e-01,3.46979e-02,9.84866e-01,9.99999e-01
1.759463788e+00,6.40338e-17,9.99999e-01,6.49981e-17,9.85162e-01,9.99999e-01
1.768261107e+00,5.98863e-18,9.99999e-01,6.07703e-18,9.85453e-01,9.99999e-01
1.777102413e+00,7.19339e-17,9.99999e-01,7.29745e-17,9.85739e-01,9.99999e-01
1.785987925e+00,2.23705e-16,9.99999e-01,2.26877e-16,9.86018e-01,9.99999e-01
1.794917864e+00,2.11881e-15,9.99999e-01,2.14826e-15,9.86292e-01,9.99999e-01
1.803892454e+00,2.73420e-15,9.99999e-01,2.77144e-15,9.86561e-01,9.99999e-01
1.812911916e+00,1.79543e-14,9.99999e-01,1.81940e-14,9.86825e-01,9.99999e-01
1.821976476e+00,1.03981e-14,9.99999e-01,1.05341e-14,9.87084e-01,9.99999e-01
1.831086358e+00,4.06057e-12,9.99999e-01,4.11264e-12,9.87337e-01,9.99999e-01
1.840241790e+00,3.00307e-10,9.99999e-01,3.04082e-10,9.87586e-01,9.99999e-01
1.849442999e+00,2.98547e-07,9.99999e-01,3.02225e-07,9.87829e-01,9.99999e-01
1.858690214e+00,1.46389e-06,9.99999e-01,1.48157e-06,9.88068e-01,9.99999e-01
1.867983665e+00,2.45647e-07,9.99999e-01,2.48554e-07,9.88303e-01,9.99999e-01
1.877323583e+00,2.93119e-31,9.99999e-01,2.96520e-31,9.88532e-01,9.99999e-01
1.886710201e+00,1.10608e-40,9.99999e-01,1.11866e-40,9.88757e-01,9.99999e-01
1.896143752e+00,5.24998e-46,9.99999e-01,5.30848e-46,9.88978e-01,9.99999e-01
1.905624471e+00,2.40341e-53,9.99999e-01,2.42967e-53,9.89195e-01,9.99999e-01
1.915152593e+00,2.16864e-41,9.99999e-01,2.19185e-41,9.89407e-01,9.99999e-01
1.924728356e+00,1.34063e-49,9.99999e-01,1.35470e-49,9.89615e-01,9.99999e-01
1.934351998e+00,0.00000e+00,9.99999e-01,0.00000e+00,9.89819e-01,9.99999e-01
1.944023758e+00,0.00000e+00,9.99999e-01,0.00000e+00,9.90019e-01,9.99999e-01
1.953743877e+00,0.00000e+00,9.99999e-01,0.00000e+00,9.90215e-01,9.99999e-01
1.963512596e+00,0.00000e+00,9.99999e-01,0.00000e+00,9.90408e-01,9.99999e-01
1.973330159e+00,0.00000e+00,9.99999e-01,0.00000e+00,9.90596e-01,9.99999e-01
1.983196810e+00,0.00000e+00,9.99999e-01,0.00000e+00,9.90781e-01,9.99999e-01
1.993112794e+00,0.00000e+00,9.99999e-01,0.00000e+00,9.90962e-01,9.99999e-01
2.003078358e+00,0.00000e+00,9.99999e-01,0.00000e+00,9.91140e-01,9.99999e-01
2.013093750e+00,0.00000e+00,9.99999e-01,0.00000e+00,9.91314e-01,9.99999e-01
2.023159218e+00,0.00000e+00,9.99999e-01,0.00000e+00,9.91485e-01,9.99999e-01
2.033275015e+00,0.00000e+00,9.99999e-01,0.00000e+00,9.91653e-01,9.99999e-01
2.043441390e+00,0.00000e+00,9.99999e-01,0.00000e+00,9.91817e-01,9.99999e-01
2.053658597e+00,0.00000e+00,9.99999e-01,0.00000e+00,9.91978e-01,9.99999e-01
2.063926890e+00,0.00000e+00,9.99999e-01,0.00000e+00,9.92136e-01,9.99999e-01
2.074246524e+00,0.00000e+00,9.99999e-01,0.00000e+00,9.92290e-01,9.99999e-01
2.084617757e+00,0.00000e+00,9.99999e-01,0.00000e+00,9.92442e-01,9.99999e-01
2.095040845e+00,0.00000e+00,9.99999e-01,0.00000e+00,9.92591e-01,9.99999e-01
2.105516050e+00,0.00000e+00,9.99999e-01,0.00000e+00,9.92737e-01,9.99999e-01
2.116043630e+00,0.00000e+00,9.99999e-01,0.00000e+00,9.92879e-01,9.99999e-01
2.126623848e+00,0.00000e+00,9.99999e-01,0.00000e+00,9.93020e-01,9.99999e-01
2.137256967e+00,3.93530e-237,9.99999e-01,3.96241e-237,9.93157e-01,9.99999e-01
2.147943252e+00,1.59537e-111,9.99999e-01,1.60614e-111,9.93292e-01,9.99999e-01
2.158682968e+00,1.32243e-67,9.99999e-01,1.33118e-67,9.93424e-01,9.99999e-01
2.169476383e+00,1.24059e-33,9.99999e-01,1.24864e-33,9.93553e-01,9.99999e-01
2.180323765e+00,1.49233e-21,9.99999e-01,1.50182e-21,9.93680e-01,9.99999e-01
2.191225384e+00,9.53768e-12,9.99999e-01,9.59713e-12,9.93805e-01,9.99999e-01
2.202181511e+00,6.47173e-08,9.99999e-01,6.51127e-08,9.93927e-01,9.99999e-01
2.213192418e+00,9.64391e-05,9.99999e-01,9.70166e-05,9.94046e-01,9.99999e-01
2.224258381e+00,4.08984e-03,9.99999e-01,4.11385e-03,9.94163e-01,9.99999e-01
2.235379672e+00,3.03574e-02,9.99999e-01,3.05321e-02,9.94278e-01,9.99999e-01
2.246556571e+00,8.98208e-02,9.99999e-01,9.03273e-02,9.94391e-01,9.99999e-01
2.257789354e+00,2.32287e-01,9.99999e-01,2.33571e-01,9.94501e-01,9.99999e-01
2.269078300e+00,2.77300e-01,9.99999e-01,2.78803e-01,9.94610e-01,9.99999e-01
2.280423692e+00,2.86408e-01,9.99999e-01,2.87929e-01,9.94716e-01,9.99999e-01
2.291825810e+00,4.41865e-01,9.99999e-01,4.44165e-01,9.94820e-01,9.99999e-01
2.303284939e+00,5.25283e-01,9.99999e-01,5.27963e-01,9.94922e-01,9.99999e-01
2.314801364e+00,5.62790e-01,9.99999e-01,5.65605e-01,9.95022e-01,9.99999e-01
2.326375371e+00,6.81086e-01,9.99999e-01,6.84425e-01,9.95120e-01,9.99999e-01
2.338007248e+00,6.59960e-01,9.99999e-01,6.63132e-01,9.95216e-01,9.99999e-01
2.349697284e+00,6.95308e-01,9.99999e-01,6.98583e-01,9.95311e-01,9.99999e-01
2.361445770e+00,7.48241e-01,9.99999e-01,7.51696e-01,9.95403e-01,9.99999e-01
2.373252999e+00,7.67339e-01,9.99999e-01,7.70812e-01,9.95494e-01,9.99999e-01
2.385119264e+00,8.87322e-01,9.99999e-01,8.91258e-01,9.95582e-01,9.99999e-01
2.397044861e+00,9.50253e-01,9.99999e-01,9.54385e-01,9.95669e-01,9.99999e-01
2.409030085e+00,9.17886e-01,9.99999e-01,9.21798e-01,9.95755e-01,9.99999e-01
2.421075235e+00,8.62189e-01,9.99999e-01,8.65791e-01,9.95838e-01,9.99999e-01
2.433180612e+00,4.52499e-01,9.99999e-01,4.54353e-01,9.95920e-01,9.99999e-01
2.445346515e+00,6.81117e-01,9.99999e-01,6.83851e-01,9.96001e-01,9.99999e-01
2.457573247e+00,9.87063e-02,9.99999e-01,9.90946e-02,9.96080e-01,9.99999e-01
2.469861113e+00,8.35742e-06,9.99999e-01,8.38966e-06,9.96157e-01,9.99999e-01
2.482210419e+00,8.87313e-16,9.99999e-01,8.90667e-16,9.96233e-01,9.99999e-01
2.494621471e+00,8.69043e-31,9.99999e-01,8.72263e-31,9.96307e-01,9.99999e-01
2.507094578e+00,8.38095e-30,9.99999e-01,8.41140e-30,9.96380e-01,9.99999e-01
2.519630051e+00,1.44744e-39,9.99999e-01,1.45259e-39,9.96451e-01,9.99999e-01
2.532228202e+00,3.10547e-50,9.99999e-01,3.11631e-50,9.96521e-01,9.99999e-01
2.544889343e+00,9.63272e-52,9.99999e-01,9.66568e-52,9.96590e-01,9.99999e-01
2.557613789e+00,1.98534e-61,9.99999e-01,1.99199e-61,9.96657e-01,9.99999e-01
2.570401858e+00,1.22586e-122,9.99999e-01,1.22989e-122,9.96723e-01,9.99999e-01
2.583253867e+00,7.43699e-273,9.99999e-01,7.46095e-273,9.96787e-01,9.99999e-01
2.596170137e+00,0.00000e+00,9.99999e-01,0.00000e+00,9.96851e-01,9.99999e-01
2.609150988e+00,0.00000e+00,9.99999e-01,0.00000e+00,9.96913e-01,9.99999e-01
2.622196742e+00,0.00000e+00,9.99999e-01,0.00000e+00,9.96974e-01,9.99999e-01
2.635307726e+00,0.00000e+00,9.99999e-01,0.00000e+00,9.97033e-01,9.99999e-01
2.648484265e+00,0.00000e+00,9.99999e-01,0.00000e+00,9.97092e-01,9.99999e-01
2.661726686e+00,0.00000e+00,9.99999e-01,0.00000e+00,9.97149e-01,9.99999e-01
2.675035320e+00,0.00000e+00,9.99999e-01,0.00000e+00,9.97205e-01,9.99999e-01
2.688410496e+00,0.00000e+00,9.99999e-01,0.00000e+00,9.97260e-01,9.99999e-01
2.701852549e+00,0.00000e+00,9.99999e-01,0.00000e+00,9.97314e-01,9.99999e-01
2.715361811e+00,0.00000e+00,9.99999e-01,0.00000e+00,9.97367e-01,9.99999e-01
2.728938620e+00,0.00000e+00,9.99999e-01,0.00000e+00,9.97419e-01,9.99999e-01
2.742583314e+00,0.00000e+00,9.99999e-01,0.00000e+00,9.97470e-01,9.99999e-01
2.756296230e+00,0.00000e+00,9.99999e-01,0.00000e+00,9.97520e-01,9.99999e-01
2.770077711e+00,0.00000e+00,9.99999e-01,0.00000e+00,9.97569e-01,9.99999e-01
2.783928100e+00,0.00000e+00,9.99999e-01,0.00000e+00,9.97617e-01,9.99999e-01
2.797847740e+00,0.00000e+00,9.99999e-01,0.00000e+00,9.97664e-01,9.99999e-01
2.811836979e+00,0.00000e+00,9.99999e-01,0.00000e+00,9.97710e-01,9.99999e-01
2.825896164e+00,0.00000e+00,9.99999e-01,0.00000e+00,9.97755e-01,9.99999e-01
2.840025645e+00,0.00000e+00,9.99999e-01,0.00000e+00,9.97799e-01,9.99999e-01
2.854225773e+00,0.00000e+00,9.99999e-01,0.00000e+00,9.97843e-01,9.99999e-01
2.868496902e+00,0.00000e+00,9.99999e-01,0.00000e+00,9.97885e-01,9.99999e-01
2.882839386e+00,0.00000e+00,9.99999e-01,0.00000e+00,9.97927e-01,9.99999e-01
2.897253583e+00,0.00000e+00,9.99999e-01,0.00000e+00,9.97968e-01,9.99999e-01
2.911739851e+00,0.00000e+00,9.99999e-01,0.00000e+00,9.98008e-01,9.99999e-01
2.926298550e+00,0.00000e+00,9.99999e-01,0.00000e+00,9.98047e-01,9.99999e-01
2.940930043e+00,0.00000e+00,9.99999e-01,0.00000e+00,9.98086e-01,9.99999e-01
2.955634693e+00,0.00000e+00,9.99999e-01,0.00000e+00,9.98124e-01,9.99999e-01
2.970412867e+00,3.05724e-289,9.99999e-01,3.06287e-289,9.98161e-01,9.99999e-01
2.985264931e+00,7.06282e-185,9.99999e-01,7.07557e-185,9.98197e-01,9.99999e-01
3.000191256e+00,1.01078e-144,9.99999e-01,1.01257e-144,9.98232e-01,9.99999e-01
3.015192212e+00,2.52646e-154,9.99999e-01,2.53084e-154,9.98267e-01,9.99999e-01
3.030268173e+00,6.77387e-125,9.99999e-01,6.78539e-125,9.98302e-01,9.99999e-01
3.045419514e+00,1.28144e-76,9.99999e-01,1.28358e-76,9.98335e-01,9.99999e-01
3.060646612e+00,6.13735e-36,9.99999e-01,6.14738e-36,9.98368e-01,9.99999e-01
3.075949845e+00,8.90264e-29,9.99999e-01,1.75334e-28,9.98400e-01,5.08565e-01
3.091329594e+00,8.71207e-28,9.99999e-01,4.27616e-27,9.98432e-01,2.04056e-01
3.106786242e+00,5.39615e-29,9.99999e-01,4.35770e-27,9.98463e-01,1.24021e-02
3.122320173e+00,1.08006e-24,9.99999e-01,2.08916e-19,9.98493e-01,5.17761e-06
3.137931774e+00,6.22472e-21,9.99999e-01,2.23088e-18,9.98523e-01,2.79437e-03
3.153621433e+00,3.42063e-20,9.99999e-01,1.51340e-19,9.98552e-01,2.26351e-01
3.169389540e+00,2.08726e-28,9.99999e-01,8.45755e-26,9.98580e-01,2.47143e-03
3.185236488e+00,3.13755e-25,9.99999e-01,5.87194e-21,9.98608e-01,5.35074e-05
3.201162670e+00,3.10916e-24,9.99999e-01,1.01405e-16,9.98636e-01,3.07025e-08
3.217168483e+00,1.88653e-26,9.99999e-01,1.35622e-15,9.98663e-01,1.39288e-11
3.233254326e+00,2.52307e-30,9.99999e-01,6.89929e-14,9.98689e-01,3.66179e-17
3.249420598e+00,1.46533e-35,9.99999e-01,1.37654e-08,9.98715e-01,1.06587e-27
3.265667701e+00,1.75819e-50,9.99999e-01,5.36641e-07,9.98740e-01,3.28041e-44
3.281996039e+00,5.32630e-74,9.99999e-01,1.21230e-05,9.98765e-01,4.39897e-69
3.298406019e+00,2.99660e-103,9.99999e-01,1.23082e-04,9.98789e-01,2.43759e-99
3.314898049e+00,1.18529e-143,9.99999e-01,1.87508e-04,9.98813e-01,6.32878e-140
3.331472540e+00,1.33987e-118,9.99999e-01,2.43639e-04,9.98837e-01,5.50578e-115
3.348129902e+00,3.18484e-86,9.99999e-01,1.28621e-03,9.98860e-01,2.47897e-83
3.364870552e+00,1.37933e-59,9.99999e-01,2.13843e-03,9.98882e-01,6.45744e-57
3.381694905e+00,9.67057e-38,9.99999e-01,3.66079e-03,9.98904e-01,2.64455e-35
3.398603379e+00,3.50704e-23,9.99999e-01,1.71542e-02,9.98926e-01,2.04662e-21
3.415596396e+00,2.41014e-14,9.99999e-01,2.45433e-02,9.98947e-01,9.83029e-13
3.432674378e+00,5.97396e-10,9.99999e-01,1.01279e-02,9.98968e-01,5.90462e-08
3.449837750e+00,3.12048e-07,9.99999e-01,5.69645e-04,9.98988e-01,5.48348e-04
3.467086939e+00,1.63070e-06,9.99999e-01,6.35153e-06,9.99008e-01,2.56995e-01
3.484422373e+00,4.95436e-08,9.99999e-01,6.10479e-08,9.99028e-01,8.12342e-01
3.501844485e+00,7.46259e-11,9.99999e-01,1.31060e-10,9.99047e-01,5.69946e-01
3.519353708e+00,7.70091e-13,9.99999e-01,7.71059e-13,9.99066e-01,9.99677e-01
3.536950476e+00,6.67472e-15,9.99999e-01,6.68708e-15,9.99084e-01,9.99064e-01
3.554635228e+00,1.76212e-15,9.99999e-01,1.76744e-15,9.99102e-01,9.97887e-01
3.572408405e+00,1.35644e-12,9.99999e-01,1.36253e-12,9.99120e-01,9.96402e-01
3.590270447e+00,4.69866e-12,9.99999e-01,4.71248e-12,9.99137e-01,9.97925e-01
3.608221799e+00,4.59857e-09,9.99999e-01,4.60729e-09,9.99154e-01,9.98952e-01
3.626262908e+00,2.18876e-05,9.99999e-01,2.19104e-05,9.99171e-01,9.99786e-01
3.644394222e+00,2.67598e-04,9.99999e-01,2.67838e-04,9.99187e-01,9.99915e-01
3.662616193e+00,9.82515e-03,9.99999e-01,9.83750e-03,9.99203e-01,9.99539e-01
3.680929274e+00,1.25372e-01,9.99999e-01,1.25764e-01,9.99219e-01,9.97659e-01
3.699333921e+00,4.11866e-01,9.99999e-01,4.14350e-01,9.99234e-01,9.94764e-01
3.717830590e+00,3.14169e-01,9.99999e-01,3.17734e-01,9.99249e-01,9.89520e-01
3.736419743e+00,2.95636e-02,9.99999e-01,3.00720e-02,9.99264e-01,9.83814e-01
3.755101842e+00,4.79080e-05,9.99999e-01,4.86468e-05,9.99279e-01,9.85521e-01
3.773877351e+00,2.73417e-10,9.99999e-01,2.75923e-10,9.99293e-01,9.91619e-01
3.792746738e+00,1.78427e-23,9.99999e-01,1.79146e-23,9.99307e-01,9.96674e-01
3.811710472e+00,8.74926e-16,9.99999e-01,8.76825e-16,9.99321e-01,9.98511e-01
3.830769024e+00,2.05295e-15,9.99999e-01,2.05549e-15,9.99334e-01,9.99427e-01
3.849922869e+00,2.80690e-21,9.99999e-01,2.80912e-21,9.99347e-01,9.99861e-01
3.869172484e+00,1.03288e-13,9.99999e-01,1.03481e-13,9.99360e-01,9.98766e-01
3.888518346e+00,8.58513e-07,9.99999e-01,8.61618e-07,9.99373e-01,9.97020e-01
3.907960938e+00,8.28669e-05,9.99999e-01,8.33502e-05,9.99385e-01,9.94812e-01
3.927500742e+00,5.66293e-05,9.99999e-01,5.70237e-05,9.99397e-01,9.93681e-01
3.947138246e+00,2.92612e-07,9.99999e-01,2.93814e-07,9.99409e-01,9.96497e-01
3.966873937e+00,8.99527e-11,9.99999e-01,9.00721e-11,9.99421e-01,9.99251e-01
3.986708307e+00,7.31467e-16,9.99999e-01,7.31882e-16,9.99432e-01,9.99999e-01
4.006641849e+00,7.27093e-28,9.99999e-01,7.27497e-28,9.99443e-01,9.99999e-01
4.026675058e+00,6.74092e-134,9.99999e-01,6.74459e-134,9.99454e-01,9.99999e-01
4.046808433e+00,1.15086e-260,9.99999e-01,1.15148e-260,9.99465e-01,9.99999e-01
4.067042475e+00,0.00000e+00,9.99999e-01,0.00000e+00,9.99476e-01,9.99999e-01
4.087377688e+00,0.00000e+00,9.99999e-01,0.00000e+00,9.99486e-01,9.99999e-01
4.107814576e+00,0.00000e+00,9.99999e-01,0.00000e+00,9.99496e-01,9.99999e-01
4.128353649e+00,0.00000e+00,9.99999e-01,0.00000e+00,9.99506e-01,9.99999e-01
4.148995417e+00,0.00000e+00,9.99999e-01,0.00000e+00,9.99516e-01,9.99999e-01
4.169740394e+00,0.00000e+00,9.99999e-01,0.00000e+00,9.99525e-01,9.99999e-01
4.190589096e+00,0.00000e+00,9.99999e-01,0.00000e+00,9.99535e-01,9.99999e-01
4.211542042e+00,0.00000e+00,9.99999e-01,0.00000e+00,9.99544e-01,9.99999e-01
4.232599752e+00,0.00000e+00,9.99999e-01,0.00000e+00,9.99553e-01,9.99999e-01
4.253762751e+00,0.00000e+00,9.99999e-01,0.00000e+00,9.99562e-01,9.99999e-01
4.275031564e+00,0.00000e+00,9.99999e-01,0.00000e+00,9.99570e-01,9.99999e-01
4.296406722e+00,0.00000e+00,9.99999e-01,0.00000e+00,9.99579e-01,9.99999e-01
4.317888756e+00,0.00000e+00,9.99999e-01,0.00000e+00,9.99587e-01,9.99999e-01
4.339478200e+00,0.00000e+00,9.99999e-01,0.00000e+00,9.99595e-01,9.99999e-01
4.361175591e+00,0.00000e+00,9.99999e-01,0.00000e+00,9.99603e-01,9.99999e-01
4.382981469e+00,0.00000e+00,9.99999e-01,0.00000e+00,9.99611e-01,9.99999e-01
4.404896376e+00,0.00000e+00,9.99999e-01,0.00000e+00,9.99619e-01,9.99999e-01
4.426920858e+00,0.00000e+00,9.99999e-01,0.00000e+00,9.99626e-01,9.99999e-01
4.449055462e+00,0.00000e+00,9.99999e-01,0.00000e+00,9.99633e-01,9.99999e-01
4.471300739e+00,0.00000e+00,9.99999e-01,0.00000e+00,9.99641e-01,9.99999e-01
4.493657243e+00,0.00000e+00,9.99999e-01,0.00000e+00,9.99648e-01,9.99999e-01
4.516125529e+00,0.00000e+00,9.99999e-01,0.00000e+00,9.99655e-01,9.99999e-01
4.538706157e+00,0.00000e+00,9.99999e-01,0.00000e+00,9.99661e-01,9.99999e-01
4.561399688e+00,0.00000e+00,9.99999e-01,0.00000e+00,9.99668e-01,9.99999e-01
4.584206686e+00,0.00000e+00,9.99999e-01,0.00000e+00,9.99675e-01,9.99999e-01
4.607127720e+00,0.00000e+00,9.99999e-01,0.00000e+00,9.99681e-01,9.99999e-01
4.630163358e+00,0.00000e+00,9.99999e-01,0.00000e+00,9.99687e-01,9.99999e-01
4.653314175e+00,0.00000e+00,9.99999e-01,0.00000e+00,9.99694e-01,9.99999e-01
4.676580746e+00,0.00000e+00,9.99999e-01,0.00000e+00,9.99700e-01,9.99999e-01
4.699963650e+00,0.00000e+00,9.99999e-01,0.00000e+00,9.99705e-01,9.99999e-01
4.723463468e+00,0.00000e+00,9.99999e-01,0.00000e+00,9.99711e-01,9.99999e-01
4.747080785e+00,0.00000e+00,9.99999e-01,0.00000e+00,9.99717e-01,9.99999e-01
4.770816189e+00,0.00000e+00,9.99999e-01,0.00000e+00,9.99723e-01,9.99999e-01
4.794670270e+00,0.00000e+00,9.99999e-01,0.00000e+00,9.99728e-01,9.99999e-01
4.818643622e+00,0.00000e+00,9.99999e-01,0.00000e+00,9.99733e-01,9.99999e-01
4.842736840e+00,0.00000e+00,9.99999e-01,0.00000e+00,9.99739e-01,9.99999e-01
4.866950524e+00,0.00000e+00,9.99999e-01,0.00000e+00,9.99744e-01,9.99999e-01
4.891285276e+00,0.00000e+00,9.99999e-01,0.00000e+00,9.99749e-01,9.99999e-01
4.915741703e+00,0.00000e+00,9.99999e-01,0.00000e+00,9.99754e-01,9.99999e-01
4.940320411e+00,0.00000e+00,9.99999e-01,0.00000e+00,9.99759e-01,9.99999e-01
4.965022013e+00,0.00000e+00,9.99999e-01,0.00000e+00,9.99763e-01,9.99999e-01
4.989847123e+00,0.00000e+00,9.99999e-01,0.00000e+00,9.99768e-01,9.99999e-01
5.014796359e+00,1.37102e-318,9.99999e-01,1.37133e-318,9.99773e-01,9.99999e-01
5.039870341e+00,1.57868e-310,9.99999e-01,1.57903e-310,9.99777e-01,9.99999e-01
5.065069693e+00,3.64947e-313,9.99999e-01,3.65026e-313,9.99781e-01,9.99999e-01
5.090395041e+00,4.40168e-303,9.99999e-01,4.40262e-303,9.99786e-01,9.99999e-01
5.115847016e+00,2.02916e-259,9.99999e-01,2.02959e-259,9.99790e-01,9.99999e-01
5.141426251e+00,1.17627e-258,9.99999e-01,1.17652e-258,9.99794e-01,9.99999e-01
5.167133383e+00,1.34966e-303,9.99999e-01,1.34993e-303,9.99798e-01,9.99999e-01
5.192969049e+00,0.00000e+00,9.99999e-01,0.00000e+00,9.99802e-01,9.99999e-01
5.218933895e+00,0.00000e+00,9.99999e-01,0.00000e+00,9.99806e-01,9.99999e-01
5.245028564e+00,0.00000e+00,9.99999e-01,0.00000e+00,9.99810e-01,9.99999e-01
5.271253707e+00,0.00000e+00,9.99999e-01,0.00000e+00,9.99813e-01,9.99999e-01
5.297609976e+00,0.00000e+00,9.99999e-01,0.00000e+00,9.99817e-01,9.99999e-01
5.324098025e+00,0.00000e+00,9.99999e-01,0.00000e+00,9.99821e-01,9.99999e-01
5.350718516e+00,0.00000e+00,9.99999e-01,0.00000e+00,9.99824e-01,9.99999e-01
5.377472108e+00,0.00000e+00,9.99999e-01,0.00000e+00,9.99828e-01,9.99999e-01
5.404359469e+00,9.88131e-324,9.99999e-01,9.88131e-324,9.99831e-01,9.99999e-01
5.431381266e+00,1.37140e-208,9.99999e-01,1.37162e-208,9.99834e-01,9.99999e-01
5.458538172e+00,2.11332e-152,9.99999e-01,2.11366e-152,9.99838e-01,9.99999e-01
5.485830863e+00,4.37575e-98,9.99999e-01,4.37644e-98,9.99841e-01,9.99999e-01
5.513260018e+00,1.37202e-72,9.99999e-01,1.37223e-72,9.99844e-01,9.99999e-01
5.540826318e+00,1.05252e-48,9.99999e-01,1.05268e-48,9.99847e-01,9.99999e-01
5.568530449e+00,4.12499e-37,9.99999e-01,4.16798e-37,9.99850e-01,9.89833e-01
5.596373101e+00,7.49814e-28,9.99999e-01,7.61412e-28,9.99853e-01,9.84910e-01
5.624354967e+00,1.97944e-24,9.99999e-01,2.02058e-24,9.99856e-01,9.79781e-01
5.652476742e+00,4.73842e-21,9.99999e-01,4.86865e-21,9.99859e-01,9.73387e-01
5.680739126e+00,8.49491e-19,9.99999e-01,8.80462e-19,9.99861e-01,9.64956e-01
5.709142821e+00,1.65061e-17,9.99999e-01,1.73187e-17,9.99864e-01,9.53206e-01
5.737688535e+00,5.52236e-18,9.99999e-01,5.89035e-18,9.99867e-01,9.37650e-01
5.766376978e+00,1.04508e-16,9.99999e-01,1.13795e-16,9.99869e-01,9.18510e-01
5.795208863e+00,2.06109e-12,9.99999e-01,2.30666e-12,9.99872e-01,8.93653e-01
5.824184907e+00,6.45222e-09,9.99999e-01,7.48582e-09,9.99875e-01,8.62032e-01
5.853305832e+00,3.73032e-09,9.99999e-01,4.54022e-09,9.99877e-01,8.21715e-01
5.882572361e+00,1.00508e-10,9.99999e-01,1.30276e-10,9.99879e-01,7.71589e-01
5.911985223e+00,1.75698e-09,9.99999e-01,2.47602e-09,9.99882e-01,7.09683e-01
5.941545149e+00,6.42285e-06,9.99999e-01,1.01032e-05,9.99884e-01,6.35799e-01
5.971252874e+00,6.95068e-04,9.99999e-01,1.26529e-03,9.99886e-01,5.49398e-01
6.001109139e+00,4.17096e-03,9.99999e-01,9.19954e-03,9.99889e-01,4.53437e-01
6.031114685e+00,1.46219e-03,9.99999e-01,4.08854e-03,9.99891e-01,3.57670e-01
6.061270258e+00,1.07570e-04,9.99999e-01,4.09522e-04,9.99893e-01,2.62700e-01
6.091576609e+00,3.49412e-06,9.99999e-01,2.04741e-05,9.99895e-01,1.70678e-01
6.122034492e+00,4.19508e-08,9.99999e-01,4.33100e-07,9.99897e-01,9.68716e-02
6.152644665e+00,3.66668e-10,9.99999e-01,7.62311e-09,9.99899e-01,4.81042e-02
6.183407888e+00,9.40662e-12,9.99999e-01,4.85563e-10,9.99901e-01,1.93745e-02
6.214324928e+00,1.16152e-12,9.99999e-01,1.95147e-10,9.99903e-01,5.95256e-03
6.245396552e+00,1.23648e-11,9.99999e-01,9.58774e-09,9.99905e-01,1.28977e-03
6.276623535e+00,3.73297e-11,9.99999e-01,2.08874e-07,9.99907e-01,1.78735e-04
6.308006653e+00,5.08650e-13,9.99999e-01,3.62236e-08,9.99909e-01,1.40432e-05
6.339546686e+00,5.35612e-17,9.99999e-01,9.84569e-11,9.99910e-01,5.44054e-07
6.371244419e+00,5.83756e-20,9.99999e-01,4.88318e-12,9.99912e-01,1.19555e-08
6.403100641e+00,4.61621e-19,9.99999e-01,4.34798e-09,9.99914e-01,1.06178e-10
6.435116145e+00,9.54976e-18,9.99999e-01,4.28871e-05,9.99915e-01,2.22690e-13
6.467291725e+00,3.65549e-20,9.99999e-01,6.73599e-03,9.99917e-01,5.42723e-18
6.499628184e+00,1.37690e-23,9.99999e-01,1.19169e-01,9.99919e-01,1.15551e-22
6.532126325e+00,2.06922e-28,9.99999e-01,3.12521e-01,9.99920e-01,6.62155e-28
6.564786956e+00,6.09430e-36,9.99999e-01,4.47757e-01,9.99922e-01,1.36118e-35
6.597610891e+00,1.21439e-43,9.99999e-01,5.18068e-01,9.99923e-01,2.34425e-43
6.630598946e+00,1.36982e-54,9.99999e-01,5.64144e-01,9.99925e-01,2.42832e-54
6.663751940e+00,3.29342e-66,9.99999e-01,5.64205e-01,9.99926e-01,5.83769e-66
6.697070700e+00,3.12960e-81,9.99999e-01,4.80513e-01,9.99928e-01,6.51349e-81
6.730556054e+00,5.02067e-97,9.99999e-01,3.55319e-01,9.99929e-01,1.41310e-96
6.764208834e+00,3.48745e-116,9.99999e-01,2.01697e-01,9.99931e-01,1.72917e-115
6.798029878e+00,3.63851e-142,9.99999e-01,8.79386e-02,9.99932e-01,4.13783e-141
6.832020027e+00,1.11349e-172,9.99999e-01,2.13145e-02,9.99933e-01,5.22445e-171
6.866180128e+00,1.10277e-212,9.99999e-01,2.72485e-03,9.99935e-01,4.04735e-210
6.900511028e+00,2.16243e-259,9.99999e-01,1.03418e-04,9.99936e-01,2.09109e-255
6.935013583e+00,0.00000e+00,9.99999e-01,6.04952e-07,9.99937e-01,4.62248e-320
6.969688651e+00,0.00000e+00,9.99999e-01,8.36699e-10,9.99938e-01,0.00000e+00
7.004537095e+00,0.00000e+00,9.99999e-01,2.36372e-14,9.99939e-01,0.00000e+00
7.039559780e+00,0.00000e+00,9.99999e-01,2.00183e-18,9.99941e-01,0.00000e+00
7.074757579e+00,0.00000e+00,9.99999e-01,1.87185e-24,9.99942e-01,0.00000e+00
7.110131367e+00,0.00000e+00,9.99999e-01,1.59874e-28,9.99943e-01,0.00000e+00
7.145682024e+00,0.00000e+00,9.99999e-01,2.01393e-33,9.99944e-01,0.00000e+00
7.181410434e+00,0.00000e+00,9.99999e-01,1.56392e-36,9.99945e-01,0.00000e+00
7.217317486e+00,0.00000e+00,9.99999e-01,3.82782e-38,9.99946e-01,0.00000e+00
7.253404073e+00,0.00000e+00,9.99999e-01,5.09316e-38,9.99947e-01,0.00000e+00
7.289671094e+00,0.00000e+00,9.99999e-01,2.10518e-30,9.99948e-01,0.00000e+00
7.326119449e+00,0.00000e+00,9.99999e-01,3.04745e-28,9.99949e-01,0.00000e+00
7.362750046e+00,0.00000e+00,9.99999e-01,6.21382e-31,9.99950e-01,0.00000e+00
7.399563797e+00,0.00000e+00,9.99999e-01,5.31915e-31,9.99951e-01,0.00000e+00
7.436561616e+00,0.00000e+00,9.99999e-01,5.52950e-26,9.99952e-01,0.00000e+00
7.473744424e+00,0.00000e+00,9.99999e-01,8.81235e-18,9.99953e-01,0.00000e+00
7.511113146e+00,0.00000e+00,9.99999e-01,9.11678e-13,9.99954e-01,0.00000e+00
7.548668712e+00,0.00000e+00,9.99999e-01,2.03643e-08,9.99955e-01,0.00000e+00
7.586412055e+00,0.00000e+00,9.99999e-01,1.35556e-06,9.99956e-01,0.00000e+00
7.624344115e+00,0.00000e+00,9.99999e-01,2.69889e-06,9.99957e-01,0.00000e+00
7.662465836e+00,0.00000e+00,9.99999e-01,1.55633e-07,9.99957e-01,0.00000e+00
7.700778165e+00,0.00000e+00,9.99999e-01,3.06898e-10,9.99958e-01,0.00000e+00
7.739282056e+00,0.00000e+00,9.99999e-01,9.51401e-16,9.99959e-01,0.00000e+00
7.777978466e+00,0.00000e+00,9.99999e-01,7.79495e-21,9.99960e-01,0.00000e+00
7.816868359e+00,0.00000e+00,9.99999e-01,3.00933e-27,9.99961e-01,0.00000e+00
7.855952700e+00,0.00000e+00,9.99999e-01,4.17834e-28,9.99961e-01,0.00000e+00
7.895232464e+00,0.00000e+00,9.99999e-01,8.24902e-24,9.99962e-01,0.00000e+00
7.934708626e+00,0.00000e+00,9.99999e-01,1.87389e-21,9.99963e-01,0.00000e+00
7.974382169e+00,0.00000e+00,9.99999e-01,4.81377e-24,9.99964e-01,0.00000e+00
8.014254080e+00,0.00000e+00,9.99999e-01,8.18364e-29,9.99964e-01,3.95253e-323
8.054325351e+00,1.38737e-284,9.99999e-01,6.89557e-29,9.99965e-01,2.01205e-256
8.094596977e+00,1.87709e-225,9.99999e-01,4.82086e-28,9.99966e-01,3.89382e-198
8.135069962e+00,5.39673e-177,9.99999e-01,1.63207e-25,9.99966e-01,3.30678e-152
8.175745312e+00,7.52629e-140,9.99999e-01,1.28873e-21,9.99967e-01,5.84026e-119
8.216624039e+00,1.07574e-110,9.99999e-01,1.30532e-18,9.99968e-01,8.24145e-93
8.257707159e+00,5.85971e-87,9.99999e-01,3.54395e-15,9.99968e-01,1.65349e-72
8.298995695e+00,3.03875e-68,9.99999e-01,2.41374e-13,9.99969e-01,1.25898e-55
8.340490673e+00,1.05367e-53,9.99999e-01,3.17382e-12,9.99969e-01,3.31997e-42
8.382193126e+00,8.86309e-43,9.99999e-01,1.70038e-11,9.99970e-01,5.21258e-32
8.424104092e+00,1.32894e-33,9.99999e-01,6.56890e-10,9.99971e-01,2.02313e-24
8.466224613e+00,6.63631e-26,9.99999e-01,6.50756e-08,9.99971e-01,1.01981e-18
8.508555736e+00,3.38914e-18,9.99999e-01,2.53038e-05,9.99972e-01,1.33942e-13
8.551098514e+00,2.96085e-13,9.99999e-01,1.07001e-03,9.99972e-01,2.76719e-10
8.593854007e+00,6.79862e-11,9.99999e-01,2.13965e-03,9.99973e-01,3.17753e-08
8.636823277e+00,1.28984e-09,9.99999e-01,6.71680e-04,9.99973e-01,1.92036e-06
8.680007393e+00,1.04834e-08,9.99999e-01,2.28993e-04,9.99974e-01,4.57814e-05
8.723407430e+00,5.62505e-08,9.99999e-01,1.27381e-04,9.99974e-01,4.41602e-04
8.767024467e+00,1.74446e-08,9.99999e-01,6.84497e-06,9.99975e-01,2.54859e-03
8.810859590e+00,1.87457e-18,9.99999e-01,1.68015e-16,9.99975e-01,1.11575e-02
8.854913888e+00,2.64696e-54,9.99999e-01,8.39503e-53,9.99976e-01,3.15308e-02
8.899188457e+00,7.03447e-266,9.99999e-01,1.00682e-264,9.99976e-01,6.98698e-02
8.943684399e+00,0.00000e+00,9.99999e-01,0.00000e+00,9.99977e-01,1.35775e-01
8.988402821e+00,0.00000e+00,9.99999e-01,0.00000e+00,9.99977e-01,2.16105e-01
9.033344836e+00,0.00000e+00,9.99999e-01,0.00000e+00,9.99977e-01,3.07971e-01
9.078511560e+00,0.00000e+00,9.99999e-01,0.00000e+00,9.99978e-01,4.05202e-01
9.123904118e+00,0.00000e+00,9.99999e-01,0.00000e+00,9.99978e-01,4.99489e-01
9.169523638e+00,0.00000e+00,9.99999e-01,0.00000e+00,9.99979e-01,5.87260e-01
9.215371256e+00,0.00000e+00,9.99999e-01,0.00000e+00,9.99979e-01,6.58026e-01
9.261448113e+00,0.00000e+00,9.99999e-01,0.00000e+00,9.99980e-01,7.24998e-01
9.307755353e+00,0.00000e+00,9.99999e-01,0.00000e+00,9.99980e-01,7.81479e-01
9.354294130e+00,0.00000e+00,9.99999e-01,0.00000e+00,9.99980e-01,8.27407e-01
9.401065601e+00,0.00000e+00,9.99999e-01,0.00000e+00,9.99981e-01,8.64787e-01
9.448070929e+00,0.00000e+00,9.99999e-01,0.00000e+00,9.99981e-01,8.92050e-01
9.495311283e+00,0.00000e+00,9.99999e-01,0.00000e+00,9.99981e-01,9.14096e-01
9.542787840e+00,0.00000e+00,9.99999e-01,0.00000e+00,9.99982e-01,9.33324e-01
9.590501779e+00,0.00000e+00,9.99999e-01,0.00000e+00,9.99982e-01,9.48470e-01
9.638454288e+00,0.00000e+00,9.99999e-01,0.00000e+00,9.99982e-01,9.59257e-01
9.686646559e+00,0.00000e+00,9.99999e-01,0.00000e+00,9.99983e-01,9.67827e-01
9.735079792e+00,0.00000e+00,9.99999e-01,0.00000e+00,9.99983e-01,9.74615e-01
9.783755191e+00,0.00000e+00,9.99999e-01,0.00000e+00,9.99983e-01,9.79985e-01
9.832673967e+00,0.00000e+00,9.99999e-01,0.00000e+00,9.99984e-01,9.84230e-01
9.881837337e+00,0.00000e+00,9.99999e-01,0.00000e+00,9.99984e-01,9.87578e-01
9.931246523e+00,0.00000e+00,9.99999e-01,0.00000e+00,9.99984e-01,9.90222e-01
9.980902756e+00,0.00000e+00,9.99999e-01,0.00000e+00,9.99985e-01,9.99999e-01
1.003080727e+01,0.00000e+00,9.99999e-01,0.00000e+00,9.99985e-01,9.99999e-01
1.008096131e+01,0.00000e+00,9.99999e-01,0.00000e+00,9.99985e-01,9.99999e-01
1.013136611e+01,0.00000e+00,9.99999e-01,0.00000e+00,9.99985e-01,9.99999e-01
1.018202294e+01,0.00000e+00,9.99999e-01,0.00000e+00,9.99986e-01,9.99999e-01
1.023293306e+01,0.00000e+00,9.99999e-01,0.00000e+00,9.99986e-01,9.99999e-01
1.028409772e+01,0.00000e+00,9.99999e-01,0.00000e+00,9.99986e-01,9.99999e-01
1.033551821e+01,0.00000e+00,9.99999e-01,0.00000e+00,9.99986e-01,9.99999e-01
1.038719580e+01,0.00000e+00,9.99999e-01,0.00000e+00,9.99987e-01,9.99999e-01
1.043913178e+01,0.00000e+00,9.99999e-01,0.00000e+00,9.99987e-01,9.99999e-01
1.049132744e+01,0.00000e+00,9.99999e-01,0.00000e+00,9.99987e-01,9.99999e-01
1.054378408e+01,0.00000e+00,9.99999e-01,0.00000e+00,9.99987e-01,9.99999e-01
1.059650300e+01,0.00000e+00,9.99999e-01,0.00000e+00,9.99988e-01,9.99999e-01
1.064948551e+01,0.00000e+00,9.99999e-01,0.00000e+00,9.99988e-01,9.99999e-01
1.070273294e+01,0.00000e+00,9.99999e-01,0.00000e+00,9.99988e-01,9.99999e-01
1.075624661e+01,0.00000e+00,9.99999e-01,0.00000e+00,9.99988e-01,9.99999e-01
1.081002784e+01,0.00000e+00,9.99999e-01,0.00000e+00,9.99989e-01,9.99999e-01
1.086407798e+01,0.00000e+00,9.99999e-01,0.00000e+00,9.99989e-01,9.99999e-01
1.091839837e+01,0.00000e+00,9.99999e-01,0.00000e+00,9.99989e-01,9.99999e-01
1.097299036e+01,0.00000e+00,9.99999e-01,0.00000e+00,9.99989e-01,9.99999e-01
1.102785531e+01,0.00000e+00,9.99999e-01,0.00000e+00,9.99989e-01,9.99999e-01
1.108299459e+01,0.00000e+00,9.99999e-01,0.00000e+00,9.99990e-01,9.99999e-01
1.113840956e+01,0.00000e+00,9.99999e-01,0.00000e+00,9.99990e-01,9.99999e-01
1.119410161e+01,0.00000e+00,9.99999e-01,0.00000e+00,9.99990e-01,9.99999e-01
1.125007212e+01,0.00000e+00,9.99999e-01,0.00000e+00,9.99990e-01,9.99999e-01
1.130632248e+01,0.00000e+00,9.99999e-01,0.00000e+00,9.99990e-01,9.99999e-01
1.136285409e+01,0.00000e+00,9.99999e-01,0.00000e+00,9.99990e-01,9.99999e-01
1.141966836e+01,0.00000e+00,9.99999e-01,0.00000e+00,9.99991e-01,9.99999e-01
1.147676670e+01,0.00000e+00,9.99999e-01,0.00000e+00,9.99991e-01,9.99999e-01
1.153415054e+01,0.00000e+00,9.99999e-01,0.00000e+00,9.99991e-01,9.99999e-01
1.159182129e+01,0.00000e+00,9.99999e-01,0.00000e+00,9.99991e-01,9.99999e-01
1.164978039e+01,0.00000e+00,9.99999e-01,0.00000e+00,9.99991e-01,9.99999e-01
1.170802930e+01,0.00000e+00,9.99999e-01,0.00000e+00,9.99991e-01,9.99999e-01
1.176656944e+01,0.00000e+00,9.99999e-01,0.00000e+00,9.99992e-01,9.99999e-01
1.182540229e+01,0.00000e+00,9.99999e-01,0.00000e+00,9.99992e-01,9.99999e-01
1.188452930e+01,0.00000e+00,9.99999e-01,0.00000e+00,9.99992e-01,9.99999e-01
1.194395195e+01,0.00000e+00,9.99999e-01,0.00000e+00,9.99992e-01,9.99999e-01
1.200367171e+01,0.00000e+00,9.99999e-01,0.00000e+00,9.99992e-01,9.99999e-01
1.206369007e+01,0.00000e+00,9.99999e-01,0.00000e+00,9.99992e-01,9.99999e-01
1.212400852e+01,0.00000e+00,9.99999e-01,0.00000e+00,9.99992e-01,9.99999e-01
1.218462856e+01,0.00000e+00,9.99999e-01,0.00000e+00,9.99993e-01,9.99999e-01
1.224555170e+01,0.00000e+00,9.99999e-01,0.00000e+00,9.99993e-01,9.99999e-01
1.230677946e+01,0.00000e+00,9.99999e-01,0.00000e+00,9.99993e-01,9.99999e-01
1.236831336e+01,0.00000e+00,9.99999e-01,0.00000e+00,9.99993e-01,9.99999e-01
1.243015492e+01,0.00000e+00,9.99999e-01,0.00000e+00,9.99993e-01,9.99999e-01
1.249230570e+01,0.00000e+00,9.99999e-01,0.00000e+00,9.99993e-01,9.99999e-01
1.255476723e+01,0.00000e+00,9.99999e-01,0.00000e+00,9.99993e-01,9.99999e-01
1.261754106e+01,0.00000e+00,9.99999e-01,0.00000e+00,9.99993e-01,9.99999e-01
1.268062877e+01,0.00000e+00,9.99999e-01,0.00000e+00,9.99993e-01,9.99999e-01
1.274403191e+01,0.00000e+00,9.99999e-01,0.00000e+00,9.99994e-01,9.99999e-01
1.280775207e+01,0.00000e+00,9.99999e-01,0.00000e+00,9.99994e-01,9.99999e-01
1.287179083e+01,0.00000e+00,9.99999e-01,0.00000e+00,9.99994e-01,9.99999e-01
1.293614979e+01,0.00000e+00,9.99999e-01,0.00000e+00,9.99994e-01,9.99999e-01
1.300083054e+01,0.00000e+00,9.99999e-01,0.00000e+00,9.99994e-01,9.99999e-01
1.306583469e+01,0.00000e+00,9.99999e-01,0.00000e+00,9.99994e-01,9.99999e-01
1.313116386e+01,0.00000e+00,9.99999e-01,0.00000e+00,9.99994e-01,9.99999e-01
1.319681968e+01,0.00000e+00,9.99999e-01,0.00000e+00,9.99994e-01,9.99999e-01
1.326280378e+01,0.00000e+00,9.99999e-01,0.00000e+00,9.99994e-01,9.99999e-01
1.332911780e+01,0.00000e+00,9.99999e-01,0.00000e+00,9.99994e-01,9.99999e-01
1.339576339e+01,0.00000e+00,9.99999e-01,0.00000e+00,9.99995e-01,9.97468e-01
1.346274221e+01,0.00000e+00,9.99999e-01,0.00000e+00,9.99995e-01,9.97208e-01
1.353005592e+01,0.00000e+00,9.99999e-01,0.00000e+00,9.99995e-01,9.96921e-01
1.359770620e+01,0.00000e+00,9.99999e-01,0.00000e+00,9.99995e-01,9.96646e-01
1.366569473e+01,0.00000e+00,9.99999e-01,0.00000e+00,9.99995e-01,9.96346e-01
1.373402320e+01,0.00000e+00,9.99999e-01,0.00000e+00,9.99995e-01,9.96021e-01
1.380269332e+01,0.00000e+00,9.99999e-01,0.00000e+00,9.99995e-01,9.95665e-01
1.387170678e+01,0.00000e+00,9.99999e-01,0.00000e+00,9.99995e-01,9.95221e-01
1.394106532e+01,0.00000e+00,9.99999e-01,0.00000e+00,9.99995e-01,9.94795e-01
1.401077064e+01,0.00000e+00,9.99999e-01,0.00000e+00,9.99995e-01,9.94330e-01
1.408082450e+01,0.00000e+00,9.99999e-01,0.00000e+00,9.99995e-01,9.93826e-01
1.415122862e+01,0.00000e+00,9.99999e-01,0.00000e+00,9.99995e-01,9.93275e-01
1.422198476e+01,0.00000e+00,9.99999e-01,0.00000e+00,9.99995e-01,9.92679e-01
1.429309469e+01,0.00000e+00,9.99999e-01,0.00000e+00,9.99996e-01,9.92025e-01
1.436456016e+01,0.00000e+00,9.99999e-01,0.00000e+00,9.99996e-01,9.91317e-01
1.443638296e+01,0.00000e+00,9.99999e-01,0.00000e+00,9.99996e-01,9.90544e-01
1.450856487e+01,0.00000e+00,9.99999e-01,0.00000e+00,9.99996e-01,9.89705e-01
1.458110770e+01,0.00000e+00,9.99999e-01,0.00000e+00,9.99996e-01,9.88789e-01
1.465401324e+01,0.00000e+00,9.99999e-01,0.00000e+00,9.99996e-01,9.87796e-01
1.472728330e+01,0.00000e+00,9.99999e-01,0.00000e+00,9.99996e-01,9.86874e-01
1.480091972e+01,0.00000e+00,9.99999e-01,0.00000e+00,9.99996e-01,9.85709e-01
1.487492432e+01,0.00000e+00,9.99999e-01,0.00000e+00,9.99996e-01,9.84445e-01
1.494929894e+01,0.00000e+00,9.99999e-01,0.00000e+00,9.99996e-01,9.83275e-01
1.502404544e+01,0.00000e+00,9.99999e-01,0.00000e+00,9.99996e-01,9.81793e-01
1.509916566e+01,0.00000e+00,9.99999e-01,0.00000e+00,9.99996e-01,9.80188e-01
1.517466149e+01,0.00000e+00,9.99999e-01,0.00000e+00,9.99996e-01,9.78700e-01
1.525053480e+01,0.00000e+00,9.99999e-01,0.00000e+00,9.99996e-01,9.76818e-01
1.532678747e+01,0.00000e+00,9.99999e-01,0.00000e+00,9.99996e-01,9.74783e-01
1.540342141e+01,0.00000e+00,9.99999e-01,0.00000e+00,9.99996e-01,9.72894e-01
1.548043852e+01,0.00000e+00,9.99999e-01,0.00000e+00,9.99997e-01,9.70867e-01
1.555784071e+01,0.00000e+00,9.99999e-01,0.00000e+00,9.99997e-01,9.68308e-01
1.563562991e+01,0.00000e+00,9.99999e-01,0.00000e+00,9.99997e-01,9.65540e-01
1.571380806e+01,0.00000e+00,9.99999e-01,0.00000e+00,9.99997e-01,9.62977e-01
1.579237710e+01,0.00000e+00,9.99999e-01,0.00000e+00,9.99997e-01,9.60223e-01
1.587133899e+01,0.00000e+00,9.99999e-01,0.00000e+00,9.99997e-01,9.57272e-01
1.595069568e+01,0.00000e+00,9.99999e-01,0.00000e+00,9.99997e-01,9.54110e-01
1.603044916e+01,0.00000e+00,9.99999e-01,0.00000e+00,9.99997e-01,9.50720e-01
1.611060141e+01,0.00000e+00,9.99999e-01,0.00000e+00,9.99997e-01,9.46447e-01
1.619115441e+01,0.00000e+00,9.99999e-01,0.00000e+00,9.99997e-01,9.41833e-01
1.627211019e+01,0.00000e+00,9.99999e-01,0.00000e+00,9.99997e-01,9.37570e-01
1.635347074e+01,0.00000e+00,9.99999e-01,0.00000e+00,9.99997e-01,9.33005e-01
1.643523809e+01,0.00000e+00,9.99999e-01,0.00000e+00,9.99997e-01,9.28120e-01
1.651741428e+01,0.00000e+00,9.99999e-01,0.00000e+00,9.99997e-01,9.22890e-01
1.660000135e+01,0.00000e+00,9.99999e-01,0.00000e+00,9.99997e-01,9.17324e-01
1.668300136e+01,0.00000e+00,9.99999e-01,0.00000e+00,9.99997e-01,9.11348e-01
1.676641637e+01,0.00000e+00,9.99999e-01,0.00000e+00,9.99997e-01,9.04972e-01
1.685024845e+01,0.00000e+00,9.99999e-01,0.00000e+00,9.99997e-01,8.98161e-01
1.693449969e+01,0.00000e+00,9.99999e-01,0.00000e+00,9.99997e-01,8.90900e-01
1.701917219e+01,0.00000e+00,9.99999e-01,0.00000e+00,9.99997e-01,8.83158e-01
1.710426805e+01,0.00000e+00,9.99999e-01,0.00000e+00,9.99997e-01,8.74910e-01
1.718978939e+01,0.00000e+00,9.99999e-01,0.00000e+00,9.99997e-01,8.67637e-01
1.727573834e+01,0.00000e+00,9.99999e-01,0.00000e+00,9.99997e-01,8.59963e-01
1.736211703e+01,0.00000e+00,9.99999e-01,0.00000e+00,9.99997e-01,8.50238e-01
1.744892761e+01,0.00000e+00,9.99999e-01,0.00000e+00,9.99997e-01,8.39879e-01
1.753617225e+01,0.00000e+00,9.99999e-01,0.00000e+00,9.99997e-01,8.28899e-01
1.762385311e+01,0.00000e+00,9.99999e-01,0.00000e+00,9.99998e-01,8.17259e-01
1.771197238e+01,0.00000e+00,9.99999e-01,0.00000e+00,9.99998e-01,8.04920e-01
1.780053224e+01,0.00000e+00,9.99999e-01,0.00000e+00,9.99998e-01,7.94107e-01
1.788953490e+01,0.00000e+00,9.99999e-01,0.00000e+00,9.99998e-01,7.82766e-01
1.797898258e+01,0.00000e+00,9.99999e-01,0.00000e+00,9.99998e-01,7.68450e-01
1.806887749e+01,0.00000e+00,9.99999e-01,0.00000e+00,9.99998e-01,7.53360e-01
1.815922188e+01,0.00000e+00,9.99999e-01,0.00000e+00,9.99998e-01,7.40193e-01
1.825001799e+01,0.00000e+00,9.99999e-01,0.00000e+00,9.99998e-01,7.26435e-01
1.834126808e+01,0.00000e+00,9.99999e-01,0.00000e+00,9.99998e-01,7.09184e-01
1.843297442e+01,0.00000e+00,9.99999e-01,0.00000e+00,9.99998e-01,6.91107e-01
1.852513929e+01,0.00000e+00,9.99999e-01,0.00000e+00,9.99998e-01,6.75429e-01
1.861776499e+01,0.00000e+00,9.99999e-01,0.00000e+00,9.99998e-01,6.59108e-01
1.871085381e+01,0.00000e+00,9.99999e-01,0.00000e+00,9.99998e-01,6.38791e-01
1.880440808e+01,0.00000e+00,9.99999e-01,0.00000e+00,9.99998e-01,6.21271e-01
1.889843012e+01,0.00000e+00,9.99999e-01,0.00000e+00,9.99998e-01,6.03129e-01
1.899292227e+01,0.00000e+00,9.99999e-01,0.00000e+00,9.99998e-01,5.84525e-01
1.908788688e+01,0.00000e+00,9.99999e-01,0.00000e+00,9.99998e-01,5.65323e-01
1.918332632e+01,0.00000e+00,9.99999e-01,0.00000e+00,9.99998e-01,5.41664e-01
1.927924295e+01,0.00000e+00,9.99999e-01,0.00000e+00,9.99998e-01,5.21495e-01
1.937563916e+01,0.00000e+00,9.99999e-01,0.00000e+00,9.99998e-01,5.00802e-01
1.947251736e+01,0.00000e+00,9.99999e-01,0.00000e+00,9.99998e-01,4.79831e-01
1.956987994e+01,0.00000e+00,9.99999e-01,0.00000e+00,9.99998e-01,4.58464e-01
1.966772934e+01,0.00000e+00,9.99999e-01,0.00000e+00,9.99998e-01,4.32461e-01
1.976606799e+01,0.00000e+00,9.99999e-01,0.00000e+00,9.99998e-01,4.10641e-01
1.986489833e+01,0.00000e+00,9.99999e-01,0.00000e+00,9.99998e-01,3.88611e-01
1.996422282e+01,0.00000e+00,9.99999e-01,0.00000e+00,9.99998e-01,3.66651e-01
