#,Wave/freq,Total,O2,CO2,Rayleigh,CIA
4.000000000e-01,8.80493e-07,9.99999e-01,9.99999e-01,8.80493e-07,9.99999e-01
4.020000000e-01,1.15999e-06,9.99999e-01,9.99999e-01,1.15999e-06,9.99999e-01
4.040100000e-01,1.51949e-06,9.99999e-01,9.99999e-01,1.51949e-06,9.99999e-01
4.060300500e-01,1.97981e-06,9.99999e-01,9.99999e-01,1.97981e-06,9.99999e-01
4.080602003e-01,2.56613e-06,9.99999e-01,9.99999e-01,2.56613e-06,9.99999e-01
4.101005013e-01,3.30910e-06,9.99999e-01,9.99999e-01,3.30910e-06,9.99999e-01
4.121510038e-01,4.24579e-06,9.99999e-01,9.99999e-01,4.24579e-06,9.99999e-01
4.142117588e-01,5.42088e-06,9.99999e-01,9.99999e-01,5.42088e-06,9.99999e-01
4.162828176e-01,6.88787e-06,9.99999e-01,9.99999e-01,6.88787e-06,9.99999e-01
4.183642317e-01,8.71055e-06,9.99999e-01,9.99999e-01,8.71055e-06,9.99999e-01
4.204560528e-01,1.09646e-05,9.99999e-01,9.99999e-01,1.09646e-05,9.99999e-01
4.225583331e-01,1.37393e-05,9.99999e-01,9.99999e-01,1.37393e-05,9.99999e-01
4.246711247e-01,1.71396e-05,9.99999e-01,9.99999e-01,1.71396e-05,9.99999e-01
4.267944804e-01,2.12884e-05,9.99999e-01,9.99999e-01,2.12884e-05,9.99999e-01
4.289284528e-01,2.63283e-05,9.99999e-01,9.99999e-01,2.63283e-05,9.99999e-01
4.310730950e-01,3.24251e-05,9.99999e-01,9.99999e-01,3.24251e-05,9.99999e-01
4.332284605e-01,3.97697e-05,9.99999e-01,9.99999e-01,3.97697e-05,9.99999e-01
4.353946028e-01,4.85816e-05,9.99999e-01,9.99999e-01,4.85816e-05,9.99999e-01
4.375715758e-01,5.91119e-05,9.99999e-01,9.99999e-01,5.91119e-05,9.99999e-01
4.397594337e-01,7.16464e-05,9.99999e-01,9.99999e-01,7.16464e-05,9.99999e-01
4.419582309e-01,8.65097e-05,9.99999e-01,9.99999e-01,8.65097e-05,9.99999e-01
4.441680220e-01,1.04068e-04,9.99999e-01,9.99999e-01,1.04068e-04,9.99999e-01
4.463888621e-01,1.24734e-04,9.99999e-01,9.99999e-01,1.24734e-04,9.99999e-01
4.486208064e-01,1.48970e-04,9.99999e-01,9.99999e-01,1.48970e-04,9.99999e-01
4.508639105e-01,1.77293e-04,9.99999e-01,9.99999e-01,1.77293e-04,9.99999e-01
4.531182300e-01,2.10275e-04,9.99999e-01,9.99999e-01,2.10275e-04,9.99999e-01
4.553838212e-01,2.48555e-04,9.99999e-01,9.99999e-01,2.48555e-04,9.99999e-01
4.576607403e-01,2.92834e-04,9.99999e-01,9.99999e-01,2.92834e-04,9.99999e-01
4.599490440e-01,3.43886e-04,9.99999e-01,9.99999e-01,3.43886e-04,9.99999e-01
4.622487892e-01,4.02558e-04,9.99999e-01,9.99999e-01,4.02558e-04,9.99999e-01
4.645600332e-01,4.69777e-04,9.99999e-01,9.99999e-01,4.69777e-04,9.99999e-01
4.668828333e-01,5.46550e-04,9.99999e-01,9.99999e-01,5.46550e-04,9.99999e-01
4.692172475e-01,6.33972e-04,9.99999e-01,9.99999e-01,6.33972e-04,9.99999e-01
4.715633337e-01,7.33225e-04,9.99999e-01,9.99999e-01,7.33225e-04,9.99999e-01
4.739211504e-01,8.45583e-04,9.99999e-01,9.99999e-01,8.45583e-04,9.99999e-01
4.762907561e-01,9.72417e-04,9.99999e-01,9.99999e-01,9.72417e-04,9.99999e-01
4.786722099e-01,1.11519e-03,9.99999e-01,9.99999e-01,1.11519e-03,9.99999e-01
4.810655710e-01,1.27548e-03,9.99999e-01,9.99999e-01,1.27548e-03,9.99999e-01
4.834708988e-01,1.45493e-03,9.99999e-01,9.99999e-01,1.45493e-03,9.99999e-01
4.858882533e-01,1.65532e-03,9.99999e-01,9.99999e-01,1.65532e-03,9.99999e-01
4.883176946e-01,1.87853e-03,9.99999e-01,9.99999e-01,1.87853e-03,9.99999e-01
4.907592831e-01,2.12650e-03,9.99999e-01,9.99999e-01,2.12650e-03,9.99999e-01
4.932130795e-01,2.40133e-03,9.99999e-01,9.99999e-01,2.40133e-03,9.99999e-01
4.956791449e-01,2.70517e-03,9.99999e-01,9.99999e-01,2.70517e-03,9.99999e-01
4.981575406e-01,3.04029e-03,9.99999e-01,9.99999e-01,3.04029e-03,9.99999e-01
5.006483283e-01,3.40905e-03,9.99999e-01,9.99999e-01,3.40905e-03,9.99999e-01
5.031515699e-01,3.81390e-03,9.99999e-01,9.99999e-01,3.81390e-03,9.99999e-01
5.056673278e-01,4.25739e-03,9.99999e-01,9.99999e-01,4.25739e-03,9.99999e-01
5.081956644e-01,4.74213e-03,9.99999e-01,9.99999e-01,4.74213e-03,9.99999e-01
5.107366428e-01,5.27083e-03,9.99999e-01,9.99999e-01,5.27083e-03,9.99999e-01
5.132903260e-01,5.84625e-03,9.99999e-01,9.99999e-01,5.84625e-03,9.99999e-01
5.158567776e-01,6.47124e-03,9.99999e-01,9.99999e-01,6.47124e-03,9.99999e-01
5.184360615e-01,7.14868e-03,9.99999e-01,9.99999e-01,7.14868e-03,9.99999e-01
5.210282418e-01,7.88152e-03,9.99999e-01,9.99999e-01,7.88152e-03,9.99999e-01
5.236333830e-01,8.67276e-03,9.99999e-01,9.99999e-01,8.67276e-03,9.99999e-01
5.262515499e-01,9.52541e-03,9.99999e-01,9.99999e-01,9.52541e-03,9.99999e-01
5.288828077e-01,1.04425e-02,9.99999e-01,9.99999e-01,1.04425e-02,9.99999e-01
5.315272217e-01,1.14272e-02,9.99999e-01,9.99999e-01,1.14272e-02,9.99999e-01
5.341848578e-01,1.24824e-02,9.99999e-01,9.99999e-01,1.24824e-02,9.99999e-01
5.368557821e-01,1.36114e-02,9.99999e-01,9.99999e-01,1.36114e-02,9.99999e-01
5.395400610e-01,1.48171e-02,9.99999e-01,9.99999e-01,1.48171e-02,9.99999e-01
5.422377613e-01,1.61025e-02,9.99999e-01,9.99999e-01,1.61025e-02,9.99999e-01
5.449489501e-01,1.74708e-02,9.99999e-01,9.99999e-01,1.74708e-02,9.99999e-01
5.476736949e-01,1.89248e-02,9.99999e-01,9.99999e-01,1.89248e-02,9.99999e-01
5.504120634e-01,2.04675e-02,9.99999e-01,9.99999e-01,2.04675e-02,9.99999e-01
5.531641237e-01,2.21017e-02,9.99999e-01,9.99999e-01,2.21017e-02,9.99999e-01
5.559299443e-01,2.38301e-02,9.99999e-01,9.99999e-01,2.38301e-02,9.99999e-01
5.587095940e-01,2.56556e-02,9.99999e-01,9.99999e-01,2.56556e-02,9.99999e-01
5.615031420e-01,2.75807e-02,9.99999e-01,9.99999e-01,2.75807e-02,9.99999e-01
5.643106577e-01,2.96079e-02,9.99999e-01,9.99999e-01,2.96079e-02,9.99999e-01
5.671322110e-01,3.17395e-02,9.99999e-01,9.99999e-01,3.17395e-02,9.99999e-01
5.699678720e-01,3.39780e-02,9.99999e-01,9.99999e-01,3.39780e-02,9.99999e-01
5.728177114e-01,3.63254e-02,9.99999e-01,9.99999e-01,3.63254e-02,9.99999e-01
5.756818000e-01,3.87837e-02,9.99999e-01,9.99999e-01,3.87837e-02,9.99999e-01
5.785602090e-01,4.13549e-02,9.99999e-01,9.99999e-01,4.13549e-02,9.99999e-01
5.814530100e-01,4.40407e-02,9.99999e-01,9.99999e-01,4.40407e-02,9.99999e-01
5.843602750e-01,4.68426e-02,9.99999e-01,9.99999e-01,4.68426e-02,9.99999e-01
5.872820764e-01,4.97622e-02,9.99999e-01,9.99999e-01,4.97622e-02,9.99999e-01
5.902184868e-01,5.28006e-02,9.99999e-01,9.99999e-01,5.28006e-02,9.99999e-01
5.931695792e-01,5.59590e-02,9.99999e-01,9.99999e-01,5.59590e-02,9.99999e-01
5.961354271e-01,5.92383e-02,9.99999e-01,9.99999e-01,5.92383e-02,9.99999e-01
5.991161043e-01,6.26393e-02,9.99999e-01,9.99999e-01,6.26393e-02,9.99999e-01
6.021116848e-01,6.61625e-02,9.99999e-01,9.99999e-01,6.61625e-02,9.99999e-01
6.051222432e-01,6.98084e-02,9.99999e-01,9.99999e-01,6.98084e-02,9.99999e-01
6.081478544e-01,7.35772e-02,9.99999e-01,9.99999e-01,7.35772e-02,9.99999e-01
6.111885937e-01,7.74690e-02,9.99999e-01,9.99999e-01,7.74690e-02,9.99999e-01
6.142445367e-01,8.14837e-02,9.99999e-01,9.99999e-01,8.14837e-02,9.99999e-01
6.173157594e-01,8.56209e-02,9.99999e-01,9.99999e-01,8.56209e-02,9.99999e-01
6.204023382e-01,8.98802e-02,9.99999e-01,9.99999e-01,8.98802e-02,9.99999e-01
6.235043498e-01,9.42609e-02,9.99999e-01,9.99999e-01,9.42609e-02,9.99999e-01
6.266218716e-01,9.87623e-02,9.99999e-01,9.99999e-01,9.87623e-02,9.99999e-01
6.297549810e-01,1.03383e-01,9.99999e-01,9.99999e-01,1.03383e-01,9.99999e-01
6.329037559e-01,1.08123e-01,9.99999e-01,9.99999e-01,1.08123e-01,9.99999e-01
6.360682746e-01,1.12980e-01,9.99999e-01,9.99999e-01,1.12980e-01,9.99999e-01
6.392486160e-01,1.17952e-01,9.99999e-01,9.99999e-01,1.17952e-01,9.99999e-01
6.424448591e-01,1.23039e-01,9.99999e-01,9.99999e-01,1.23039e-01,9.99999e-01
6.456570834e-01,1.28238e-01,9.99999e-01,9.99999e-01,1.28238e-01,9.99999e-01
6.488853688e-01,1.33547e-01,9.99999e-01,9.99999e-01,1.33547e-01,9.99999e-01
6.521297956e-01,1.38965e-01,9.99999e-01,9.99999e-01,1.38965e-01,9.99999e-01
6.553904446e-01,1.44489e-01,9.99999e-01,9.99999e-01,1.44489e-01,9.99999e-01
6.586673968e-01,1.50117e-01,9.99999e-01,9.99999e-01,1.50117e-01,9.99999e-01
6.619607338e-01,1.55847e-01,9.99999e-01,9.99999e-01,1.55847e-01,9.99999e-01
6.652705375e-01,1.61675e-01,9.99999e-01,9.99999e-01,1.61675e-01,9.99999e-01
6.685968902e-01,1.67601e-01,9.99999e-01,9.99999e-01,1.67601e-01,9.99999e-01
6.719398746e-01,1.73619e-01,9.99999e-01,9.99999e-01,1.73619e-01,9.99999e-01
6.752995740e-01,1.79729e-01,9.99999e-01,9.99999e-01,1.79729e-01,9.99999e-01
6.786760719e-01,1.85926e-01,9.99999e-01,9.99999e-01,1.85926e-01,9.99999e-01
6.820694522e-01,1.92209e-01,9.99999e-01,9.99999e-01,1.92209e-01,9.99999e-01
6.854797995e-01,1.98573e-01,9.99999e-01,9.99999e-01,1.98573e-01,9.99999e-01
6.889071985e-01,2.05016e-01,9.99999e-01,9.99999e-01,2.05016e-01,9.99999e-01
6.923517345e-01,2.11535e-01,9.99999e-01,9.99999e-01,2.11535e-01,9.99999e-01
6.958134932e-01,2.18126e-01,9.99999e-01,9.99999e-01,2.18126e-01,9.99999e-01
6.992925606e-01,2.24786e-01,9.99999e-01,9.99999e-01,2.24786e-01,9.99999e-01
7.027890234e-01,2.31512e-01,9.99999e-01,9.99999e-01,2.31512e-01,9.99999e-01
7.063029686e-01,2.38301e-01,9.99999e-01,9.99999e-01,2.38301e-01,9.99999e-01
7.098344834e-01,2.45148e-01,9.99999e-01,9.99999e-01,2.45148e-01,9.99999e-01
7.133836558e-01,2.52051e-01,9.99999e-01,9.99999e-01,2.52051e-01,9.99999e-01
7.169505741e-01,2.59006e-01,9.99999e-01,9.99999e-01,2.59006e-01,9.99999e-01
7.205353270e-01,2.66011e-01,9.99999e-01,9.99999e-01,2.66011e-01,9.99999e-01
7.241380036e-01,2.73060e-01,9.99999e-01,9.99999e-01,2.73060e-01,9.99999e-01
7.277586936e-01,2.80152e-01,9.99999e-01,9.99999e-01,2.80152e-01,9.99999e-01
7.313974871e-01,2.87283e-01,9.99999e-01,9.99999e-01,2.87283e-01,9.99999e-01
7.350544745e-01,2.94448e-01,9.99999e-01,9.99999e-01,2.94448e-01,9.99999e-01
7.387297469e-01,3.01646e-01,9.99999e-01,9.99999e-01,3.01646e-01,9.99999e-01
7.424233956e-01,3.08872e-01,9.99999e-01,9.99999e-01,3.08872e-01,9.99999e-01
7.461355126e-01,3.16124e-01,9.99999e-01,9.99999e-01,3.16124e-01,9.99999e-01
7.498661902e-01,3.23397e-01,9.99999e-01,9.99999e-01,3.23397e-01,9.99999e-01
7.536155211e-01,3.30689e-01,9.99999e-01,9.99999e-01,3.30689e-01,9.99999e-01
7.573835987e-01,3.37997e-01,9.99999e-01,9.99999e-01,3.37997e-01,9.99999e-01
7.611705167e-01,3.45317e-01,9.99999e-01,9.99999e-01,3.45317e-01,9.99999e-01
7.649763693e-01,3.52646e-01,9.99999e-01,9.99999e-01,3.52646e-01,9.99999e-01
7.688012511e-01,3.59981e-01,9.99999e-01,9.99999e-01,3.59981e-01,9.99999e-01
7.726452574e-01,3.67320e-01,9.99999e-01,9.99999e-01,3.67320e-01,9.99999e-01
7.765084837e-01,3.74659e-01,9.99999e-01,9.99999e-01,3.74659e-01,9.99999e-01
7.803910261e-01,3.65167e-01,9.99999e-01,9.55944e-01,3.81995e-01,9.99999e-01
7.842929812e-01,3.18413e-01,9.99999e-01,8.17857e-01,3.89326e-01,9.99999e-01
7.882144461e-01,3.19890e-01,9.99999e-01,8.06481e-01,3.96648e-01,9.99999e-01
7.921555184e-01,3.55899e-01,9.99999e-01,8.81026e-01,4.03960e-01,9.99999e-01
7.961162960e-01,3.77806e-01,9.99999e-01,9.18658e-01,4.11258e-01,9.99999e-01
8.000968774e-01,3.99717e-01,9.99999e-01,9.55029e-01,4.18539e-01,9.99999e-01
8.040973618e-01,4.15779e-01,9.99999e-01,9.76461e-01,4.25802e-01,9.99999e-01
8.081178486e-01,4.28331e-01,9.99999e-01,9.89115e-01,4.33044e-01,9.99999e-01
8.121584379e-01,4.38780e-01,9.99999e-01,9.96632e-01,4.40262e-01,9.99999e-01
8.162192301e-01,4.47121e-01,9.99999e-01,9.99255e-01,4.47454e-01,9.99999e-01
8.203003262e-01,4.54614e-01,9.99999e-01,9.99988e-01,4.54619e-01,9.99999e-01
8.244018279e-01,4.61753e-01,9.99999e-01,9.99999e-01,4.61753e-01,9.99999e-01
8.285238370e-01,4.68855e-01,9.99999e-01,9.99999e-01,4.68855e-01,9.99999e-01
8.326664562e-01,4.75922e-01,9.99999e-01,9.99999e-01,4.75922e-01,9.99999e-01
8.368297885e-01,4.82954e-01,9.99999e-01,9.99999e-01,4.82954e-01,9.99999e-01
8.410139374e-01,4.89947e-01,9.99999e-01,9.99999e-01,4.89947e-01,9.99999e-01
8.452190071e-01,4.96901e-01,9.99999e-01,9.99999e-01,4.96901e-01,9.99999e-01
8.494451021e-01,5.03813e-01,9.99999e-01,9.99999e-01,5.03813e-01,9.99999e-01
8.536923276e-01,5.10681e-01,9.99999e-01,9.99999e-01,5.10681e-01,9.99999e-01
8.579607893e-01,5.17505e-01,9.99999e-01,9.99999e-01,5.17505e-01,9.99999e-01
8.622505932e-01,5.24283e-01,9.99999e-01,9.99999e-01,5.24283e-01,9.99999e-01
8.665618462e-01,4.83876e-01,9.99999e-01,9.11233e-01,5.31013e-01,9.99999e-01
8.708946554e-01,3.23703e-01,9.99999e-01,6.02022e-01,5.37693e-01,9.99999e-01
8.752491287e-01,3.60754e-01,9.99999e-01,6.62755e-01,5.44324e-01,9.99999e-01
8.796253743e-01,4.38930e-01,9.99999e-01,7.96747e-01,5.50902e-01,9.99999e-01
8.840235012e-01,4.95278e-01,9.99999e-01,8.88505e-01,5.57428e-01,9.99999e-01
8.884436187e-01,5.38225e-01,9.99999e-01,9.54468e-01,5.63901e-01,9.99999e-01
8.928858368e-01,5.59647e-01,9.99999e-01,9.81289e-01,5.70318e-01,9.99999e-01
8.973502660e-01,5.74044e-01,9.99999e-01,9.95430e-01,5.76679e-01,9.99999e-01
9.018370173e-01,5.82690e-01,9.99999e-01,9.99495e-01,5.82984e-01,9.99999e-01
9.063462024e-01,5.81620e-01,9.99999e-01,9.87083e-01,5.89230e-01,9.99999e-01
9.108779334e-01,5.77938e-01,9.99999e-01,9.70639e-01,5.95419e-01,9.99999e-01
9.154323231e-01,5.97364e-01,9.99999e-01,9.93043e-01,6.01548e-01,9.99999e-01
9.200094847e-01,5.49953e-01,9.99999e-01,9.05096e-01,6.07618e-01,9.99999e-01
9.246095321e-01,5.30405e-01,9.99999e-01,8.64377e-01,6.13627e-01,9.99999e-01
9.292325798e-01,5.52783e-01,9.99999e-01,8.92196e-01,6.19575e-01,9.99999e-01
9.338787427e-01,5.60142e-01,9.99999e-01,8.95566e-01,6.25461e-01,9.99999e-01
9.385481364e-01,5.82066e-01,9.99999e-01,9.22032e-01,6.31285e-01,9.99999e-01
9.432408771e-01,6.06154e-01,9.99999e-01,9.51504e-01,6.37047e-01,9.99999e-01
9.479570815e-01,6.26555e-01,9.99999e-01,9.74807e-01,6.42747e-01,9.99999e-01
9.526968669e-01,6.40461e-01,9.99999e-01,9.87781e-01,6.48383e-01,9.99999e-01
9.574603512e-01,6.50528e-01,9.99999e-01,9.94757e-01,6.53956e-01,9.99999e-01
9.622476530e-01,6.58385e-01,9.99999e-01,9.98362e-01,6.59465e-01,9.99999e-01
9.670588912e-01,6.64584e-01,9.99999e-01,9.99509e-01,6.64910e-01,9.99999e-01
9.718941857e-01,6.70269e-01,9.99999e-01,9.99965e-01,6.70292e-01,9.99999e-01
9.767536566e-01,6.75609e-01,9.99999e-01,9.99999e-01,6.75609e-01,9.99999e-01
9.816374249e-01,6.80863e-01,9.99999e-01,9.99999e-01,6.80863e-01,9.99999e-01
9.865456120e-01,6.86052e-01,9.99999e-01,9.99999e-01,6.86052e-01,9.99999e-01
9.914783401e-01,6.91177e-01,9.99999e-01,9.99999e-01,6.91177e-01,9.99999e-01
9.964357318e-01,6.96238e-01,9.99999e-01,9.99999e-01,6.96238e-01,9.99999e-01
1.001417910e+00,7.01235e-01,9.99999e-01,9.99999e-01,7.01235e-01,9.99999e-01
1.006425000e+00,7.06169e-01,9.99999e-01,9.99999e-01,7.06169e-01,9.99999e-01
1.011457125e+00,7.11038e-01,9.99999e-01,9.99999e-01,7.11038e-01,9.99999e-01
1.016514411e+00,7.15844e-01,9.99999e-01,9.99999e-01,7.15844e-01,9.99999e-01
1.021596983e+00,7.20536e-01,9.99999e-01,9.99929e-01,7.20586e-01,9.99999e-01
1.026704968e+00,7.21591e-01,9.99999e-01,9.94933e-01,7.25266e-01,9.99999e-01
1.031838492e+00,6.89830e-01,9.99999e-01,9.45125e-01,7.29882e-01,9.99999e-01
1.036997685e+00,8.51657e-02,9.99999e-01,1.15961e-01,7.34435e-01,9.99999e-01
1.042182673e+00,4.61142e-02,9.99999e-01,6.24069e-02,7.38927e-01,9.99999e-01
1.047393587e+00,6.44350e-02,9.99999e-01,8.66811e-02,7.43356e-01,9.99999e-01
1.052630555e+00,6.53754e-04,9.99999e-01,8.74326e-04,7.47723e-01,9.99999e-01
1.057893707e+00,1.93413e-03,9.99999e-01,2.57188e-03,7.52030e-01,9.99999e-01
1.063183176e+00,9.03897e-03,9.99999e-01,1.19520e-02,7.56275e-01,9.99999e-01
1.068499092e+00,3.29160e-02,9.99999e-01,4.32843e-02,7.60459e-01,9.99999e-01
1.073841587e+00,1.04580e-01,9.99999e-01,1.36781e-01,7.64584e-01,9.99999e-01
1.079210795e+00,2.18027e-01,9.99999e-01,2.83650e-01,7.68648e-01,9.99999e-01
1.084606849e+00,3.84674e-01,9.99999e-01,4.97860e-01,7.72653e-01,9.99999e-01
1.090029883e+00,5.40295e-01,9.99999e-01,6.95717e-01,7.76600e-01,9.99999e-01
1.095480033e+00,6.52675e-01,9.99999e-01,8.36238e-01,7.80488e-01,9.99999e-01
1.100957433e+00,7.19511e-01,9.99999e-01,9.17371e-01,7.84318e-01,9.99999e-01
1.106462220e+00,7.60481e-01,9.99999e-01,9.64965e-01,7.88091e-01,9.99999e-01
1.111994531e+00,7.81408e-01,9.99999e-01,9.86866e-01,7.91807e-01,9.99999e-01
1.117554504e+00,7.92906e-01,9.99999e-01,9.96781e-01,7.95466e-01,9.99999e-01
1.123142276e+00,7.98901e-01,9.99999e-01,9.99788e-01,7.99070e-01,9.99999e-01
1.128757988e+00,8.02618e-01,9.99999e-01,9.99999e-01,8.02618e-01,9.99999e-01
1.134401778e+00,8.06111e-01,9.99999e-01,9.99999e-01,8.06111e-01,9.99999e-01
1.140073787e+00,8.09550e-01,9.99999e-01,9.99999e-01,8.09550e-01,9.99999e-01
1.145774156e+00,8.12936e-01,9.99999e-01,9.99999e-01,8.12936e-01,9.99999e-01
1.151503026e+00,8.16268e-01,9.99999e-01,9.99999e-01,8.16268e-01,9.99999e-01
1.157260541e+00,8.19548e-01,9.99999e-01,9.99999e-01,8.19548e-01,9.99999e-01
1.163046844e+00,8.22776e-01,9.99999e-01,9.99999e-01,8.22776e-01,9.99999e-01
1.168862078e+00,8.25952e-01,9.99999e-01,9.99999e-01,8.25952e-01,9.99999e-01
1.174706389e+00,8.29078e-01,9.99999e-01,9.99999e-01,8.29078e-01,9.99999e-01
1.180579921e+00,8.32153e-01,9.99999e-01,9.99999e-01,8.32153e-01,9.99999e-01
1.186482820e+00,8.35171e-01,9.99999e-01,9.99989e-01,8.35179e-01,9.99999e-01
1.192415234e+00,8.23163e-01,9.99999e-01,9.82112e-01,8.38155e-01,9.99999e-01
1.198377311e+00,4.65140e-01,9.99999e-01,5.53025e-01,8.41083e-01,9.99999e-01
1.204369197e+00,2.43288e-14,9.99999e-01,2.88268e-14,8.43963e-01,9.99999e-01
1.210391043e+00,3.41045e-54,9.99999e-01,4.02747e-54,8.46796e-01,9.99999e-01
1.216442998e+00,4.55909e-47,9.99999e-01,5.36627e-47,8.49582e-01,9.99999e-01
1.222525213e+00,2.22155e-46,9.99999e-01,2.60647e-46,8.52322e-01,9.99999e-01
1.228637839e+00,6.41180e-36,9.99999e-01,7.49903e-36,8.55016e-01,9.99999e-01
1.234781029e+00,6.42865e-23,9.99999e-01,7.49551e-23,8.57666e-01,9.99999e-01
1.240954934e+00,2.07707e-15,9.99999e-01,2.41443e-15,8.60271e-01,9.99999e-01
1.247159708e+00,3.50689e-08,9.99999e-01,4.06439e-08,8.62832e-01,9.99999e-01
1.253395507e+00,2.18105e-05,9.99999e-01,2.52042e-05,8.65350e-01,9.99999e-01
1.259662485e+00,1.98829e-03,9.99999e-01,2.29111e-03,8.67826e-01,9.99999e-01
1.265960797e+00,2.65234e-02,9.99999e-01,3.04775e-02,8.70259e-01,9.99999e-01
1.272290601e+00,1.92885e-01,9.99999e-01,2.21033e-01,8.72651e-01,9.99999e-01
1.278652054e+00,1.63969e-01,9.99999e-01,1.87393e-01,8.75002e-01,9.99999e-01
1.285045314e+00,1.90064e-03,9.99999e-01,2.16643e-03,8.77313e-01,9.99999e-01
1.291470541e+00,5.48699e-07,9.99999e-01,6.23816e-07,8.79584e-01,9.99999e-01
1.297927893e+00,1.17211e-03,9.99999e-01,1.32920e-03,8.81816e-01,9.99999e-01
1.304417533e+00,5.62020e-02,9.99999e-01,6.35761e-02,8.84010e-01,9.99999e-01
1.310939621e+00,1.31375e-02,9.99999e-01,1.48251e-02,8.86165e-01,9.99999e-01
1.317494319e+00,5.04458e-19,9.99999e-01,5.67902e-19,8.88283e-01,9.99999e-01
1.324081790e+00,6.30070e-13,9.99999e-01,7.07654e-13,8.90364e-01,9.99999e-01
1.330702199e+00,1.17169e-07,9.99999e-01,1.31295e-07,8.92409e-01,9.99999e-01
1.337355710e+00,2.43839e-07,9.99999e-01,2.72622e-07,8.94417e-01,9.99999e-01
1.344042489e+00,8.22159e-08,9.99999e-01,9.17187e-08,8.96391e-01,9.99999e-01
1.350762701e+00,6.82614e-08,9.99999e-01,7.59869e-08,8.98330e-01,9.99999e-01
1.357516515e+00,2.99844e-05,9.99999e-01,3.33073e-05,9.00234e-01,9.99999e-01
1.364304097e+00,9.15883e-04,9.99999e-01,1.01527e-03,9.02105e-01,9.99999e-01
1.371125618e+00,2.55521e-02,9.99999e-01,2.82674e-02,9.03943e-01,9.99999e-01
1.377981246e+00,4.64021e-02,9.99999e-01,5.12307e-02,9.05748e-01,9.99999e-01
1.384871152e+00,1.61052e-01,9.99999e-01,1.77463e-01,9.07520e-01,9.99999e-01
1.391795508e+00,1.84021e-01,9.99999e-01,2.02385e-01,9.09262e-01,9.99999e-01
1.398754485e+00,3.38578e-01,9.99999e-01,3.71667e-01,9.10972e-01,9.99999e-01
1.405748258e+00,4.41158e-01,9.99999e-01,4.83381e-01,9.12651e-01,9.99999e-01
1.412776999e+00,5.77216e-01,9.99999e-01,6.31319e-01,9.14300e-01,9.99999e-01
1.419840884e+00,5.16724e-01,9.99999e-01,5.64159e-01,9.15920e-01,9.99999e-01
1.426940089e+00,3.80840e-02,9.99999e-01,4.15079e-02,9.17510e-01,9.99999e-01
1.434074789e+00,0.00000e+00,9.99999e-01,0.00000e+00,9.19071e-01,9.99999e-01
1.441245163e+00,0.00000e+00,9.99999e-01,0.00000e+00,9.20605e-01,9.99999e-01
1.448451389e+00,0.00000e+00,9.99999e-01,0.00000e+00,9.22110e-01,9.99999e-01
1.455693646e+00,0.00000e+00,9.99999e-01,0.00000e+00,9.23588e-01,9.99999e-01
1.462972114e+00,4.32907e-213,9.99999e-01,4.67987e-213,9.25040e-01,9.99999e-01
1.470286975e+00,5.25782e-89,9.99999e-01,5.67514e-89,9.26464e-01,9.99999e-01
1.477638409e+00,2.68047e-56,9.99999e-01,2.88886e-56,9.27863e-01,9.99999e-01
1.485026601e+00,9.16383e-32,9.99999e-01,9.86167e-32,9.29236e-01,9.99999e-01
1.492451734e+00,4.51593e-27,9.99999e-01,4.85278e-27,9.30584e-01,9.99999e-01
1.499913993e+00,2.52584e-12,9.99999e-01,2.71040e-12,9.31908e-01,9.99999e-01
1.507413563e+00,4.18582e-11,9.99999e-01,4.48542e-11,9.33207e-01,9.99999e-01
1.514950631e+00,1.63071e-12,9.99999e-01,1.74504e-12,9.34482e-01,9.99999e-01
1.522525384e+00,2.67979e-40,9.99999e-01,2.86383e-40,9.35733e-01,9.99999e-01
1.530138011e+00,6.53781e-95,9.99999e-01,6.97766e-95,9.36962e-01,9.99999e-01
1.537788701e+00,1.86089e-70,9.99999e-01,1.98354e-70,9.38168e-01,9.99999e-01
1.545477645e+00,1.24688e-15,9.99999e-01,1.32738e-15,9.39351e-01,9.99999e-01
1.553205033e+00,3.54193e-11,9.99999e-01,3.76595e-11,9.40513e-01,9.99999e-01
1.560971058e+00,1.15781e-11,9.99999e-01,1.22955e-11,9.41653e-01,9.99999e-01
1.568775913e+00,4.10613e-239,9.99999e-01,4.35537e-239,9.42772e-01,9.99999e-01
1.576619793e+00,0.00000e+00,9.99999e-01,0.00000e+00,9.43870e-01,9.99999e-01
1.584502892e+00,9.86875e-306,9.99999e-01,1.04437e-305,9.44947e-01,9.99999e-01
1.592425406e+00,3.57132e-213,9.99999e-01,3.77515e-213,9.46005e-01,9.99999e-01
1.600387533e+00,0.00000e+00,9.99999e-01,0.00000e+00,9.47043e-01,9.99999e-01
1.608389471e+00,0.00000e+00,9.99999e-01,0.00000e+00,9.48061e-01,9.99999e-01
1.616431418e+00,0.00000e+00,9.99999e-01,0.00000e+00,9.49060e-01,9.99999e-01
1.624513575e+00,1.08054e-270,9.99999e-01,1.13736e-270,9.50041e-01,9.99999e-01
1.632636143e+00,3.86125e-201,9.99999e-01,4.06018e-201,9.51003e-01,9.99999e-01
1.640799324e+00,1.57674e-82,9.99999e-01,1.65633e-82,9.51947e-01,9.99999e-01
1.649003321e+00,1.58144e-82,9.99999e-01,1.65965e-82,9.52874e-01,9.99999e-01
1.657248337e+00,5.54797e-64,9.99999e-01,5.81680e-64,9.53783e-01,9.99999e-01
1.665534579e+00,2.09599e-64,9.99999e-01,2.19550e-64,9.54675e-01,9.99999e-01
1.673862252e+00,2.19210e-41,9.99999e-01,2.29407e-41,9.55550e-01,9.99999e-01
1.682231563e+00,6.07261e-29,9.99999e-01,6.34939e-29,9.56408e-01,9.99999e-01
1.690642721e+00,1.67726e-16,9.99999e-01,1.75217e-16,9.57251e-01,9.99999e-01
1.699095934e+00,1.12273e-10,9.99999e-01,1.17185e-10,9.58077e-01,9.99999e-01
1.707591414e+00,6.44021e-06,9.99999e-01,6.71633e-06,9.58888e-01,9.99999e-01
1.716129371e+00,1.10095e-03,9.99999e-01,1.14720e-03,9.59683e-01,9.99999e-01
1.724710018e+00,2.18972e-02,9.99999e-01,2.27986e-02,9.60464e-01,9.99999e-01
1.733333568e+00,8.09991e-02,9.99999e-01,8.42661e-02,9.61229e-01,9.99999e-01
1.742000236e+00,2.21878e-01,9.99999e-01,2.30647e-01,9.61980e-01,9.99999e-01
1.750710237e+00,3.57623e-03,9.99999e-01,3.71472e-03,9.62717e-01,9.99999e-01
1.759463788e+00,1.61532e-39,9.99999e-01,1.67662e-39,9.63440e-01,9.99999e-01
1.768261107e+00,2.19537e-41,9.99999e-01,2.27700e-41,9.64149e-01,9.99999e-01
1.777102413e+00,4.34417e-40,9.99999e-01,4.50245e-40,9.64844e-01,9.99999e-01
1.785987925e+00,7.98092e-38,9.99999e-01,8.26586e-38,9.65527e-01,9.99999e-01
1.794917864e+00,4.09708e-36,9.99999e-01,4.24042e-36,9.66196e-01,9.99999e-01
1.803892454e+00,8.26707e-35,9.99999e-01,8.55049e-35,9.66852e-01,9.99999e-01
1.812911916e+00,2.04748e-33,9.99999e-01,2.11626e-33,9.67496e-01,9.99999e-01
1.821976476e+00,1.62275e-33,9.99999e-01,1.67617e-33,9.68128e-01,9.99999e-01
1.831086358e+00,4.27771e-27,9.99999e-01,4.41571e-27,9.68748e-01,9.99999e-01
1.840241790e+00,4.37541e-23,9.99999e-01,4.51373e-23,9.69355e-01,9.99999e-01
1.849442999e+00,3.97124e-16,9.99999e-01,4.09427e-16,9.69952e-01,9.99999e-01
1.858690214e+00,4.81119e-15,9.99999e-01,4.95724e-15,9.70536e-01,9.99999e-01
1.867983665e+00,8.84786e-16,9.99999e-01,9.11107e-16,9.71110e-01,9.99999e-01
1.877323583e+00,8.21210e-75,9.99999e-01,8.45150e-75,9.71672e-01,9.99999e-01
1.886710201e+00,4.97145e-98,9.99999e-01,5.11348e-98,9.72224e-01,9.99999e-01
1.896143752e+00,8.18099e-112,9.99999e-01,8.41003e-112,9.72765e-01,9.99999e-01
1.905624471e+00,1.36697e-129,9.99999e-01,1.40447e-129,9.73296e-01,9.99999e-01
1.915152593e+00,1.54198e-100,9.99999e-01,1.58344e-100,9.73816e-01,9.99999e-01
1.924728356e+00,3.00003e-120,9.99999e-01,3.07908e-120,9.74327e-01,9.99999e-01
1.934351998e+00,0.00000e+00,9.99999e-01,0.00000e+00,9.74827e-01,9.99999e-01
1.944023758e+00,0.00000e+00,9.99999e-01,0.00000e+00,9.75318e-01,9.99999e-01
1.953743877e+00,0.00000e+00,9.99999e-01,0.00000e+00,9.75800e-01,9.99999e-01
1.963512596e+00,0.00000e+00,9.99999e-01,0.00000e+00,9.76272e-01,9.99999e-01
1.973330159e+00,0.00000e+00,9.99999e-01,0.00000e+00,9.76735e-01,9.99999e-01
1.983196810e+00,0.00000e+00,9.99999e-01,0.00000e+00,9.77189e-01,9.99999e-01
1.993112794e+00,0.00000e+00,9.99999e-01,0.00000e+00,9.77635e-01,9.99999e-01
2.003078358e+00,0.00000e+00,9.99999e-01,0.00000e+00,9.78072e-01,9.99999e-01
2.013093750e+00,0.00000e+00,9.99999e-01,0.00000e+00,9.78500e-01,9.99999e-01
2.023159218e+00,0.00000e+00,9.99999e-01,0.00000e+00,9.78920e-01,9.99999e-01
2.033275015e+00,0.00000e+00,9.99999e-01,0.00000e+00,9.79332e-01,9.99999e-01
2.043441390e+00,0.00000e+00,9.99999e-01,0.00000e+00,9.79736e-01,9.99999e-01
2.053658597e+00,0.00000e+00,9.99999e-01,0.00000e+00,9.80133e-01,9.99999e-01
2.063926890e+00,0.00000e+00,9.99999e-01,0.00000e+00,9.80521e-01,9.99999e-01
2.074246524e+00,0.00000e+00,9.99999e-01,0.00000e+00,9.80902e-01,9.99999e-01
2.084617757e+00,0.00000e+00,9.99999e-01,0.00000e+00,9.81276e-01,9.99999e-01
2.095040845e+00,0.00000e+00,9.99999e-01,0.00000e+00,9.81642e-01,9.99999e-01
2.105516050e+00,0.00000e+00,9.99999e-01,0.00000e+00,9.82002e-01,9.99999e-01
2.116043630e+00,0.00000e+00,9.99999e-01,0.00000e+00,9.82354e-01,9.99999e-01
2.126623848e+00,0.00000e+00,9.99999e-01,0.00000e+00,9.82700e-01,9.99999e-01
2.137256967e+00,0.00000e+00,9.99999e-01,0.00000e+00,9.83038e-01,9.99999e-01
2.147943252e+00,1.43970e-274,9.99999e-01,1.46405e-274,9.83371e-01,9.99999e-01
2.158682968e+00,4.03146e-165,9.99999e-01,4.09827e-165,9.83696e-01,9.99999e-01
2.169476383e+00,1.84915e-80,9.99999e-01,1.87918e-80,9.84016e-01,9.99999e-01
2.180323765e+00,1.94040e-50,9.99999e-01,1.97129e-50,9.84329e-01,9.99999e-01
2.191225384e+00,6.35676e-26,9.99999e-01,6.45594e-26,9.84636e-01,9.99999e-01
2.202181511e+00,4.97327e-17,9.99999e-01,5.04932e-17,9.84937e-01,9.99999e-01
2.213192418e+00,2.42887e-09,9.99999e-01,2.46527e-09,9.85233e-01,9.99999e-01
2.224258381e+00,3.75550e-06,9.99999e-01,3.81067e-06,9.85522e-01,9.99999e-01
2.235379672e+00,2.23291e-04,9.99999e-01,2.26506e-04,9.85806e-01,9.99999e-01
2.246556571e+00,3.24362e-03,9.99999e-01,3.28939e-03,9.86084e-01,9.99999e-01
2.257789354e+00,2.81312e-02,9.99999e-01,2.85203e-02,9.86357e-01,9.99999e-01
2.269078300e+00,4.11539e-02,9.99999e-01,4.17117e-02,9.86625e-01,9.99999e-01
2.280423692e+00,4.69656e-02,9.99999e-01,4.75896e-02,9.86887e-01,9.99999e-01
2.291825810e+00,1.32289e-01,9.99999e-01,1.34012e-01,9.87145e-01,9.99999e-01
2.303284939e+00,2.02112e-01,9.99999e-01,2.04691e-01,9.87397e-01,9.99999e-01
2.314801364e+00,2.40376e-01,9.99999e-01,2.43383e-01,9.87644e-01,9.99999e-01
2.326375371e+00,3.85908e-01,9.99999e-01,3.90639e-01,9.87887e-01,9.99999e-01
2.338007248e+00,3.55078e-01,9.99999e-01,3.59345e-01,9.88125e-01,9.99999e-01
2.349697284e+00,4.06603e-01,9.99999e-01,4.11393e-01,9.88358e-01,9.99999e-01
2.361445770e+00,4.85316e-01,9.99999e-01,4.90919e-01,9.88587e-01,9.99999e-01
2.373252999e+00,5.19453e-01,9.99999e-01,5.25330e-01,9.88811e-01,9.99999e-01
2.385119264e+00,7.45651e-01,9.99999e-01,7.53920e-01,9.89031e-01,9.99999e-01
2.397044861e+00,8.80548e-01,9.99999e-01,8.90119e-01,9.89246e-01,9.99999e-01
2.409030085e+00,8.08353e-01,9.99999e-01,8.16965e-01,9.89457e-01,9.99999e-01
2.421075235e+00,6.94025e-01,9.99999e-01,7.01272e-01,9.89664e-01,9.99999e-01
2.433180612e+00,1.58837e-01,9.99999e-01,1.60463e-01,9.89868e-01,9.99999e-01
2.445346515e+00,4.11272e-01,9.99999e-01,4.15397e-01,9.90067e-01,9.99999e-01
2.457573247e+00,1.24949e-02,9.99999e-01,1.26178e-02,9.90262e-01,9.99999e-01
2.469861113e+00,4.09619e-11,9.99999e-01,4.13567e-11,9.90453e-01,9.99999e-01
2.482210419e+00,1.38905e-47,9.99999e-01,1.40217e-47,9.90641e-01,9.99999e-01
2.494621471e+00,6.76222e-74,9.99999e-01,6.82483e-74,9.90825e-01,9.99999e-01
2.507094578e+00,8.04620e-72,9.99999e-01,8.11922e-72,9.91005e-01,9.99999e-01
2.519630051e+00,3.20679e-95,9.99999e-01,3.23531e-95,9.91182e-01,9.99999e-01
2.532228202e+00,2.55250e-128,9.99999e-01,2.57476e-128,9.91356e-01,9.99999e-01
2.544889343e+00,2.61222e-126,9.99999e-01,2.63455e-126,9.91526e-01,9.99999e-01
2.557613789e+00,9.95674e-150,9.99999e-01,1.00401e-149,9.91692e-01,9.99999e-01
2.570401858e+00,2.88314e-302,9.99999e-01,2.90681e-302,9.91856e-01,9.99999e-01
2.583253867e+00,0.00000e+00,9.99999e-01,0.00000e+00,9.92016e-01,9.99999e-01
2.596170137e+00,0.00000e+00,9.99999e-01,0.00000e+00,9.92173e-01,9.99999e-01
2.609150988e+00,0.00000e+00,9.99999e-01,0.00000e+00,9.92327e-01,9.99999e-01
2.622196742e+00,0.00000e+00,9.99999e-01,0.00000e+00,9.92478e-01,9.99999e-01
2.635307726e+00,0.00000e+00,9.99999e-01,0.00000e+00,9.92626e-01,9.99999e-01
2.648484265e+00,0.00000e+00,9.99999e-01,0.00000e+00,9.92771e-01,9.99999e-01
2.661726686e+00,0.00000e+00,9.99999e-01,0.00000e+00,9.92913e-01,9.99999e-01
2.675035320e+00,0.00000e+00,9.99999e-01,0.00000e+00,9.93053e-01,9.99999e-01
2.688410496e+00,0.00000e+00,9.99999e-01,0.00000e+00,9.93190e-01,9.99999e-01
2.701852549e+00,0.00000e+00,9.99999e-01,0.00000e+00,9.93324e-01,9.99999e-01
2.715361811e+00,0.00000e+00,9.99999e-01,0.00000e+00,9.93455e-01,9.99999e-01
2.728938620e+00,0.00000e+00,9.99999e-01,0.00000e+00,9.93584e-01,9.99999e-01
2.742583314e+00,0.00000e+00,9.99999e-01,0.00000e+00,9.93710e-01,9.99999e-01
2.756296230e+00,0.00000e+00,9.99999e-01,0.00000e+00,9.93834e-01,9.99999e-01
2.770077711e+00,0.00000e+00,9.99999e-01,0.00000e+00,9.93955e-01,9.99999e-01
2.783928100e+00,0.00000e+00,9.99999e-01,0.00000e+00,9.94074e-01,9.99999e-01
2.797847740e+00,0.00000e+00,9.99999e-01,0.00000e+00,9.94191e-01,9.99999e-01
2.811836979e+00,0.00000e+00,9.99999e-01,0.00000e+00,9.94305e-01,9.99999e-01
2.825896164e+00,0.00000e+00,9.99999e-01,0.00000e+00,9.94418e-01,9.99999e-01
2.840025645e+00,0.00000e+00,9.99999e-01,0.00000e+00,9.94528e-01,9.99999e-01
2.854225773e+00,0.00000e+00,9.99999e-01,0.00000e+00,9.94635e-01,9.99999e-01
2.868496902e+00,0.00000e+00,9.99999e-01,0.00000e+00,9.94741e-01,9.99999e-01
2.882839386e+00,0.00000e+00,9.99999e-01,0.00000e+00,9.94845e-01,9.99999e-01
2.897253583e+00,0.00000e+00,9.99999e-01,0.00000e+00,9.94946e-01,9.99999e-01
2.911739851e+00,0.00000e+00,9.99999e-01,0.00000e+00,9.95046e-01,9.99999e-01
2.926298550e+00,0.00000e+00,9.99999e-01,0.00000e+00,9.95143e-01,9.99999e-01
2.940930043e+00,0.00000e+00,9.99999e-01,0.00000e+00,9.95239e-01,9.99999e-01
2.955634693e+00,0.00000e+00,9.99999e-01,0.00000e+00,9.95333e-01,9.99999e-01
2.970412867e+00,0.00000e+00,9.99999e-01,0.00000e+00,9.95425e-01,9.99999e-01
2.985264931e+00,0.00000e+00,9.99999e-01,0.00000e+00,9.95515e-01,9.99999e-01
3.000191256e+00,0.00000e+00,9.99999e-01,0.00000e+00,9.95603e-01,9.99999e-01
3.015192212e+00,0.00000e+00,9.99999e-01,0.00000e+00,9.95690e-01,9.99999e-01
3.030268173e+00,6.77016e-308,9.99999e-01,6.79888e-308,9.95775e-01,9.99999e-01
3.045419514e+00,1.38459e-187,9.99999e-01,1.39035e-187,9.95858e-01,9.99999e-01
3.060646612e+00,3.30777e-86,9.99999e-01,3.32125e-86,9.95940e-01,9.99999e-01
3.075949845e+00,3.27886e-69,9.99999e-01,1.77996e-68,9.96020e-01,1.84945e-01
3.091329594e+00,9.30075e-67,9.99999e-01,5.25483e-65,9.96098e-01,1.77687e-02
3.106786242e+00,2.62235e-69,9.99999e-01,1.48917e-64,9.96175e-01,1.76770e-05
3.122320173e+00,2.98270e-58,9.99999e-01,4.71719e-45,9.96251e-01,6.34682e-14
3.137931774e+00,2.29340e-50,9.99999e-01,4.18368e-44,9.96324e-01,5.50198e-07
3.153621433e+00,2.52920e-47,9.99999e-01,1.04194e-45,9.96397e-01,2.43615e-02
3.169389540e+00,1.22398e-67,9.99999e-01,4.31284e-61,9.96468e-01,2.84805e-07
3.185236488e+00,6.05202e-60,9.99999e-01,3.30735e-49,9.96538e-01,1.83622e-11
3.201162670e+00,3.59624e-58,9.99999e-01,2.52778e-39,9.96606e-01,1.42753e-19
3.217168483e+00,9.31377e-65,9.99999e-01,1.42317e-37,9.96673e-01,6.56620e-28
3.233254326e+00,2.99049e-73,9.99999e-01,4.39751e-32,9.96738e-01,6.82265e-42
3.249420598e+00,2.69818e-86,9.99999e-01,1.10231e-18,9.96803e-01,2.45559e-68
3.265667701e+00,7.35729e-125,9.99999e-01,5.82014e-16,9.96866e-01,1.26808e-109
3.281996039e+00,2.36048e-183,9.99999e-01,3.15523e-12,9.96927e-01,7.50421e-172
3.298406019e+00,4.51482e-257,9.99999e-01,2.55256e-10,9.96988e-01,1.77408e-247
3.314898049e+00,0.00000e+00,9.99999e-01,5.45019e-10,9.97047e-01,0.00000e+00
3.331472540e+00,2.52568e-293,9.99999e-01,1.27670e-09,9.97106e-01,1.98404e-284
3.348129902e+00,1.40611e-212,9.99999e-01,9.87484e-08,9.97163e-01,1.42798e-205
3.364870552e+00,2.14248e-146,9.99999e-01,2.38110e-07,9.97219e-01,9.02296e-140
3.381694905e+00,3.26208e-92,9.99999e-01,1.54444e-06,9.97273e-01,2.11791e-86
3.398603379e+00,2.77123e-56,9.99999e-01,5.05466e-05,9.97327e-01,5.49721e-52
3.415596396e+00,1.85865e-34,9.99999e-01,1.00303e-04,9.97380e-01,1.85789e-30
3.432674378e+00,2.01748e-23,9.99999e-01,1.52453e-05,9.97432e-01,1.32675e-18
3.449837750e+00,1.24797e-15,9.99999e-01,1.26178e-07,9.97482e-01,9.91556e-09
3.467086939e+00,3.10953e-14,9.99999e-01,8.01612e-13,9.97532e-01,3.88868e-02
3.484422373e+00,1.99234e-17,9.99999e-01,3.38237e-17,9.97581e-01,5.90463e-01
3.501844485e+00,6.20851e-25,9.99999e-01,2.48497e-24,9.97628e-01,2.50436e-01
3.519353708e+00,2.57716e-29,9.99999e-01,2.58527e-29,9.97675e-01,9.99182e-01
3.536950476e+00,6.57910e-36,9.99999e-01,6.60968e-36,9.97721e-01,9.97645e-01
3.554635228e+00,1.52431e-35,9.99999e-01,1.53589e-35,9.97766e-01,9.94685e-01
3.572408405e+00,3.58031e-29,9.99999e-01,3.62066e-29,9.97810e-01,9.91023e-01
3.590270447e+00,1.36481e-27,9.99999e-01,1.37480e-27,9.97853e-01,9.94867e-01
3.608221799e+00,8.94025e-20,9.99999e-01,8.98227e-20,9.97895e-01,9.97419e-01
3.626262908e+00,1.70058e-11,9.99999e-01,1.70500e-11,9.97937e-01,9.99471e-01
3.644394222e+00,4.24287e-09,9.99999e-01,4.25235e-09,9.97978e-01,9.99792e-01
3.662616193e+00,5.41477e-05,9.99999e-01,5.43190e-05,9.98018e-01,9.98826e-01
3.680929274e+00,9.97752e-03,9.99999e-01,1.00559e-02,9.98057e-01,9.94132e-01
3.699333921e+00,1.15365e-01,9.99999e-01,1.17123e-01,9.98095e-01,9.86874e-01
3.717830590e+00,6.54835e-02,9.99999e-01,6.73640e-02,9.98133e-01,9.73902e-01
3.736419743e+00,1.30756e-03,9.99999e-01,1.36449e-03,9.98169e-01,9.60028e-01
3.755101842e+00,4.61801e-10,9.99999e-01,4.79667e-10,9.98205e-01,9.64482e-01
3.773877351e+00,2.67608e-22,9.99999e-01,2.73690e-22,9.98241e-01,9.79500e-01
3.792746738e+00,2.17165e-55,9.99999e-01,2.19330e-55,9.98276e-01,9.91838e-01
3.811710472e+00,2.54219e-36,9.99999e-01,2.55588e-36,9.98310e-01,9.96327e-01
3.830769024e+00,4.72698e-36,9.99999e-01,4.74148e-36,9.98343e-01,9.98594e-01
3.849922869e+00,1.11814e-49,9.99999e-01,1.12036e-49,9.98376e-01,9.99636e-01
3.869172484e+00,4.46550e-31,9.99999e-01,4.48660e-31,9.98408e-01,9.96882e-01
3.888518346e+00,1.06181e-13,9.99999e-01,1.07150e-13,9.98439e-01,9.92500e-01
3.907960938e+00,1.56299e-10,9.99999e-01,1.58590e-10,9.98470e-01,9.87057e-01
3.927500742e+00,8.60655e-11,9.99999e-01,8.75624e-11,9.98500e-01,9.84379e-01
3.947138246e+00,9.56451e-16,9.99999e-01,9.66224e-16,9.98530e-01,9.91341e-01
3.966873937e+00,1.03634e-23,9.99999e-01,1.03973e-23,9.98559e-01,9.98181e-01
3.986708307e+00,1.58240e-36,9.99999e-01,1.58464e-36,9.98587e-01,9.99999e-01
4.006641849e+00,4.37484e-66,9.99999e-01,4.38091e-66,9.98615e-01,9.99999e-01
4.026675058e+00,0.00000e+00,9.99999e-01,0.00000e+00,9.98642e-01,9.99999e-01
4.046808433e+00,0.00000e+00,9.99999e-01,0.00000e+00,9.98669e-01,9.99999e-01
4.067042475e+00,0.00000e+00,9.99999e-01,0.00000e+00,9.98695e-01,9.99999e-01
4.087377688e+00,0.00000e+00,9.99999e-01,0.00000e+00,9.98721e-01,9.99999e-01
4.107814576e+00,0.00000e+00,9.99999e-01,0.00000e+00,9.98746e-01,9.99999e-01
4.128353649e+00,0.00000e+00,9.99999e-01,0.00000e+00,9.98771e-01,9.99999e-01
4.148995417e+00,0.00000e+00,9.99999e-01,0.00000e+00,9.98795e-01,9.99999e-01
4.169740394e+00,0.00000e+00,9.99999e-01,0.00000e+00,9.98819e-01,9.99999e-01
4.190589096e+00,0.00000e+00,9.99999e-01,0.00000e+00,9.98842e-01,9.99999e-01
4.211542042e+00,0.00000e+00,9.99999e-01,0.00000e+00,9.98865e-01,9.99999e-01
4.232599752e+00,0.00000e+00,9.99999e-01,0.00000e+00,9.98887e-01,9.99999e-01
4.253762751e+00,0.00000e+00,9.99999e-01,0.00000e+00,9.98909e-01,9.99999e-01
4.275031564e+00,0.00000e+00,9.99999e-01,0.00000e+00,9.98931e-01,9.99999e-01
4.296406722e+00,0.00000e+00,9.99999e-01,0.00000e+00,9.98952e-01,9.99999e-01
4.317888756e+00,0.00000e+00,9.99999e-01,0.00000e+00,9.98973e-01,9.99999e-01
4.339478200e+00,0.00000e+00,9.99999e-01,0.00000e+00,9.98993e-01,9.99999e-01
4.361175591e+00,0.00000e+00,9.99999e-01,0.00000e+00,9.99013e-01,9.99999e-01
4.382981469e+00,0.00000e+00,9.99999e-01,0.00000e+00,9.99032e-01,9.99999e-01
4.404896376e+00,0.00000e+00,9.99999e-01,0.00000e+00,9.99051e-01,9.99999e-01
4.426920858e+00,0.00000e+00,9.99999e-01,0.00000e+00,9.99070e-01,9.99999e-01
4.449055462e+00,0.00000e+00,9.99999e-01,0.00000e+00,9.99088e-01,9.99999e-01
4.471300739e+00,0.00000e+00,9.99999e-01,0.00000e+00,9.99106e-01,9.99999e-01
4.493657243e+00,0.00000e+00,9.99999e-01,0.00000e+00,9.99124e-01,9.99999e-01
4.516125529e+00,0.00000e+00,9.99999e-01,0.00000e+00,9.99141e-01,9.99999e-01
4.538706157e+00,0.00000e+00,9.99999e-01,0.00000e+00,9.99158e-01,9.99999e-01
4.561399688e+00,0.00000e+00,9.99999e-01,0.00000e+00,9.99175e-01,9.99999e-01
4.584206686e+00,0.00000e+00,9.99999e-01,0.00000e+00,9.99191e-01,9.99999e-01
4.607127720e+00,0.00000e+00,9.99999e-01,0.00000e+00,9.99207e-01,9.99999e-01
4.630163358e+00,0.00000e+00,9.99999e-01,0.00000e+00,9.99223e-01,9.99999e-01
4.653314175e+00,0.00000e+00,9.99999e-01,0.00000e+00,9.99238e-01,9.99999e-01
4.676580746e+00,0.00000e+00,9.99999e-01,0.00000e+00,9.99253e-01,9.99999e-01
4.699963650e+00,0.00000e+00,9.99999e-01,0.00000e+00,9.99268e-01,9.99999e-01
4.723463468e+00,0.00000e+00,9.99999e-01,0.00000e+00,9.99282e-01,9.99999e-01
4.747080785e+00,0.00000e+00,9.99999e-01,0.00000e+00,9.99296e-01,9.99999e-01
4.770816189e+00,0.00000e+00,9.99999e-01,0.00000e+00,9.99310e-01,9.99999e-01
4.794670270e+00,0.00000e+00,9.99999e-01,0.00000e+00,9.99324e-01,9.99999e-01
4.818643622e+00,0.00000e+00,9.99999e-01,0.00000e+00,9.99337e-01,9.99999e-01
4.842736840e+00,0.00000e+00,9.99999e-01,0.00000e+00,9.99350e-01,9.99999e-01
4.866950524e+00,0.00000e+00,9.99999e-01,0.00000e+00,9.99363e-01,9.99999e-01
4.891285276e+00,0.00000e+00,9.99999e-01,0.00000e+00,9.99376e-01,9.99999e-01
4.915741703e+00,0.00000e+00,9.99999e-01,0.00000e+00,9.99388e-01,9.99999e-01
4.940320411e+00,0.00000e+00,9.99999e-01,0.00000e+00,9.99400e-01,9.99999e-01
4.965022013e+00,0.00000e+00,9.99999e-01,0.00000e+00,9.99412e-01,9.99999e-01
4.989847123e+00,0.00000e+00,9.99999e-01,0.00000e+00,9.99423e-01,9.99999e-01
5.014796359e+00,0.00000e+00,9.99999e-01,0.00000e+00,9.99435e-01,9.99999e-01
5.039870341e+00,0.00000e+00,9.99999e-01,0.00000e+00,9.99446e-01,9.99999e-01
5.065069693e+00,0.00000e+00,9.99999e-01,0.00000e+00,9.99457e-01,9.99999e-01
5.090395041e+00,0.00000e+00,9.99999e-01,0.00000e+00,9.99468e-01,9.99999e-01
5.115847016e+00,0.00000e+00,9.99999e-01,0.00000e+00,9.99478e-01,9.99999e-01
5.141426251e+00,0.00000e+00,9.99999e-01,0.00000e+00,9.99488e-01,9.99999e-01
5.167133383e+00,0.00000e+00,9.99999e-01,0.00000e+00,9.99498e-01,9.99999e-01
5.192969049e+00,0.00000e+00,9.99999e-01,0.00000e+00,9.99508e-01,9.99999e-01
5.218933895e+00,0.00000e+00,9.99999e-01,0.00000e+00,9.99518e-01,9.99999e-01
5.245028564e+00,0.00000e+00,9.99999e-01,0.00000e+00,9.99527e-01,9.99999e-01
5.271253707e+00,0.00000e+00,9.99999e-01,0.00000e+00,9.99537e-01,9.99999e-01
5.297609976e+00,0.00000e+00,9.99999e-01,0.00000e+00,9.99546e-01,9.99999e-01
5.324098025e+00,0.00000e+00,9.99999e-01,0.00000e+00,9.99555e-01,9.99999e-01
5.350718516e+00,0.00000e+00,9.99999e-01,0.00000e+00,9.99564e-01,9.99999e-01
5.377472108e+00,0.00000e+00,9.99999e-01,0.00000e+00,9.99572e-01,9.99999e-01
5.404359469e+00,0.00000e+00,9.99999e-01,0.00000e+00,9.99581e-01,9.99999e-01
5.431381266e+00,0.00000e+00,9.99999e-01,0.00000e+00,9.99589e-01,9.99999e-01
5.458538172e+00,0.00000e+00,9.99999e-01,0.00000e+00,9.99597e-01,9.99999e-01
5.485830863e+00,4.42712e-241,9.99999e-01,4.42886e-241,9.99605e-01,9.99999e-01
5.513260018e+00,1.42694e-177,9.99999e-01,1.42749e-177,9.99613e-01,9.99999e-01
5.540826318e+00,5.01041e-118,9.99999e-01,5.01231e-118,9.99620e-01,9.99999e-01
5.568530449e+00,2.14242e-89,9.99999e-01,2.19850e-89,9.99628e-01,9.74857e-01
5.596373101e+00,3.13246e-66,9.99999e-01,3.25461e-66,9.99635e-01,9.62820e-01
5.624354967e+00,1.76190e-58,9.99999e-01,1.85457e-58,9.99642e-01,9.50371e-01
5.652476742e+00,9.02780e-50,9.99999e-01,9.67009e-50,9.99649e-01,9.33905e-01
5.680739126e+00,9.13934e-45,9.99999e-01,1.00064e-44,9.99656e-01,9.13658e-01
5.709142821e+00,2.75245e-42,9.99999e-01,3.10264e-42,9.99663e-01,8.87428e-01
5.737688535e+00,1.58524e-43,9.99999e-01,1.86172e-43,9.99670e-01,8.51773e-01
5.766376978e+00,1.17892e-38,9.99999e-01,1.45755e-38,9.99676e-01,8.09101e-01
5.795208863e+00,2.41063e-28,9.99999e-01,3.19123e-28,9.99683e-01,7.55632e-01
5.824184907e+00,1.39551e-20,9.99999e-01,2.03389e-20,9.99689e-01,6.86339e-01
5.853305832e+00,4.93123e-21,9.99999e-01,8.10880e-21,9.99695e-01,6.08317e-01
5.882572361e+00,1.22256e-24,9.99999e-01,2.35993e-24,9.99701e-01,5.18203e-01
5.911985223e+00,1.71426e-21,9.99999e-01,4.08515e-21,9.99707e-01,4.19754e-01
5.941545149e+00,4.67236e-12,9.99999e-01,1.44477e-11,9.99713e-01,3.23490e-01
5.971252874e+00,6.00850e-08,9.99999e-01,2.67365e-07,9.99718e-01,2.24793e-01
6.001109139e+00,1.27296e-06,9.99999e-01,9.13938e-06,9.99724e-01,1.39321e-01
6.031114685e+00,1.42064e-07,9.99999e-01,1.84226e-06,9.99729e-01,7.71349e-02
6.061270258e+00,4.89859e-10,9.99999e-01,1.37066e-08,9.99735e-01,3.57484e-02
6.091576609e+00,1.08861e-13,9.99999e-01,8.92169e-12,9.99740e-01,1.22050e-02
6.122034492e+00,9.91769e-18,9.99999e-01,3.33415e-15,9.99745e-01,2.97533e-03
6.152644665e+00,1.46247e-23,9.99999e-01,2.81372e-20,9.99750e-01,5.19894e-04
6.183407888e+00,1.16041e-27,9.99999e-01,2.15303e-23,9.99755e-01,5.39097e-05
6.214324928e+00,3.10968e-30,9.99999e-01,1.09245e-24,9.99760e-01,2.84719e-06
6.245396552e+00,1.97428e-26,9.99999e-01,3.13549e-19,9.99764e-01,6.29804e-08
6.276623535e+00,1.49447e-26,9.99999e-01,3.26834e-17,9.99769e-01,4.57362e-10
6.308006653e+00,2.14853e-30,9.99999e-01,2.66116e-18,9.99774e-01,8.07548e-13
6.339546686e+00,6.15900e-40,9.99999e-01,2.51650e-24,9.99778e-01,2.44799e-16
6.371244419e+00,1.25057e-47,9.99999e-01,1.44622e-27,9.99782e-01,8.64899e-21
6.403100641e+00,1.88099e-45,9.99999e-01,3.12697e-20,9.99787e-01,6.01667e-26
6.435116145e+00,2.13604e-41,9.99999e-01,7.24533e-10,9.99791e-01,2.94878e-32
6.467291725e+00,1.97093e-48,9.99999e-01,2.09567e-05,9.99795e-01,9.40669e-44
6.499628184e+00,1.61895e-57,9.99999e-01,7.55665e-03,9.99799e-01,2.14284e-55
6.532126325e+00,1.08878e-69,9.99999e-01,5.87457e-02,9.99803e-01,1.85374e-68
6.564786956e+00,1.76791e-88,9.99999e-01,1.36810e-01,9.99807e-01,1.29249e-87
6.597610891e+00,1.13048e-107,9.99999e-01,1.95027e-01,9.99811e-01,5.79763e-107
6.630598946e+00,5.88680e-135,9.99999e-01,2.40601e-01,9.99814e-01,2.44715e-134
6.663751940e+00,6.51332e-164,9.99999e-01,2.40265e-01,9.99818e-01,2.71137e-163
6.697070700e+00,2.39764e-201,9.99999e-01,1.61846e-01,9.99822e-01,1.48169e-200
6.730556054e+00,1.06252e-240,9.99999e-01,7.77093e-02,9.99825e-01,1.36753e-239
6.764208834e+00,2.03396e-288,9.99999e-01,2.01031e-02,9.99829e-01,1.01194e-286
6.798029878e+00,0.00000e+00,9.99999e-01,2.79693e-03,9.99832e-01,0.00000e+00
6.832020027e+00,0.00000e+00,9.99999e-01,1.16446e-04,9.99835e-01,0.00000e+00
6.866180128e+00,0.00000e+00,9.99999e-01,9.74754e-07,9.99838e-01,0.00000e+00
6.900511028e+00,0.00000e+00,9.99999e-01,1.47643e-09,9.99842e-01,0.00000e+00
6.935013583e+00,0.00000e+00,9.99999e-01,3.50942e-15,9.99845e-01,0.00000e+00
6.969688651e+00,0.00000e+00,9.99999e-01,2.31685e-21,9.99848e-01,0.00000e+00
7.004537095e+00,0.00000e+00,9.99999e-01,3.30274e-33,9.99851e-01,0.00000e+00
7.039559780e+00,0.00000e+00,9.99999e-01,1.12351e-42,9.99854e-01,0.00000e+00
7.074757579e+00,0.00000e+00,9.99999e-01,2.38925e-58,9.99857e-01,0.00000e+00
7.110131367e+00,0.00000e+00,9.99999e-01,7.09738e-68,9.99859e-01,0.00000e+00
7.145682024e+00,0.00000e+00,9.99999e-01,7.40737e-81,9.99862e-01,0.00000e+00
7.181410434e+00,0.00000e+00,9.99999e-01,3.08937e-88,9.99865e-01,0.00000e+00
7.217317486e+00,0.00000e+00,9.99999e-01,1.46799e-92,9.99867e-01,0.00000e+00
7.253404073e+00,0.00000e+00,9.99999e-01,2.10497e-91,9.99870e-01,0.00000e+00
7.289671094e+00,0.00000e+00,9.99999e-01,1.18250e-72,9.99873e-01,0.00000e+00
7.326119449e+00,0.00000e+00,9.99999e-01,1.98678e-68,9.99875e-01,0.00000e+00
7.362750046e+00,0.00000e+00,9.99999e-01,1.63929e-74,9.99878e-01,0.00000e+00
7.399563797e+00,0.00000e+00,9.99999e-01,5.26703e-74,9.99880e-01,0.00000e+00
7.436561616e+00,0.00000e+00,9.99999e-01,8.96302e-62,9.99882e-01,0.00000e+00
7.473744424e+00,0.00000e+00,9.99999e-01,5.77641e-41,9.99885e-01,0.00000e+00
7.511113146e+00,0.00000e+00,9.99999e-01,5.27393e-29,9.99887e-01,0.00000e+00
7.548668712e+00,0.00000e+00,9.99999e-01,4.65374e-18,9.99889e-01,0.00000e+00
7.586412055e+00,0.00000e+00,9.99999e-01,6.31012e-15,9.99891e-01,0.00000e+00
7.624344115e+00,0.00000e+00,9.99999e-01,1.73534e-14,9.99893e-01,0.00000e+00
7.662465836e+00,0.00000e+00,9.99999e-01,8.26665e-17,9.99895e-01,0.00000e+00
7.700778165e+00,0.00000e+00,9.99999e-01,1.75865e-22,9.99898e-01,0.00000e+00
7.739282056e+00,0.00000e+00,9.99999e-01,1.53496e-36,9.99900e-01,0.00000e+00
7.777978466e+00,0.00000e+00,9.99999e-01,1.20416e-48,9.99901e-01,0.00000e+00
7.816868359e+00,0.00000e+00,9.99999e-01,2.43722e-65,9.99903e-01,0.00000e+00
7.855952700e+00,0.00000e+00,9.99999e-01,7.21635e-67,9.99905e-01,0.00000e+00
7.895232464e+00,0.00000e+00,9.99999e-01,2.38163e-56,9.99907e-01,0.00000e+00
7.934708626e+00,0.00000e+00,9.99999e-01,9.55217e-52,9.99909e-01,0.00000e+00
7.974382169e+00,0.00000e+00,9.99999e-01,4.39584e-57,9.99911e-01,0.00000e+00
8.014254080e+00,0.00000e+00,9.99999e-01,8.89318e-69,9.99912e-01,0.00000e+00
8.054325351e+00,0.00000e+00,9.99999e-01,3.44605e-70,9.99914e-01,0.00000e+00
8.094596977e+00,0.00000e+00,9.99999e-01,2.30148e-67,9.99916e-01,0.00000e+00
8.135069962e+00,0.00000e+00,9.99999e-01,5.14806e-61,9.99918e-01,0.00000e+00
8.175745312e+00,0.00000e+00,9.99999e-01,1.00096e-50,9.99919e-01,2.26040e-295
8.216624039e+00,2.26993e-273,9.99999e-01,6.84561e-44,9.99921e-01,3.31615e-230
8.257707159e+00,6.89826e-214,9.99999e-01,5.28722e-35,9.99922e-01,1.30480e-179
8.298995695e+00,2.27479e-168,9.99999e-01,1.48366e-31,9.99924e-01,1.53334e-137
8.340490673e+00,1.62434e-132,9.99999e-01,3.79110e-29,9.99925e-01,4.28494e-104
8.382193126e+00,3.81269e-105,9.99999e-01,3.47072e-27,9.99927e-01,1.09861e-78
8.424104092e+00,2.69674e-81,9.99999e-01,3.00477e-22,9.99928e-01,8.97548e-60
8.466224613e+00,2.44743e-62,9.99999e-01,1.67760e-17,9.99930e-01,1.45899e-45
8.508555736e+00,8.49734e-43,9.99999e-01,1.02301e-10,9.99931e-01,8.30675e-33
8.551098514e+00,1.55661e-31,9.99999e-01,1.02630e-07,9.99932e-01,1.51682e-24
8.593854007e+00,5.34406e-26,9.99999e-01,2.58931e-07,9.99934e-01,2.06403e-19
8.636823277e+00,9.31623e-23,9.99999e-01,1.64230e-08,9.99935e-01,5.67303e-15
8.680007393e+00,1.80689e-20,9.99999e-01,1.17708e-09,9.99936e-01,1.53516e-11
8.723407430e+00,1.21908e-18,9.99999e-01,2.79808e-10,9.99937e-01,4.35711e-09
8.767024467e+00,1.50932e-18,9.99999e-01,4.39013e-12,9.99939e-01,3.43819e-07
8.810859590e+00,1.16344e-42,9.99999e-01,8.53815e-38,9.99940e-01,1.36272e-05
8.854913888e+00,5.70813e-132,9.99999e-01,3.14606e-128,9.99941e-01,1.81448e-04
8.899188457e+00,0.00000e+00,9.99999e-01,0.00000e+00,9.99942e-01,1.31794e-03
8.943684399e+00,0.00000e+00,9.99999e-01,0.00000e+00,9.99943e-01,6.90128e-03
8.988402821e+00,0.00000e+00,9.99999e-01,0.00000e+00,9.99944e-01,2.19757e-02
9.033344836e+00,0.00000e+00,9.99999e-01,0.00000e+00,9.99945e-01,5.31292e-02
9.078511560e+00,0.00000e+00,9.99999e-01,0.00000e+00,9.99946e-01,1.05267e-01
9.123904118e+00,0.00000e+00,9.99999e-01,0.00000e+00,9.99947e-01,1.77300e-01
9.169523638e+00,0.00000e+00,9.99999e-01,0.00000e+00,9.99949e-01,2.65406e-01
9.215371256e+00,0.00000e+00,9.99999e-01,0.00000e+00,9.99950e-01,3.60857e-01
9.261448113e+00,0.00000e+00,9.99999e-01,0.00000e+00,9.99950e-01,4.57708e-01
9.307755353e+00,0.00000e+00,9.99999e-01,0.00000e+00,9.99951e-01,5.40933e-01
9.354294130e+00,0.00000e+00,9.99999e-01,0.00000e+00,9.99952e-01,6.23665e-01
9.401065601e+00,0.00000e+00,9.99999e-01,0.00000e+00,9.99953e-01,6.96265e-01
9.448070929e+00,0.00000e+00,9.99999e-01,0.00000e+00,9.99954e-01,7.52259e-01
9.495311283e+00,0.00000e+00,9.99999e-01,0.00000e+00,9.99955e-01,7.99447e-01
9.542787840e+00,0.00000e+00,9.99999e-01,0.00000e+00,9.99956e-01,8.42014e-01
9.590501779e+00,0.00000e+00,9.99999e-01,0.00000e+00,9.99957e-01,8.76481e-01
9.638454288e+00,0.00000e+00,9.99999e-01,0.00000e+00,9.99958e-01,9.01533e-01
9.686646559e+00,0.00000e+00,9.99999e-01,0.00000e+00,9.99958e-01,9.21738e-01
9.735079792e+00,0.00000e+00,9.99999e-01,0.00000e+00,9.99959e-01,9.37934e-01
9.783755191e+00,0.00000e+00,9.99999e-01,0.00000e+00,9.99960e-01,9.50866e-01
9.832673967e+00,0.00000e+00,9.99999e-01,0.00000e+00,9.99961e-01,9.61163e-01
9.881837337e+00,0.00000e+00,9.99999e-01,0.00000e+00,9.99962e-01,9.69332e-01
9.931246523e+00,0.00000e+00,9.99999e-01,0.00000e+00,9.99962e-01,9.76355e-01
9.980902756e+00,0.00000e+00,9.99999e-01,0.00000e+00,9.99963e-01,9.99999e-01
1.003080727e+01,0.00000e+00,9.99999e-01,0.00000e+00,9.99964e-01,9.99999e-01
1.008096131e+01,0.00000e+00,9.99999e-01,0.00000e+00,9.99964e-01,9.99999e-01
1.013136611e+01,0.00000e+00,9.99999e-01,0.00000e+00,9.99965e-01,9.99999e-01
1.018202294e+01,0.00000e+00,9.99999e-01,0.00000e+00,9.99966e-01,9.99999e-01
1.023293306e+01,0.00000e+00,9.99999e-01,0.00000e+00,9.99966e-01,9.99999e-01
1.028409772e+01,0.00000e+00,9.99999e-01,0.00000e+00,9.99967e-01,9.99999e-01
1.033551821e+01,0.00000e+00,9.99999e-01,0.00000e+00,9.99968e-01,9.99999e-01
1.038719580e+01,0.00000e+00,9.99999e-01,0.00000e+00,9.99968e-01,9.99999e-01
1.043913178e+01,0.00000e+00,9.99999e-01,0.00000e+00,9.99969e-01,9.99999e-01
1.049132744e+01,0.00000e+00,9.99999e-01,0.00000e+00,9.99970e-01,9.99999e-01
1.054378408e+01,0.00000e+00,9.99999e-01,0.00000e+00,9.99970e-01,9.99999e-01
1.059650300e+01,0.00000e+00,9.99999e-01,0.00000e+00,9.99971e-01,9.99999e-01
1.064948551e+01,0.00000e+00,9.99999e-01,0.00000e+00,9.99971e-01,9.99999e-01
1.070273294e+01,0.00000e+00,9.99999e-01,0.00000e+00,9.99972e-01,9.99999e-01
1.075624661e+01,0.00000e+00,9.99999e-01,0.00000e+00,9.99972e-01,9.99999e-01
1.081002784e+01,0.00000e+00,9.99999e-01,0.00000e+00,9.99973e-01,9.99999e-01
1.086407798e+01,0.00000e+00,9.99999e-01,0.00000e+00,9.99973e-01,9.99999e-01
1.091839837e+01,0.00000e+00,9.99999e-01,0.00000e+00,9.99974e-01,9.99999e-01
1.097299036e+01,0.00000e+00,9.99999e-01,0.00000e+00,9.99974e-01,9.99999e-01
1.102785531e+01,0.00000e+00,9.99999e-01,0.00000e+00,9.99975e-01,9.99999e-01
1.108299459e+01,0.00000e+00,9.99999e-01,0.00000e+00,9.99975e-01,9.99999e-01
1.113840956e+01,0.00000e+00,9.99999e-01,0.00000e+00,9.99976e-01,9.99999e-01
1.119410161e+01,0.00000e+00,9.99999e-01,0.00000e+00,9.99976e-01,9.99999e-01
1.125007212e+01,0.00000e+00,9.99999e-01,0.00000e+00,9.99977e-01,9.99999e-01
1.130632248e+01,0.00000e+00,9.99999e-01,0.00000e+00,9.99977e-01,9.99999e-01
1.136285409e+01,0.00000e+00,9.99999e-01,0.00000e+00,9.99978e-01,9.99999e-01
1.141966836e+01,0.00000e+00,9.99999e-01,0.00000e+00,9.99978e-01,9.99999e-01
1.147676670e+01,0.00000e+00,9.99999e-01,0.00000e+00,9.99978e-01,9.99999e-01
1.153415054e+01,0.00000e+00,9.99999e-01,0.00000e+00,9.99979e-01,9.99999e-01
1.159182129e+01,0.00000e+00,9.99999e-01,0.00000e+00,9.99979e-01,9.99999e-01
1.164978039e+01,0.00000e+00,9.99999e-01,0.00000e+00,9.99980e-01,9.99999e-01
1.170802930e+01,0.00000e+00,9.99999e-01,0.00000e+00,9.99980e-01,9.99999e-01
1.176656944e+01,0.00000e+00,9.99999e-01,0.00000e+00,9.99980e-01,9.99999e-01
1.182540229e+01,0.00000e+00,9.99999e-01,0.00000e+00,9.99981e-01,9.99999e-01
1.188452930e+01,0.00000e+00,9.99999e-01,0.00000e+00,9.99981e-01,9.99999e-01
1.194395195e+01,0.00000e+00,9.99999e-01,0.00000e+00,9.99981e-01,9.99999e-01
1.200367171e+01,0.00000e+00,9.99999e-01,0.00000e+00,9.99982e-01,9.99999e-01
1.206369007e+01,0.00000e+00,9.99999e-01,0.00000e+00,9.99982e-01,9.99999e-01
1.212400852e+01,0.00000e+00,9.99999e-01,0.00000e+00,9.99982e-01,9.99999e-01
1.218462856e+01,0.00000e+00,9.99999e-01,0.00000e+00,9.99983e-01,9.99999e-01
1.224555170e+01,0.00000e+00,9.99999e-01,0.00000e+00,9.99983e-01,9.99999e-01
1.230677946e+01,0.00000e+00,9.99999e-01,0.00000e+00,9.99983e-01,9.99999e-01
1.236831336e+01,0.00000e+00,9.99999e-01,0.00000e+00,9.99984e-01,9.99999e-01
1.243015492e+01,0.00000e+00,9.99999e-01,0.00000e+00,9.99984e-01,9.99999e-01
1.249230570e+01,0.00000e+00,9.99999e-01,0.00000e+00,9.99984e-01,9.99999e-01
1.255476723e+01,0.00000e+00,9.99999e-01,0.00000e+00,9.99985e-01,9.99999e-01
1.261754106e+01,0.00000e+00,9.99999e-01,0.00000e+00,9.99985e-01,9.99999e-01
1.268062877e+01,0.00000e+00,9.99999e-01,0.00000e+00,9.99985e-01,9.99999e-01
1.274403191e+01,0.00000e+00,9.99999e-01,0.00000e+00,9.99985e-01,9.99999e-01
1.280775207e+01,0.00000e+00,9.99999e-01,0.00000e+00,9.99986e-01,9.99999e-01
1.287179083e+01,0.00000e+00,9.99999e-01,0.00000e+00,9.99986e-01,9.99999e-01
1.293614979e+01,0.00000e+00,9.99999e-01,0.00000e+00,9.99986e-01,9.99999e-01
1.300083054e+01,0.00000e+00,9.99999e-01,0.00000e+00,9.99987e-01,9.99999e-01
1.306583469e+01,0.00000e+00,9.99999e-01,0.00000e+00,9.99987e-01,9.99999e-01
1.313116386e+01,0.00000e+00,9.99999e-01,0.00000e+00,9.99987e-01,9.99999e-01
1.319681968e+01,0.00000e+00,9.99999e-01,0.00000e+00,9.99987e-01,9.99999e-01
1.326280378e+01,0.00000e+00,9.99999e-01,0.00000e+00,9.99987e-01,9.99999e-01
1.332911780e+01,0.00000e+00,9.99999e-01,0.00000e+00,9.99988e-01,9.99999e-01
1.339576339e+01,0.00000e+00,9.99999e-01,0.00000e+00,9.99988e-01,9.93703e-01
1.346274221e+01,0.00000e+00,9.99999e-01,0.00000e+00,9.99988e-01,9.93057e-01
1.353005592e+01,0.00000e+00,9.99999e-01,0.00000e+00,9.99988e-01,9.92346e-01
1.359770620e+01,0.00000e+00,9.99999e-01,0.00000e+00,9.99989e-01,9.91665e-01
1.366569473e+01,0.00000e+00,9.99999e-01,0.00000e+00,9.99989e-01,9.90921e-01
1.373402320e+01,0.00000e+00,9.99999e-01,0.00000e+00,9.99989e-01,9.89992e-01
1.380269332e+01,0.00000e+00,9.99999e-01,0.00000e+00,9.99989e-01,9.89104e-01
1.387170678e+01,0.00000e+00,9.99999e-01,0.00000e+00,9.99989e-01,9.88133e-01
1.394106532e+01,0.00000e+00,9.99999e-01,0.00000e+00,9.99990e-01,9.87081e-01
1.401077064e+01,0.00000e+00,9.99999e-01,0.00000e+00,9.99990e-01,9.85932e-01
1.408082450e+01,0.00000e+00,9.99999e-01,0.00000e+00,9.99990e-01,9.84686e-01
1.415122862e+01,0.00000e+00,9.99999e-01,0.00000e+00,9.99990e-01,9.83326e-01
1.422198476e+01,0.00000e+00,9.99999e-01,0.00000e+00,9.99990e-01,9.81856e-01
1.429309469e+01,0.00000e+00,9.99999e-01,0.00000e+00,9.99990e-01,9.80246e-01
1.436456016e+01,0.00000e+00,9.99999e-01,0.00000e+00,9.99991e-01,9.78503e-01
1.443638296e+01,0.00000e+00,9.99999e-01,0.00000e+00,9.99991e-01,9.76603e-01
1.450856487e+01,0.00000e+00,9.99999e-01,0.00000e+00,9.99991e-01,9.74541e-01
1.458110770e+01,0.00000e+00,9.99999e-01,0.00000e+00,9.99991e-01,9.72296e-01
1.465401324e+01,0.00000e+00,9.99999e-01,0.00000e+00,9.99991e-01,9.69865e-01
1.472728330e+01,0.00000e+00,9.99999e-01,0.00000e+00,9.99991e-01,9.67609e-01
1.480091972e+01,0.00000e+00,9.99999e-01,0.00000e+00,9.99992e-01,9.64765e-01
1.487492432e+01,0.00000e+00,9.99999e-01,0.00000e+00,9.99992e-01,9.61687e-01
1.494929894e+01,0.00000e+00,9.99999e-01,0.00000e+00,9.99992e-01,9.58336e-01
1.502404544e+01,0.00000e+00,9.99999e-01,0.00000e+00,9.99992e-01,9.54715e-01
1.509916566e+01,0.00000e+00,9.99999e-01,0.00000e+00,9.99992e-01,9.51356e-01
1.517466149e+01,0.00000e+00,9.99999e-01,0.00000e+00,9.99992e-01,9.47762e-01
1.525053480e+01,0.00000e+00,9.99999e-01,0.00000e+00,9.99992e-01,9.43225e-01
1.532678747e+01,0.00000e+00,9.99999e-01,0.00000e+00,9.99993e-01,9.38336e-01
1.540342141e+01,0.00000e+00,9.99999e-01,0.00000e+00,9.99993e-01,9.33812e-01
1.548043852e+01,0.00000e+00,9.99999e-01,0.00000e+00,9.99993e-01,9.28969e-01
1.555784071e+01,0.00000e+00,9.99999e-01,0.00000e+00,9.99993e-01,9.22880e-01
1.563562991e+01,0.00000e+00,9.99999e-01,0.00000e+00,9.99993e-01,9.16320e-01
1.571380806e+01,0.00000e+00,9.99999e-01,0.00000e+00,9.99993e-01,9.10271e-01
1.579237710e+01,0.00000e+00,9.99999e-01,0.00000e+00,9.99993e-01,9.03797e-01
1.587133899e+01,0.00000e+00,9.99999e-01,0.00000e+00,9.99993e-01,8.96891e-01
1.595069568e+01,0.00000e+00,9.99999e-01,0.00000e+00,9.99993e-01,8.89526e-01
1.603044916e+01,0.00000e+00,9.99999e-01,0.00000e+00,9.99994e-01,8.80292e-01
1.611060141e+01,0.00000e+00,9.99999e-01,0.00000e+00,9.99994e-01,8.70384e-01
1.619115441e+01,0.00000e+00,9.99999e-01,0.00000e+00,9.99994e-01,8.61275e-01
1.627211019e+01,0.00000e+00,9.99999e-01,0.00000e+00,9.99994e-01,8.51592e-01
1.635347074e+01,0.00000e+00,9.99999e-01,0.00000e+00,9.99994e-01,8.41297e-01
1.643523809e+01,0.00000e+00,9.99999e-01,0.00000e+00,9.99994e-01,8.30362e-01
1.651741428e+01,0.00000e+00,9.99999e-01,0.00000e+00,9.99994e-01,8.18751e-01
1.660000135e+01,0.00000e+00,9.99999e-01,0.00000e+00,9.99994e-01,8.06500e-01
1.668300136e+01,0.00000e+00,9.99999e-01,0.00000e+00,9.99994e-01,7.93470e-01
1.676641637e+01,0.00000e+00,9.99999e-01,0.00000e+00,9.99994e-01,7.79708e-01
1.685024845e+01,0.00000e+00,9.99999e-01,0.00000e+00,9.99995e-01,7.65166e-01
1.693449969e+01,0.00000e+00,9.99999e-01,0.00000e+00,9.99995e-01,7.49844e-01
1.701917219e+01,0.00000e+00,9.99999e-01,0.00000e+00,9.99995e-01,7.33710e-01
1.710426805e+01,0.00000e+00,9.99999e-01,0.00000e+00,9.99995e-01,7.16753e-01
1.718978939e+01,0.00000e+00,9.99999e-01,0.00000e+00,9.99995e-01,7.01996e-01
1.727573834e+01,0.00000e+00,9.99999e-01,0.00000e+00,9.99995e-01,6.86625e-01
1.736211703e+01,0.00000e+00,9.99999e-01,0.00000e+00,9.99995e-01,6.67437e-01
1.744892761e+01,0.00000e+00,9.99999e-01,0.00000e+00,9.99995e-01,6.47356e-01
1.753617225e+01,0.00000e+00,9.99999e-01,0.00000e+00,9.99995e-01,6.26471e-01
1.762385311e+01,0.00000e+00,9.99999e-01,0.00000e+00,9.99995e-01,6.04776e-01
1.771197238e+01,0.00000e+00,9.99999e-01,0.00000e+00,9.99995e-01,5.82277e-01
1.780053224e+01,0.00000e+00,9.99999e-01,0.00000e+00,9.99995e-01,5.62980e-01
1.788953490e+01,0.00000e+00,9.99999e-01,0.00000e+00,9.99996e-01,5.43155e-01
1.797898258e+01,0.00000e+00,9.99999e-01,0.00000e+00,9.99996e-01,5.18737e-01
1.806887749e+01,0.00000e+00,9.99999e-01,0.00000e+00,9.99996e-01,4.93723e-01
1.815922188e+01,0.00000e+00,9.99999e-01,0.00000e+00,9.99996e-01,4.72498e-01
1.825001799e+01,0.00000e+00,9.99999e-01,0.00000e+00,9.99996e-01,4.50915e-01
1.834126808e+01,0.00000e+00,9.99999e-01,0.00000e+00,9.99996e-01,4.24699e-01
1.843297442e+01,0.00000e+00,9.99999e-01,0.00000e+00,9.99996e-01,3.98233e-01
1.852513929e+01,0.00000e+00,9.99999e-01,0.00000e+00,9.99996e-01,3.76098e-01
1.861776499e+01,0.00000e+00,9.99999e-01,0.00000e+00,9.99996e-01,3.53858e-01
1.871085381e+01,0.00000e+00,9.99999e-01,0.00000e+00,9.99996e-01,3.27297e-01
1.880440808e+01,0.00000e+00,9.99999e-01,0.00000e+00,9.99996e-01,3.05382e-01
1.889843012e+01,0.00000e+00,9.99999e-01,0.00000e+00,9.99996e-01,2.83640e-01
1.899292227e+01,0.00000e+00,9.99999e-01,0.00000e+00,9.99996e-01,2.58075e-01
1.908788688e+01,0.00000e+00,9.99999e-01,0.00000e+00,9.99996e-01,2.37302e-01
1.918332632e+01,0.00000e+00,9.99999e-01,0.00000e+00,9.99996e-01,2.16990e-01
1.927924295e+01,0.00000e+00,9.99999e-01,0.00000e+00,9.99996e-01,1.97410e-01
1.937563916e+01,0.00000e+00,9.99999e-01,0.00000e+00,9.99996e-01,1.78463e-01
1.947251736e+01,0.00000e+00,9.99999e-01,0.00000e+00,9.99997e-01,1.60418e-01
1.956987994e+01,0.00000e+00,9.99999e-01,0.00000e+00,9.99997e-01,1.43203e-01
1.966772934e+01,0.00000e+00,9.99999e-01,0.00000e+00,9.99997e-01,1.23810e-01
1.976606799e+01,0.00000e+00,9.99999e-01,0.00000e+00,9.99997e-01,1.08824e-01
1.986489833e+01,0.00000e+00,9.99999e-01,0.00000e+00,9.99997e-01,9.48520e-02
1.996422282e+01,0.00000e+00,9.99999e-01,0.00000e+00,9.99997e-01,8.20524e-02
